랭킹 카테고리,순위,브랜드명,상품명,링크
전체,1,메디힐,[6년연속1위] 메디힐 에센셜 마스크팩 1매 6종 택1,https://www.oliveyoung.co.kr/store/goods/getGoodsDetail.do?goodsNo=A000000160659&dispCatNo=90000010009&trackingCd=Best_Sellingbest&t_page=랭킹&t_click=판매랭킹_전체_상품상세&t_number=1
전체,2,브링그린,브링그린 프레시마스크 1매 5종,https://www.oliveyoung.co.kr/store/goods/getGoodsDetail.do?goodsNo=A000000185111&dispCatNo=90000010009&trackingCd=Best_Sellingbest&t_page=랭킹&t_click=판매랭킹_전체_상품상세&t_number=2
전체,3,어바웃톤,[레오제이 자문협업/NEW컬러] 어바웃톤 블러 파우더 팩트(단품),https://www.oliveyoung.co.kr/store/goods/getGoodsDetail.do?goodsNo=A000000166442&dispCatNo=90000010009&trackingCd=Best_Sellingbest&t_page=랭킹&t_click=판매랭킹_전체_상품상세&t_number=3
전체,4,라로슈포제,라로슈포제 NEW 시카플라스트 밤B5+ 100ml 기획(+시카밤 3ml * 2 증정),https://www.oliveyoung.co.kr/store/goods/getGoodsDetail.do?goodsNo=A000000190425&dispCatNo=90000010009&trackingCd=Best_Sellingbest&t_page=랭킹&t_click=판매랭킹_전체_상품상세&t_number=4
전체,5,크리니크,크리니크 래쉬 파워 마스카라 블랙 1+1 기획,https://www.oliveyoung.co.kr/store/goods/getGoodsDetail.do?goodsNo=A000000202789&dispCatNo=90000010009&trackingCd=Best_Sellingbest&t_page=랭킹&t_click=판매랭킹_전체_상품상세&t_number=5
전체,6,바이브랩,[4월 올영픽/홍현희 PICK] 바이브랩 리바이브 테라피 헤어 스칼프 앤 브로우 앰플 더블기획,https://www.oliveyoung.co.kr/store/goods/getGoodsDetail.do?goodsNo=A000000202370&dispCatNo=90000010009&trackingCd=Best_Sellingbest&t_page=랭킹&t_click=판매랭킹_전체_상품상세&t_number=6
전체,7,투쿨포스쿨,[4월 올영픽/단독기획] 투쿨포스쿨 프로타주 펜슬 (+아이글리츠 증정),https://www.oliveyoung.co.kr/store/goods/getGoodsDetail.do?goodsNo=A000000120656&dispCatNo=90000010009&trackingCd=Best_Sellingbest&t_page=랭킹&t_click=판매랭킹_전체_상품상세&t_number=7
전체,8,하트퍼센트,하트퍼센트 도트 온 무드 립펜슬 20colors,https://www.oliveyoung.co.kr/store/goods/getGoodsDetail.do?goodsNo=A000000174066&dispCatNo=90000010009&trackingCd=Best_Sellingbest&t_page=랭킹&t_click=판매랭킹_전체_상품상세&t_number=8
전체,9,투크,[4월 올영픽/아이프라이머 증정] 투크 워터프루프 슬림 아이라이너 10colors (기획/단품),https://www.oliveyoung.co.kr/store/goods/getGoodsDetail.do?goodsNo=A000000185046&dispCatNo=90000010009&trackingCd=Best_Sellingbest&t_page=랭킹&t_click=판매랭킹_전체_상품상세&t_number=9
전체,10,프리너,프리너 생리대 4종 택1 (중형 / 대형 / 오버나이트 / 팬티라이너),https://www.oliveyoung.co.kr/store/goods/getGoodsDetail.do?goodsNo=A000000201261&dispCatNo=90000010009&trackingCd=Best_Sellingbest&t_page=랭킹&t_click=판매랭킹_전체_상품상세&t_number=10
전체,11,웨이크메이크,[블러링팟증정기획] 웨이크메이크 워터 블러링 픽싱 틴트 15COLOR (단품/기획),https://www.oliveyoung.co.kr/store/goods/getGoodsDetail.do?goodsNo=A000000187206&dispCatNo=90000010009&trackingCd=Best_Sellingbest&t_page=랭킹&t_click=판매랭킹_전체_상품상세&t_number=11
전체,12,메디힐,[31관왕] 메디힐 마데카소사이드 흔적 패드 100매 (+100매 더블증정 기획),https://www.oliveyoung.co.kr/store/goods/getGoodsDetail.do?goodsNo=A000000171427&dispCatNo=90000010009&trackingCd=Best_Sellingbest&t_page=랭킹&t_click=판매랭킹_전체_상품상세&t_number=12
전체,13,구달,[고윤정PICK/한정기획]구달 청귤 비타C 잡티케어 세럼 30ml 트리플기획(30ml*3ea),https://www.oliveyoung.co.kr/store/goods/getGoodsDetail.do?goodsNo=A000000200339&dispCatNo=90000010009&trackingCd=Best_Sellingbest&t_page=랭킹&t_click=판매랭킹_전체_상품상세&t_number=13
전체,14,롬앤,[4월 올영픽/NEW][2023 어워즈/1위틴트] 롬앤 쥬시 래스팅 틴트,https://www.oliveyoung.co.kr/store/goods/getGoodsDetail.do?goodsNo=A000000125955&dispCatNo=90000010009&trackingCd=Best_Sellingbest&t_page=랭킹&t_click=판매랭킹_전체_상품상세&t_number=14
전체,15,아이소이,[1+1최초기획/총60ml대용량] 아이소이 잡티세럼 30ml 1+1 한정기획(30ml+30ml),https://www.oliveyoung.co.kr/store/goods/getGoodsDetail.do?goodsNo=A000000202964&dispCatNo=90000010009&trackingCd=Best_Sellingbest&t_page=랭킹&t_click=판매랭킹_전체_상품상세&t_number=15
전체,16,웨이크메이크,[미연포카증정 대상상품] 웨이크메이크 소프트 블러링 아이팔레트 17 COLOR (기획/단품),https://www.oliveyoung.co.kr/store/goods/getGoodsDetail.do?goodsNo=A000000180532&dispCatNo=90000010009&trackingCd=Best_Sellingbest&t_page=랭킹&t_click=판매랭킹_전체_상품상세&t_number=16
전체,17,메디힐,[8관왕 1등] 메디힐 더마 모델링 팩 풀패키지 3종 택1(티트리/마데카소사이드/히알루론산),https://www.oliveyoung.co.kr/store/goods/getGoodsDetail.do?goodsNo=A000000202914&dispCatNo=90000010009&trackingCd=Best_Sellingbest&t_page=랭킹&t_click=판매랭킹_전체_상품상세&t_number=17
전체,18,토리든,토리든 다이브인 저분자 히알루론산 마스크 1매,https://www.oliveyoung.co.kr/store/goods/getGoodsDetail.do?goodsNo=A000000158750&dispCatNo=90000010009&trackingCd=Best_Sellingbest&t_page=랭킹&t_click=판매랭킹_전체_상품상세&t_number=18
전체,19,딜라이트 프로젝트,딜라이트 프로젝트 곤약워터젤리 5종 택1,https://www.oliveyoung.co.kr/store/goods/getGoodsDetail.do?goodsNo=A000000154194&dispCatNo=90000010009&trackingCd=Best_Sellingbest&t_page=랭킹&t_click=판매랭킹_전체_상품상세&t_number=19
전체,20,포맨트,포맨트 올인원 퍼퓸샤워 500ml (3종 택1),https://www.oliveyoung.co.kr/store/goods/getGoodsDetail.do?goodsNo=A000000167168&dispCatNo=90000010009&trackingCd=Best_Sellingbest&t_page=랭킹&t_click=판매랭킹_전체_상품상세&t_number=20
전체,21,어노브,[헤어케어 1위] 어노브 대용량 딥 데미지 트리트먼트 EX 더블/듀오 기획 3종 택1(텐더블룸/웜페탈),https://www.oliveyoung.co.kr/store/goods/getGoodsDetail.do?goodsNo=A000000171423&dispCatNo=90000010009&trackingCd=Best_Sellingbest&t_page=랭킹&t_click=판매랭킹_전체_상품상세&t_number=21
전체,22,정샘물,[4월 올영픽/미니쿠션 최초 증정]정샘물 에센셜 스킨 누더 쿠션 기획(본품+리필+미니쿠션+퍼프1P),https://www.oliveyoung.co.kr/store/goods/getGoodsDetail.do?goodsNo=A000000139063&dispCatNo=90000010009&trackingCd=Best_Sellingbest&t_page=랭킹&t_click=판매랭킹_전체_상품상세&t_number=22
전체,23,성분에디터,[홍현희PICK][2023어워즈/모공앰플] 성분에디터 그린토마토 포어 리프팅 앰플 플러스 30ml 더블 기획,https://www.oliveyoung.co.kr/store/goods/getGoodsDetail.do?goodsNo=A000000188240&dispCatNo=90000010009&trackingCd=Best_Sellingbest&t_page=랭킹&t_click=판매랭킹_전체_상품상세&t_number=23
전체,24,한율,한율 어린쑥 수분진정 크림 55ml 1+1 기획 (+패드2매+띠부씰6종) (이슬로),https://www.oliveyoung.co.kr/store/goods/getGoodsDetail.do?goodsNo=A000000202382&dispCatNo=90000010009&trackingCd=Best_Sellingbest&t_page=랭킹&t_click=판매랭킹_전체_상품상세&t_number=24
전체,25,라운드랩,[한정기획] 라운드랩 자작나무 수분 선크림 50ml 1+1 기획,https://www.oliveyoung.co.kr/store/goods/getGoodsDetail.do?goodsNo=A000000171650&dispCatNo=90000010009&trackingCd=Best_Sellingbest&t_page=랭킹&t_click=판매랭킹_전체_상품상세&t_number=25
전체,26,일소,"[로운PICK] 일소 슈퍼 멜팅 세범 소프트너 150ml 기획 (+솜 40매 증정,피지연화제)",https://www.oliveyoung.co.kr/store/goods/getGoodsDetail.do?goodsNo=A000000192568&dispCatNo=90000010009&trackingCd=Best_Sellingbest&t_page=랭킹&t_click=판매랭킹_전체_상품상세&t_number=26
전체,27,롬앤,[4월 올영픽/NEW] 롬앤 글래스팅 컬러 글로스,https://www.oliveyoung.co.kr/store/goods/getGoodsDetail.do?goodsNo=A000000197231&dispCatNo=90000010009&trackingCd=Best_Sellingbest&t_page=랭킹&t_click=판매랭킹_전체_상품상세&t_number=27
전체,28,스킨푸드,"[1등패드] 스킨푸드 캐롯 카로틴 카밍 워터 패드 60매 (+10매, 캐롯시트 1매 증정)",https://www.oliveyoung.co.kr/store/goods/getGoodsDetail.do?goodsNo=A000000185132&dispCatNo=90000010009&trackingCd=Best_Sellingbest&t_page=랭킹&t_click=판매랭킹_전체_상품상세&t_number=28
전체,29,비플레인,[4월 올영픽] 비플레인 녹두 약산성 클렌징폼 160ml 더블 기획,https://www.oliveyoung.co.kr/store/goods/getGoodsDetail.do?goodsNo=A000000201653&dispCatNo=90000010009&trackingCd=Best_Sellingbest&t_page=랭킹&t_click=판매랭킹_전체_상품상세&t_number=29
전체,30,딜라이트 프로젝트,[선물추천] 딜라이트 프로젝트 베이글칩 5종 컬렉션,https://www.oliveyoung.co.kr/store/goods/getGoodsDetail.do?goodsNo=A000000170775&dispCatNo=90000010009&trackingCd=Best_Sellingbest&t_page=랭킹&t_click=판매랭킹_전체_상품상세&t_number=30
전체,31,아이디얼포맨,[5년연속1위]아이디얼 포 맨 퍼펙트 올인원 어워즈 한정 기획,https://www.oliveyoung.co.kr/store/goods/getGoodsDetail.do?goodsNo=A000000192486&dispCatNo=90000010009&trackingCd=Best_Sellingbest&t_page=랭킹&t_click=판매랭킹_전체_상품상세&t_number=31
전체,32,토리든,[단독기획] 토리든 다이브인 저분자 히알루론산 세럼 50ml 리필기획(+리필팩 50ml),https://www.oliveyoung.co.kr/store/goods/getGoodsDetail.do?goodsNo=A000000189261&dispCatNo=90000010009&trackingCd=Best_Sellingbest&t_page=랭킹&t_click=판매랭킹_전체_상품상세&t_number=32
전체,33,메디힐,메디힐 마데카소사이드 에센셜 마스크 1매,https://www.oliveyoung.co.kr/store/goods/getGoodsDetail.do?goodsNo=A000000160666&dispCatNo=90000010009&trackingCd=Best_Sellingbest&t_page=랭킹&t_click=판매랭킹_전체_상품상세&t_number=33
전체,34,크리니크,[4월 올영픽] 크리니크 치크 팝 단품/ 기획 택 1,https://www.oliveyoung.co.kr/store/goods/getGoodsDetail.do?goodsNo=A000000158991&dispCatNo=90000010009&trackingCd=Best_Sellingbest&t_page=랭킹&t_click=판매랭킹_전체_상품상세&t_number=34
전체,35,에스네이처,[4월 올영픽/후니언 PICK] 에스네이처 아쿠아 스쿠알란 수분크림 60ml 더블 기획 (+카밍패드 2매),https://www.oliveyoung.co.kr/store/goods/getGoodsDetail.do?goodsNo=A000000202894&dispCatNo=90000010009&trackingCd=Best_Sellingbest&t_page=랭킹&t_click=판매랭킹_전체_상품상세&t_number=35
전체,36,스너글,[NEW] 스너글 캡슐세제 13개입 2종 택1 (허거블 코튼/블루스파클 플러스),https://www.oliveyoung.co.kr/store/goods/getGoodsDetail.do?goodsNo=A000000197494&dispCatNo=90000010009&trackingCd=Best_Sellingbest&t_page=랭킹&t_click=판매랭킹_전체_상품상세&t_number=36
전체,37,에이프릴스킨,에이프릴스킨 히어로 쿠션 (리필 증정),https://www.oliveyoung.co.kr/store/goods/getGoodsDetail.do?goodsNo=A000000163765&dispCatNo=90000010009&trackingCd=Best_Sellingbest&t_page=랭킹&t_click=판매랭킹_전체_상품상세&t_number=37
전체,38,VT,[아랑Pick] VT 리들샷 100 에센스 50ml,https://www.oliveyoung.co.kr/store/goods/getGoodsDetail.do?goodsNo=A000000183731&dispCatNo=90000010009&trackingCd=Best_Sellingbest&t_page=랭킹&t_click=판매랭킹_전체_상품상세&t_number=38
전체,39,테라브레스,[4월 올영PICK] 테라브레스 오랄린스 패밀리사이즈 1L+150ml 기획 (12ml*5ea 증정) 중 택1,https://www.oliveyoung.co.kr/store/goods/getGoodsDetail.do?goodsNo=A000000191392&dispCatNo=90000010009&trackingCd=Best_Sellingbest&t_page=랭킹&t_click=판매랭킹_전체_상품상세&t_number=39
전체,40,VT,VT 리들샷 300 에센스 50ml,https://www.oliveyoung.co.kr/store/goods/getGoodsDetail.do?goodsNo=A000000189544&dispCatNo=90000010009&trackingCd=Best_Sellingbest&t_page=랭킹&t_click=판매랭킹_전체_상품상세&t_number=40
전체,41,에스트라,[NEW] 에스트라 아토베리어365 크림 80ml 더블 기획,https://www.oliveyoung.co.kr/store/goods/getGoodsDetail.do?goodsNo=A000000199473&dispCatNo=90000010009&trackingCd=Best_Sellingbest&t_page=랭킹&t_click=판매랭킹_전체_상품상세&t_number=41
전체,42,닥터자르트,[4월 올영픽] 닥터자르트 시카페어 인텐시브 수딩 리페어 크림 50ml 1+1 기획,https://www.oliveyoung.co.kr/store/goods/getGoodsDetail.do?goodsNo=A000000202358&dispCatNo=90000010009&trackingCd=Best_Sellingbest&t_page=랭킹&t_click=판매랭킹_전체_상품상세&t_number=42
전체,43,스킨유,[올영픽/슈야샤워볼증정] 스킨유 잔향코팅 퍼퓸샤워젤 500g 6종 택 1,https://www.oliveyoung.co.kr/store/goods/getGoodsDetail.do?goodsNo=A000000169834&dispCatNo=90000010009&trackingCd=Best_Sellingbest&t_page=랭킹&t_click=판매랭킹_전체_상품상세&t_number=43
전체,44,클리오,클리오 샤프 쏘 심플 워터프루프 펜슬라이너,https://www.oliveyoung.co.kr/store/goods/getGoodsDetail.do?goodsNo=A000000198343&dispCatNo=90000010009&trackingCd=Best_Sellingbest&t_page=랭킹&t_click=판매랭킹_전체_상품상세&t_number=44
전체,45,아이소이,[1+1한정기획] 아이소이 장수진 수분크림 50ml 1+1 한정기획(50ml+50ml),https://www.oliveyoung.co.kr/store/goods/getGoodsDetail.do?goodsNo=A000000202972&dispCatNo=90000010009&trackingCd=Best_Sellingbest&t_page=랭킹&t_click=판매랭킹_전체_상품상세&t_number=45
전체,46,토르홉,토르홉 사우난지앙 솔트 마스크 90g (+7g 증정기획) (OY단독),https://www.oliveyoung.co.kr/store/goods/getGoodsDetail.do?goodsNo=A000000202947&dispCatNo=90000010009&trackingCd=Best_Sellingbest&t_page=랭킹&t_click=판매랭킹_전체_상품상세&t_number=46
전체,47,퓌,[위드아웃 재입고] 퓌 립앤치크 블러리 푸딩팟 30컬러,https://www.oliveyoung.co.kr/store/goods/getGoodsDetail.do?goodsNo=A000000200332&dispCatNo=90000010009&trackingCd=Best_Sellingbest&t_page=랭킹&t_click=판매랭킹_전체_상품상세&t_number=47
전체,48,더샘,[1등 컨실러] 더샘 커버 퍼펙션 트리플 팟 컨실러 4colors,https://www.oliveyoung.co.kr/store/goods/getGoodsDetail.do?goodsNo=A000000177593&dispCatNo=90000010009&trackingCd=Best_Sellingbest&t_page=랭킹&t_click=판매랭킹_전체_상품상세&t_number=48
전체,49,웨이크메이크,[1+1기획]웨이크메이크 철벽 펜 아이라이너 3color (1+1기획/단품),https://www.oliveyoung.co.kr/store/goods/getGoodsDetail.do?goodsNo=A000000136300&dispCatNo=90000010009&trackingCd=Best_Sellingbest&t_page=랭킹&t_click=판매랭킹_전체_상품상세&t_number=49
전체,50,메디힐,[6년연속1위/단독기획] 메디힐 티트리 에센셜 마스크 10+1매 기획,https://www.oliveyoung.co.kr/store/goods/getGoodsDetail.do?goodsNo=A000000180500&dispCatNo=90000010009&trackingCd=Best_Sellingbest&t_page=랭킹&t_click=판매랭킹_전체_상품상세&t_number=50
전체,51,필리밀리,[4월 올영픽]필리밀리 말랑한조각스펀지(80P),https://www.oliveyoung.co.kr/store/goods/getGoodsDetail.do?goodsNo=A000000184990&dispCatNo=90000010009&trackingCd=Best_Sellingbest&t_page=랭킹&t_click=판매랭킹_전체_상품상세&t_number=51
전체,52,마녀공장,[증정] 마녀공장 퓨어 클렌징 오일 200ml+퓨어폼 20ml,https://www.oliveyoung.co.kr/store/goods/getGoodsDetail.do?goodsNo=A000000158579&dispCatNo=90000010009&trackingCd=Best_Sellingbest&t_page=랭킹&t_click=판매랭킹_전체_상품상세&t_number=52
전체,53,마그랩,[4월 올영픽]마그랩 포 스트레스 글루콘산마그네슘 25ml*10+2입 기획세트,https://www.oliveyoung.co.kr/store/goods/getGoodsDetail.do?goodsNo=A000000189370&dispCatNo=90000010009&trackingCd=Best_Sellingbest&t_page=랭킹&t_click=판매랭킹_전체_상품상세&t_number=53
전체,54,바닐라코,[핑크블라썸에디션] 바닐라코 얼티밋 화이트 쿠션(+리필+퍼프2매)(기획),https://www.oliveyoung.co.kr/store/goods/getGoodsDetail.do?goodsNo=A000000174465&dispCatNo=90000010009&trackingCd=Best_Sellingbest&t_page=랭킹&t_click=판매랭킹_전체_상품상세&t_number=54
전체,55,마르시끄,"[브라이언 PICK] 마르시끄 링클 리페어 주름패치(미간, 팔자, 이마) 3종 택 1",https://www.oliveyoung.co.kr/store/goods/getGoodsDetail.do?goodsNo=A000000181697&dispCatNo=90000010009&trackingCd=Best_Sellingbest&t_page=랭킹&t_click=판매랭킹_전체_상품상세&t_number=55
전체,56,필리밀리,필리밀리 비건페이스타월,https://www.oliveyoung.co.kr/store/goods/getGoodsDetail.do?goodsNo=A000000184961&dispCatNo=90000010009&trackingCd=Best_Sellingbest&t_page=랭킹&t_click=판매랭킹_전체_상품상세&t_number=56
전체,57,라네즈,[한정기획] 라네즈 크림스킨 170ml 리필 기획 (+170ml 리필),https://www.oliveyoung.co.kr/store/goods/getGoodsDetail.do?goodsNo=A000000190280&dispCatNo=90000010009&trackingCd=Best_Sellingbest&t_page=랭킹&t_click=판매랭킹_전체_상품상세&t_number=57
전체,58,아비브,[순한진정] 아비브 약산성 pH 시트 마스크 어성초 핏 1매,https://www.oliveyoung.co.kr/store/goods/getGoodsDetail.do?goodsNo=A000000120688&dispCatNo=90000010009&trackingCd=Best_Sellingbest&t_page=랭킹&t_click=판매랭킹_전체_상품상세&t_number=58
전체,59,웨이크메이크,[미연포카증정 대상상품] 웨이크메이크 스테이 픽서 멀티 컬러 파우더 3COLOR 브러시기획,https://www.oliveyoung.co.kr/store/goods/getGoodsDetail.do?goodsNo=A000000202389&dispCatNo=90000010009&trackingCd=Best_Sellingbest&t_page=랭킹&t_click=판매랭킹_전체_상품상세&t_number=59
전체,60,브링그린,[시원진정] 브링그린 알로에99% 수딩젤 300ml 단품/더블기획(300ml+300ml),https://www.oliveyoung.co.kr/store/goods/getGoodsDetail.do?goodsNo=A000000141845&dispCatNo=90000010009&trackingCd=Best_Sellingbest&t_page=랭킹&t_click=판매랭킹_전체_상품상세&t_number=60
전체,61,라이브오랄스,[4월 올영PICK] 라이브오랄스 퓨어다이아 치아미백제 (2주분),https://www.oliveyoung.co.kr/store/goods/getGoodsDetail.do?goodsNo=A000000192047&dispCatNo=90000010009&trackingCd=Best_Sellingbest&t_page=랭킹&t_click=판매랭킹_전체_상품상세&t_number=61
전체,62,낫포유,[6년 연속 1위] 낫포유 클리어 바디미스트 200ml,https://www.oliveyoung.co.kr/store/goods/getGoodsDetail.do?goodsNo=A000000167213&dispCatNo=90000010009&trackingCd=Best_Sellingbest&t_page=랭킹&t_click=판매랭킹_전체_상품상세&t_number=62
전체,63,컬러그램,[NEW 컬러추가] 컬러그램 음영 창조 라이너 5 COLOR,https://www.oliveyoung.co.kr/store/goods/getGoodsDetail.do?goodsNo=A000000162103&dispCatNo=90000010009&trackingCd=Best_Sellingbest&t_page=랭킹&t_click=판매랭킹_전체_상품상세&t_number=63
전체,64,힌스,[최혜선PICK/단독선런칭] 힌스 로 글로우 젤 틴트,https://www.oliveyoung.co.kr/store/goods/getGoodsDetail.do?goodsNo=A000000202912&dispCatNo=90000010009&trackingCd=Best_Sellingbest&t_page=랭킹&t_click=판매랭킹_전체_상품상세&t_number=64
전체,65,토니모리,[하루 특가][NEW] 토니모리 겟잇틴트 워터풀버터 13종,https://www.oliveyoung.co.kr/store/goods/getGoodsDetail.do?goodsNo=A000000180567&dispCatNo=90000010009&trackingCd=Best_Sellingbest&t_page=랭킹&t_click=판매랭킹_전체_상품상세&t_number=65
전체,66,퍼셀,퍼셀 20억/mL 픽셀바이옴 원액 20ml,https://www.oliveyoung.co.kr/store/goods/getGoodsDetail.do?goodsNo=A000000200663&dispCatNo=90000010009&trackingCd=Best_Sellingbest&t_page=랭킹&t_click=판매랭킹_전체_상품상세&t_number=66
전체,67,어노브,[2023 어워즈 헤어케어 1위]어노브 딥 데미지 트리트먼트 EX (본품207ml+100ml 추가 증정),https://www.oliveyoung.co.kr/store/goods/getGoodsDetail.do?goodsNo=A000000154169&dispCatNo=90000010009&trackingCd=Best_Sellingbest&t_page=랭킹&t_click=판매랭킹_전체_상품상세&t_number=67
전체,68,센카,[4월 올영픽/대용량 한정기획]센카 퍼펙트 휩 페이셜 워시 에이 150g+150g 대용량 2입 기획,https://www.oliveyoung.co.kr/store/goods/getGoodsDetail.do?goodsNo=A000000192658&dispCatNo=90000010009&trackingCd=Best_Sellingbest&t_page=랭킹&t_click=판매랭킹_전체_상품상세&t_number=68
전체,69,롱테이크,롱테이크 핸드크림 & 헤어오일 듀오세트 (샌달우드/블랙티앤피그) 택1,https://www.oliveyoung.co.kr/store/goods/getGoodsDetail.do?goodsNo=A000000183924&dispCatNo=90000010009&trackingCd=Best_Sellingbest&t_page=랭킹&t_click=판매랭킹_전체_상품상세&t_number=69
전체,70,투쿨포스쿨,[NEW] 투쿨포스쿨 스머징 트임 라이너,https://www.oliveyoung.co.kr/store/goods/getGoodsDetail.do?goodsNo=A000000199182&dispCatNo=90000010009&trackingCd=Best_Sellingbest&t_page=랭킹&t_click=판매랭킹_전체_상품상세&t_number=70
전체,71,비플레인,[4월 올영픽] 비플레인 녹두 클렌징오일 200ml 기획 (+100ml),https://www.oliveyoung.co.kr/store/goods/getGoodsDetail.do?goodsNo=A000000201654&dispCatNo=90000010009&trackingCd=Best_Sellingbest&t_page=랭킹&t_click=판매랭킹_전체_상품상세&t_number=71
전체,72,토리든,[단독기획] 토리든 다이브인 저분자 히알루론산 크림 80ml 기획(+크림 20ml 추가증정),https://www.oliveyoung.co.kr/store/goods/getGoodsDetail.do?goodsNo=A000000163254&dispCatNo=90000010009&trackingCd=Best_Sellingbest&t_page=랭킹&t_click=판매랭킹_전체_상품상세&t_number=72
전체,73,컬러그램,[ZB1폴라이벤트 대상상품] 컬러그램 틴토리 아이 팔레트 4COLOR,https://www.oliveyoung.co.kr/store/goods/getGoodsDetail.do?goodsNo=A000000201881&dispCatNo=90000010009&trackingCd=Best_Sellingbest&t_page=랭킹&t_click=판매랭킹_전체_상품상세&t_number=73
전체,74,키스미,[1+1기획/온라인단독] 키스미 히로인메이크 스무스 리퀴드 아이라이너 슈퍼 킵 더블기획,https://www.oliveyoung.co.kr/store/goods/getGoodsDetail.do?goodsNo=A000000203438&dispCatNo=90000010009&trackingCd=Best_Sellingbest&t_page=랭킹&t_click=판매랭킹_전체_상품상세&t_number=74
전체,75,아임닭,아임닭 닭가슴살 꾸이칩 스파이시 30g,https://www.oliveyoung.co.kr/store/goods/getGoodsDetail.do?goodsNo=A000000127399&dispCatNo=90000010009&trackingCd=Best_Sellingbest&t_page=랭킹&t_click=판매랭킹_전체_상품상세&t_number=75
전체,76,프로티원,[4월 올영픽] 프로티원 단백질쉐이크 파우치형 40g 4종 택1,https://www.oliveyoung.co.kr/store/goods/getGoodsDetail.do?goodsNo=A000000202771&dispCatNo=90000010009&trackingCd=Best_Sellingbest&t_page=랭킹&t_click=판매랭킹_전체_상품상세&t_number=76
전체,77,딜라이트 프로젝트,딜라이트 프로젝트 프레첼 2종 택1,https://www.oliveyoung.co.kr/store/goods/getGoodsDetail.do?goodsNo=A000000147782&dispCatNo=90000010009&trackingCd=Best_Sellingbest&t_page=랭킹&t_click=판매랭킹_전체_상품상세&t_number=77
전체,78,글린트,글린트 하이라이터,https://www.oliveyoung.co.kr/store/goods/getGoodsDetail.do?goodsNo=A000000176088&dispCatNo=90000010009&trackingCd=Best_Sellingbest&t_page=랭킹&t_click=판매랭킹_전체_상품상세&t_number=78
전체,79,필리밀리,필리밀리 삼각블러쉬파우더퍼프(2P)(케이스 증정),https://www.oliveyoung.co.kr/store/goods/getGoodsDetail.do?goodsNo=A000000198933&dispCatNo=90000010009&trackingCd=Best_Sellingbest&t_page=랭킹&t_click=판매랭킹_전체_상품상세&t_number=79
전체,80,데이지크,데이지크 섀도우팔레트 20 colors (단품/한정기획),https://www.oliveyoung.co.kr/store/goods/getGoodsDetail.do?goodsNo=A000000147801&dispCatNo=90000010009&trackingCd=Best_Sellingbest&t_page=랭킹&t_click=판매랭킹_전체_상품상세&t_number=80
전체,81,아비브,[열감진정] 아비브 어성초 스팟 패드 카밍터치 140매 대용량 기획,https://www.oliveyoung.co.kr/store/goods/getGoodsDetail.do?goodsNo=A000000163609&dispCatNo=90000010009&trackingCd=Best_Sellingbest&t_page=랭킹&t_click=판매랭킹_전체_상품상세&t_number=81
전체,82,아떼,아떼 비건 릴리프 무기자차 선크림 기획 SPF50+PA++++ (70ml+40ml),https://www.oliveyoung.co.kr/store/goods/getGoodsDetail.do?goodsNo=A000000200647&dispCatNo=90000010009&trackingCd=Best_Sellingbest&t_page=랭킹&t_click=판매랭킹_전체_상품상세&t_number=82
전체,83,헤라,[선착순 2종 증정] 헤라 센슈얼 누드 글로스 5g,https://www.oliveyoung.co.kr/store/goods/getGoodsDetail.do?goodsNo=A000000177984&dispCatNo=90000010009&trackingCd=Best_Sellingbest&t_page=랭킹&t_click=판매랭킹_전체_상품상세&t_number=83
전체,84,티트리트,[4월 올영PICK] 티트리트 푸룬딥스트롱 180ml,https://www.oliveyoung.co.kr/store/goods/getGoodsDetail.do?goodsNo=A000000186434&dispCatNo=90000010009&trackingCd=Best_Sellingbest&t_page=랭킹&t_click=판매랭킹_전체_상품상세&t_number=84
전체,85,구달,[고윤정PICK/1+1 기획] 구달 맑은 어성초 진정 수분 선크림 50ml+50ml 기획,https://www.oliveyoung.co.kr/store/goods/getGoodsDetail.do?goodsNo=A000000198527&dispCatNo=90000010009&trackingCd=Best_Sellingbest&t_page=랭킹&t_click=판매랭킹_전체_상품상세&t_number=85
전체,86,필리밀리,필리밀리 브러시 모음[9종 택1],https://www.oliveyoung.co.kr/store/goods/getGoodsDetail.do?goodsNo=A000000176552&dispCatNo=90000010009&trackingCd=Best_Sellingbest&t_page=랭킹&t_click=판매랭킹_전체_상품상세&t_number=86
전체,87,메이크프렘,메이크프렘 세이프 미 클렌징밀크 200ml 어워즈 한정 기획 (괄사 증정),https://www.oliveyoung.co.kr/store/goods/getGoodsDetail.do?goodsNo=A000000192124&dispCatNo=90000010009&trackingCd=Best_Sellingbest&t_page=랭킹&t_click=판매랭킹_전체_상품상세&t_number=87
전체,88,에스네이처,[화해1위/나는지원 PICK] 에스네이처 수퍼 아쿠아겔 오아시스 앰플 마스크 1매,https://www.oliveyoung.co.kr/store/goods/getGoodsDetail.do?goodsNo=A000000168530&dispCatNo=90000010009&trackingCd=Best_Sellingbest&t_page=랭킹&t_click=판매랭킹_전체_상품상세&t_number=88
전체,89,넘버즈인,[피부결] 넘버즈인 3번 보들보들 결 세럼 50ml 기획 (+15ml 증정),https://www.oliveyoung.co.kr/store/goods/getGoodsDetail.do?goodsNo=A000000191774&dispCatNo=90000010009&trackingCd=Best_Sellingbest&t_page=랭킹&t_click=판매랭킹_전체_상품상세&t_number=89
전체,90,바이오더마,[올리브영 단독/화장솜 20매 증정] 센시비오 H2O 850ml,https://www.oliveyoung.co.kr/store/goods/getGoodsDetail.do?goodsNo=A000000130319&dispCatNo=90000010009&trackingCd=Best_Sellingbest&t_page=랭킹&t_click=판매랭킹_전체_상품상세&t_number=90
전체,91,페리페라,페리페라 스피디 스키니 브로우,https://www.oliveyoung.co.kr/store/goods/getGoodsDetail.do?goodsNo=A000000138671&dispCatNo=90000010009&trackingCd=Best_Sellingbest&t_page=랭킹&t_click=판매랭킹_전체_상품상세&t_number=91
전체,92,어노브,[단독기획] 어노브 워터 에센스 미스트 200ml+30ml 증정 기획(뿌리는 에센스),https://www.oliveyoung.co.kr/store/goods/getGoodsDetail.do?goodsNo=A000000188767&dispCatNo=90000010009&trackingCd=Best_Sellingbest&t_page=랭킹&t_click=판매랭킹_전체_상품상세&t_number=92
전체,93,투쿨포스쿨,[4월 올영픽/단독기획] 투쿨포스쿨 바이로댕 쉐이딩 (+미니브러쉬 증정),https://www.oliveyoung.co.kr/store/goods/getGoodsDetail.do?goodsNo=A000000145650&dispCatNo=90000010009&trackingCd=Best_Sellingbest&t_page=랭킹&t_click=판매랭킹_전체_상품상세&t_number=93
전체,94,박준뷰티랩,[3월 올영픽 단독기획] 박준뷰티랩 LPP 단백질 트리트먼트 1000ml+350ml (추가증정),https://www.oliveyoung.co.kr/store/goods/getGoodsDetail.do?goodsNo=A000000131515&dispCatNo=90000010009&trackingCd=Best_Sellingbest&t_page=랭킹&t_click=판매랭킹_전체_상품상세&t_number=94
전체,95,라보에이치,[4월 올영픽]라보에이치 두피강화클리닉 샴푸 탈모증상완화 750ml 기획(+100ml 증정),https://www.oliveyoung.co.kr/store/goods/getGoodsDetail.do?goodsNo=A000000202412&dispCatNo=90000010009&trackingCd=Best_Sellingbest&t_page=랭킹&t_click=판매랭킹_전체_상품상세&t_number=95
전체,96,케이트,케이트 아이브로우 펜슬 Z,https://www.oliveyoung.co.kr/store/goods/getGoodsDetail.do?goodsNo=A000000178673&dispCatNo=90000010009&trackingCd=Best_Sellingbest&t_page=랭킹&t_click=판매랭킹_전체_상품상세&t_number=96
전체,97,정샘물,[4월 올영픽/듀오기획] 정샘물 에센셜 물 마이크로 피팅 미스트 듀오 기획,https://www.oliveyoung.co.kr/store/goods/getGoodsDetail.do?goodsNo=A000000163626&dispCatNo=90000010009&trackingCd=Best_Sellingbest&t_page=랭킹&t_click=판매랭킹_전체_상품상세&t_number=97
전체,98,웰라쥬,[한정기획/대용량175ml]웰라쥬 리얼 히알루로닉 블루 100 앰플 100ml+75ml 기획,https://www.oliveyoung.co.kr/store/goods/getGoodsDetail.do?goodsNo=A000000200651&dispCatNo=90000010009&trackingCd=Best_Sellingbest&t_page=랭킹&t_click=판매랭킹_전체_상품상세&t_number=98
전체,99,한스킨,한스킨 클렌징오일 & 블랙헤드 (AHA/BHA/PHA) 300ml 3종 택 1,https://www.oliveyoung.co.kr/store/goods/getGoodsDetail.do?goodsNo=A000000189528&dispCatNo=90000010009&trackingCd=Best_Sellingbest&t_page=랭킹&t_click=판매랭킹_전체_상품상세&t_number=99
전체,100,코피코,코피코 슈가프리 커피맛캔디 블리스터 32g,https://www.oliveyoung.co.kr/store/goods/getGoodsDetail.do?goodsNo=A000000182632&dispCatNo=90000010009&trackingCd=Best_Sellingbest&t_page=랭킹&t_click=판매랭킹_전체_상품상세&t_number=100
스킨케어,1,라로슈포제,라로슈포제 NEW 시카플라스트 밤B5+ 100ml 기획(+시카밤 3ml * 2 증정),https://www.oliveyoung.co.kr/store/goods/getGoodsDetail.do?goodsNo=A000000190425&dispCatNo=90000010009&trackingCd=Best_Sellingbest&t_page=랭킹&t_click=판매랭킹_스킨케어_상품상세&t_number=1
스킨케어,2,구달,[고윤정PICK/한정기획]구달 청귤 비타C 잡티케어 세럼 30ml 트리플기획(30ml*3ea),https://www.oliveyoung.co.kr/store/goods/getGoodsDetail.do?goodsNo=A000000200339&dispCatNo=90000010009&trackingCd=Best_Sellingbest&t_page=랭킹&t_click=판매랭킹_스킨케어_상품상세&t_number=2
스킨케어,3,아이소이,[1+1최초기획/총60ml대용량] 아이소이 잡티세럼 30ml 1+1 한정기획(30ml+30ml),https://www.oliveyoung.co.kr/store/goods/getGoodsDetail.do?goodsNo=A000000202964&dispCatNo=90000010009&trackingCd=Best_Sellingbest&t_page=랭킹&t_click=판매랭킹_스킨케어_상품상세&t_number=3
스킨케어,4,성분에디터,[홍현희PICK][2023어워즈/모공앰플] 성분에디터 그린토마토 포어 리프팅 앰플 플러스 30ml 더블 기획,https://www.oliveyoung.co.kr/store/goods/getGoodsDetail.do?goodsNo=A000000188240&dispCatNo=90000010009&trackingCd=Best_Sellingbest&t_page=랭킹&t_click=판매랭킹_스킨케어_상품상세&t_number=4
스킨케어,5,한율,한율 어린쑥 수분진정 크림 55ml 1+1 기획 (+패드2매+띠부씰6종) (이슬로),https://www.oliveyoung.co.kr/store/goods/getGoodsDetail.do?goodsNo=A000000202382&dispCatNo=90000010009&trackingCd=Best_Sellingbest&t_page=랭킹&t_click=판매랭킹_스킨케어_상품상세&t_number=5
스킨케어,6,아이디얼포맨,[5년연속1위]아이디얼 포 맨 퍼펙트 올인원 어워즈 한정 기획,https://www.oliveyoung.co.kr/store/goods/getGoodsDetail.do?goodsNo=A000000192486&dispCatNo=90000010009&trackingCd=Best_Sellingbest&t_page=랭킹&t_click=판매랭킹_스킨케어_상품상세&t_number=6
스킨케어,7,토리든,[단독기획] 토리든 다이브인 저분자 히알루론산 세럼 50ml 리필기획(+리필팩 50ml),https://www.oliveyoung.co.kr/store/goods/getGoodsDetail.do?goodsNo=A000000189261&dispCatNo=90000010009&trackingCd=Best_Sellingbest&t_page=랭킹&t_click=판매랭킹_스킨케어_상품상세&t_number=7
스킨케어,8,에스네이처,[4월 올영픽/후니언 PICK] 에스네이처 아쿠아 스쿠알란 수분크림 60ml 더블 기획 (+카밍패드 2매),https://www.oliveyoung.co.kr/store/goods/getGoodsDetail.do?goodsNo=A000000202894&dispCatNo=90000010009&trackingCd=Best_Sellingbest&t_page=랭킹&t_click=판매랭킹_스킨케어_상품상세&t_number=8
스킨케어,9,VT,[아랑Pick] VT 리들샷 100 에센스 50ml,https://www.oliveyoung.co.kr/store/goods/getGoodsDetail.do?goodsNo=A000000183731&dispCatNo=90000010009&trackingCd=Best_Sellingbest&t_page=랭킹&t_click=판매랭킹_스킨케어_상품상세&t_number=9
스킨케어,10,VT,VT 리들샷 300 에센스 50ml,https://www.oliveyoung.co.kr/store/goods/getGoodsDetail.do?goodsNo=A000000189544&dispCatNo=90000010009&trackingCd=Best_Sellingbest&t_page=랭킹&t_click=판매랭킹_스킨케어_상품상세&t_number=10
스킨케어,11,에스트라,[NEW] 에스트라 아토베리어365 크림 80ml 더블 기획,https://www.oliveyoung.co.kr/store/goods/getGoodsDetail.do?goodsNo=A000000199473&dispCatNo=90000010009&trackingCd=Best_Sellingbest&t_page=랭킹&t_click=판매랭킹_스킨케어_상품상세&t_number=11
스킨케어,12,닥터자르트,[4월 올영픽] 닥터자르트 시카페어 인텐시브 수딩 리페어 크림 50ml 1+1 기획,https://www.oliveyoung.co.kr/store/goods/getGoodsDetail.do?goodsNo=A000000202358&dispCatNo=90000010009&trackingCd=Best_Sellingbest&t_page=랭킹&t_click=판매랭킹_스킨케어_상품상세&t_number=12
스킨케어,13,아이소이,[1+1한정기획] 아이소이 장수진 수분크림 50ml 1+1 한정기획(50ml+50ml),https://www.oliveyoung.co.kr/store/goods/getGoodsDetail.do?goodsNo=A000000202972&dispCatNo=90000010009&trackingCd=Best_Sellingbest&t_page=랭킹&t_click=판매랭킹_스킨케어_상품상세&t_number=13
스킨케어,14,라네즈,[한정기획] 라네즈 크림스킨 170ml 리필 기획 (+170ml 리필),https://www.oliveyoung.co.kr/store/goods/getGoodsDetail.do?goodsNo=A000000190280&dispCatNo=90000010009&trackingCd=Best_Sellingbest&t_page=랭킹&t_click=판매랭킹_스킨케어_상품상세&t_number=14
스킨케어,15,퍼셀,퍼셀 20억/mL 픽셀바이옴 원액 20ml,https://www.oliveyoung.co.kr/store/goods/getGoodsDetail.do?goodsNo=A000000200663&dispCatNo=90000010009&trackingCd=Best_Sellingbest&t_page=랭킹&t_click=판매랭킹_스킨케어_상품상세&t_number=15
스킨케어,16,토리든,[단독기획] 토리든 다이브인 저분자 히알루론산 크림 80ml 기획(+크림 20ml 추가증정),https://www.oliveyoung.co.kr/store/goods/getGoodsDetail.do?goodsNo=A000000163254&dispCatNo=90000010009&trackingCd=Best_Sellingbest&t_page=랭킹&t_click=판매랭킹_스킨케어_상품상세&t_number=16
스킨케어,17,넘버즈인,[피부결] 넘버즈인 3번 보들보들 결 세럼 50ml 기획 (+15ml 증정),https://www.oliveyoung.co.kr/store/goods/getGoodsDetail.do?goodsNo=A000000191774&dispCatNo=90000010009&trackingCd=Best_Sellingbest&t_page=랭킹&t_click=판매랭킹_스킨케어_상품상세&t_number=17
스킨케어,18,웰라쥬,[한정기획/대용량175ml]웰라쥬 리얼 히알루로닉 블루 100 앰플 100ml+75ml 기획,https://www.oliveyoung.co.kr/store/goods/getGoodsDetail.do?goodsNo=A000000200651&dispCatNo=90000010009&trackingCd=Best_Sellingbest&t_page=랭킹&t_click=판매랭킹_스킨케어_상품상세&t_number=18
스킨케어,19,라로슈포제,[NEW] 라로슈포제 에빠끌라 듀오+ M 에센스 40ml 기획,https://www.oliveyoung.co.kr/store/goods/getGoodsDetail.do?goodsNo=A000000202509&dispCatNo=90000010009&trackingCd=Best_Sellingbest&t_page=랭킹&t_click=판매랭킹_스킨케어_상품상세&t_number=19
스킨케어,20,토리든,[단독기획] 토리든 다이브인 저분자 히알루론산 토너 300ml 기획(+100ml 추가 증정),https://www.oliveyoung.co.kr/store/goods/getGoodsDetail.do?goodsNo=A000000170266&dispCatNo=90000010009&trackingCd=Best_Sellingbest&t_page=랭킹&t_click=판매랭킹_스킨케어_상품상세&t_number=20
스킨케어,21,코스알엑스,[화해1위] 코스알엑스 더 레티놀 0.1 크림 20ml,https://www.oliveyoung.co.kr/store/goods/getGoodsDetail.do?goodsNo=A000000180543&dispCatNo=90000010009&trackingCd=Best_Sellingbest&t_page=랭킹&t_click=판매랭킹_스킨케어_상품상세&t_number=21
스킨케어,22,피지오겔,[대용량 초특가] 피지오겔 DMT 페이셜 크림 200ml 대용량 한정기획,https://www.oliveyoung.co.kr/store/goods/getGoodsDetail.do?goodsNo=A000000200465&dispCatNo=90000010009&trackingCd=Best_Sellingbest&t_page=랭킹&t_click=판매랭킹_스킨케어_상품상세&t_number=22
스킨케어,23,라운드랩,[한정기획] 라운드랩 자작나무 수분크림 1+1기획 (80ml+80ml),https://www.oliveyoung.co.kr/store/goods/getGoodsDetail.do?goodsNo=A000000162241&dispCatNo=90000010009&trackingCd=Best_Sellingbest&t_page=랭킹&t_click=판매랭킹_스킨케어_상품상세&t_number=23
스킨케어,24,이니스프리,[트러블모공] 이니스프리 레티놀 시카 흔적 앰플 30ml 기획 (+15ml),https://www.oliveyoung.co.kr/store/goods/getGoodsDetail.do?goodsNo=A000000192512&dispCatNo=90000010009&trackingCd=Best_Sellingbest&t_page=랭킹&t_click=판매랭킹_스킨케어_상품상세&t_number=24
스킨케어,25,에스트라,에스트라 에이시카365 흔적진정세럼 40ml 기획/단품,https://www.oliveyoung.co.kr/store/goods/getGoodsDetail.do?goodsNo=A000000186994&dispCatNo=90000010009&trackingCd=Best_Sellingbest&t_page=랭킹&t_click=판매랭킹_스킨케어_상품상세&t_number=25
스킨케어,26,아이오페,[단독기획] 아이오페 레티놀 슈퍼 바운스 세럼 30ml 기획(+세럼 10ml+바이오에센스48ml),https://www.oliveyoung.co.kr/store/goods/getGoodsDetail.do?goodsNo=A000000184060&dispCatNo=90000010009&trackingCd=Best_Sellingbest&t_page=랭킹&t_click=판매랭킹_스킨케어_상품상세&t_number=26
스킨케어,27,한율,한율 어린쑥 수분진정 2종 세트 (토너 150ml+플루이드 125ml+크림 15ml+화장솜 20매+카드),https://www.oliveyoung.co.kr/store/goods/getGoodsDetail.do?goodsNo=A000000202385&dispCatNo=90000010009&trackingCd=Best_Sellingbest&t_page=랭킹&t_click=판매랭킹_스킨케어_상품상세&t_number=27
스킨케어,28,피지오겔,[한정기획] 피지오겔 데일리뮨 앰플 세럼 20ml+4ml+마스크팩1매 증정 기획,https://www.oliveyoung.co.kr/store/goods/getGoodsDetail.do?goodsNo=A000000198128&dispCatNo=90000010009&trackingCd=Best_Sellingbest&t_page=랭킹&t_click=판매랭킹_스킨케어_상품상세&t_number=28
스킨케어,29,넘버즈인,[흔적미백] 넘버즈인 5번 글루타치온C 흔적 앰플 30ml 기획(+패드 6매 증정),https://www.oliveyoung.co.kr/store/goods/getGoodsDetail.do?goodsNo=A000000184064&dispCatNo=90000010009&trackingCd=Best_Sellingbest&t_page=랭킹&t_click=판매랭킹_스킨케어_상품상세&t_number=29
스킨케어,30,비플레인,[1+1기획][모공탄력] 비플레인 녹두 모공 타이트업 세럼 30ml 1+1 기획,https://www.oliveyoung.co.kr/store/goods/getGoodsDetail.do?goodsNo=A000000201658&dispCatNo=90000010009&trackingCd=Best_Sellingbest&t_page=랭킹&t_click=판매랭킹_스킨케어_상품상세&t_number=30
스킨케어,31,이지듀,[한가인PICK] 이지듀 EGF 멜라토닝 기미잡티 앰플 12ml+1ml 기획,https://www.oliveyoung.co.kr/store/goods/getGoodsDetail.do?goodsNo=A000000188493&dispCatNo=90000010009&trackingCd=Best_Sellingbest&t_page=랭킹&t_click=판매랭킹_스킨케어_상품상세&t_number=31
스킨케어,32,비알티씨,BRTC 트레이너 옴므 올인원 밀크 200ml 기획 (+50ml 증정),https://www.oliveyoung.co.kr/store/goods/getGoodsDetail.do?goodsNo=A000000165603&dispCatNo=90000010009&trackingCd=Best_Sellingbest&t_page=랭킹&t_click=판매랭킹_스킨케어_상품상세&t_number=32
스킨케어,33,바이오힐보,[NEW] 바이오힐보 판테셀 리페어시카 크림 50mL+50mL 기획,https://www.oliveyoung.co.kr/store/goods/getGoodsDetail.do?goodsNo=A000000189248&dispCatNo=90000010009&trackingCd=Best_Sellingbest&t_page=랭킹&t_click=판매랭킹_스킨케어_상품상세&t_number=33
스킨케어,34,에스네이처,[2023어워즈/1+1] 에스네이처 아쿠아 스쿠알란 수분크림 60ml 더블 어워즈 한정기획 (60ml+60ml),https://www.oliveyoung.co.kr/store/goods/getGoodsDetail.do?goodsNo=A000000192782&dispCatNo=90000010009&trackingCd=Best_Sellingbest&t_page=랭킹&t_click=판매랭킹_스킨케어_상품상세&t_number=34
스킨케어,35,프리메라,[15+7g 증량UP]프리메라 비타티놀 세럼 15g 기획,https://www.oliveyoung.co.kr/store/goods/getGoodsDetail.do?goodsNo=A000000179231&dispCatNo=90000010009&trackingCd=Best_Sellingbest&t_page=랭킹&t_click=판매랭킹_스킨케어_상품상세&t_number=35
스킨케어,36,퍼셀,퍼셀 247 초유 포어 디펜스 앰플 55ml,https://www.oliveyoung.co.kr/store/goods/getGoodsDetail.do?goodsNo=A000000200644&dispCatNo=90000010009&trackingCd=Best_Sellingbest&t_page=랭킹&t_click=판매랭킹_스킨케어_상품상세&t_number=36
스킨케어,37,에스네이처,[인보라PICK/화해1위] 에스네이처 아쿠아 스쿠알란 세럼 50ml 기획(+50ml 리필+수분크림10ml),https://www.oliveyoung.co.kr/store/goods/getGoodsDetail.do?goodsNo=A000000188004&dispCatNo=90000010009&trackingCd=Best_Sellingbest&t_page=랭킹&t_click=판매랭킹_스킨케어_상품상세&t_number=37
스킨케어,38,바이오힐보,[NEW] 바이오힐보 판테셀 리페어시카 크림미스트 120mL(기획/단품),https://www.oliveyoung.co.kr/store/goods/getGoodsDetail.do?goodsNo=A000000190667&dispCatNo=90000010009&trackingCd=Best_Sellingbest&t_page=랭킹&t_click=판매랭킹_스킨케어_상품상세&t_number=38
스킨케어,39,토리든,[단독기획] 토리든 다이브인 저분자 히알루론산 토너 500ml 기획 (+화장솜 60매 증정),https://www.oliveyoung.co.kr/store/goods/getGoodsDetail.do?goodsNo=A000000180474&dispCatNo=90000010009&trackingCd=Best_Sellingbest&t_page=랭킹&t_click=판매랭킹_스킨케어_상품상세&t_number=39
스킨케어,40,파티온,[대용량] 파티온 노스카나인 트러블 세럼 단독 기획 (50ml+15ml),https://www.oliveyoung.co.kr/store/goods/getGoodsDetail.do?goodsNo=A000000175878&dispCatNo=90000010009&trackingCd=Best_Sellingbest&t_page=랭킹&t_click=판매랭킹_스킨케어_상품상세&t_number=40
스킨케어,41,라운드랩,[집중진정] 라운드랩 소나무 진정 시카 앰플 30ml+30ml 더블기획,https://www.oliveyoung.co.kr/store/goods/getGoodsDetail.do?goodsNo=A000000180476&dispCatNo=90000010009&trackingCd=Best_Sellingbest&t_page=랭킹&t_click=판매랭킹_스킨케어_상품상세&t_number=41
스킨케어,42,랩시리즈,[1+1 한정기획] 랩시리즈 올인원 트리트먼트 50ml 1+1 기획세트,https://www.oliveyoung.co.kr/store/goods/getGoodsDetail.do?goodsNo=A000000179249&dispCatNo=90000010009&trackingCd=Best_Sellingbest&t_page=랭킹&t_click=판매랭킹_스킨케어_상품상세&t_number=42
스킨케어,43,바이오더마,바이오더마 하이드라비오 토너 500ml,https://www.oliveyoung.co.kr/store/goods/getGoodsDetail.do?goodsNo=A000000174370&dispCatNo=90000010009&trackingCd=Best_Sellingbest&t_page=랭킹&t_click=판매랭킹_스킨케어_상품상세&t_number=43
스킨케어,44,코스알엑스,[민스코 PICK]코스알엑스 더 6 펩타이드 스킨 부스터 세럼 150ml NEW,https://www.oliveyoung.co.kr/store/goods/getGoodsDetail.do?goodsNo=A000000189990&dispCatNo=90000010009&trackingCd=Best_Sellingbest&t_page=랭킹&t_click=판매랭킹_스킨케어_상품상세&t_number=44
스킨케어,45,에스트라,[NEW] 에스트라 아토베리어365 로션 150ml+150ml 리필 기획,https://www.oliveyoung.co.kr/store/goods/getGoodsDetail.do?goodsNo=A000000199495&dispCatNo=90000010009&trackingCd=Best_Sellingbest&t_page=랭킹&t_click=판매랭킹_스킨케어_상품상세&t_number=45
스킨케어,46,AHC,[판매량 1억개 돌파/대용량] AHC 텐 레볼루션 리얼 아이크림 포 페이스 더블 기획,https://www.oliveyoung.co.kr/store/goods/getGoodsDetail.do?goodsNo=A000000190369&dispCatNo=90000010009&trackingCd=Best_Sellingbest&t_page=랭킹&t_click=판매랭킹_스킨케어_상품상세&t_number=46
스킨케어,47,에스트라,에스트라 에이시카365 수분진정결토너 250ml 기획(+토너 50ml 증정),https://www.oliveyoung.co.kr/store/goods/getGoodsDetail.do?goodsNo=A000000178002&dispCatNo=90000010009&trackingCd=Best_Sellingbest&t_page=랭킹&t_click=판매랭킹_스킨케어_상품상세&t_number=47
스킨케어,48,닥터지,닥터지 레드 블레미쉬 포 맨 올인원 플루이드 150ml+75ml 기획,https://www.oliveyoung.co.kr/store/goods/getGoodsDetail.do?goodsNo=A000000179655&dispCatNo=90000010009&trackingCd=Best_Sellingbest&t_page=랭킹&t_click=판매랭킹_스킨케어_상품상세&t_number=48
스킨케어,49,메이크프렘,메이크프렘 인테카 수딩크림 80ml 한정기획 (+인테카크림 31ml),https://www.oliveyoung.co.kr/store/goods/getGoodsDetail.do?goodsNo=A000000199260&dispCatNo=90000010009&trackingCd=Best_Sellingbest&t_page=랭킹&t_click=판매랭킹_스킨케어_상품상세&t_number=49
스킨케어,50,넘버즈인,[수분광채] 넘버즈인 6번 푹잠 마스크팩 세럼 80ml 기획(+4번 SOS 얼음장팩),https://www.oliveyoung.co.kr/store/goods/getGoodsDetail.do?goodsNo=A000000185961&dispCatNo=90000010009&trackingCd=Best_Sellingbest&t_page=랭킹&t_click=판매랭킹_스킨케어_상품상세&t_number=50
스킨케어,51,라로슈포제,라로슈포제 시카플라스트 멀티 리페어 크림 100ml 기획 (+시카토너 50ml 증정),https://www.oliveyoung.co.kr/store/goods/getGoodsDetail.do?goodsNo=A000000190436&dispCatNo=90000010009&trackingCd=Best_Sellingbest&t_page=랭킹&t_click=판매랭킹_스킨케어_상품상세&t_number=51
스킨케어,52,더하르나이,[화잘먹크림/단독기획]더하르나이 시카이드 크림 100ml + 30ml 기획,https://www.oliveyoung.co.kr/store/goods/getGoodsDetail.do?goodsNo=A000000192405&dispCatNo=90000010009&trackingCd=Best_Sellingbest&t_page=랭킹&t_click=판매랭킹_스킨케어_상품상세&t_number=52
스킨케어,53,브이앤에이뷰티,[2023어워즈/100ml한정기획] V&A 미백광채앰플 (50ml+50ml 리필),https://www.oliveyoung.co.kr/store/goods/getGoodsDetail.do?goodsNo=A000000190928&dispCatNo=90000010009&trackingCd=Best_Sellingbest&t_page=랭킹&t_click=판매랭킹_스킨케어_상품상세&t_number=53
스킨케어,54,유세린,[디렉터파이 PICK] 유세린 하이알루론 3X 나이트크림 50ML,https://www.oliveyoung.co.kr/store/goods/getGoodsDetail.do?goodsNo=A000000112172&dispCatNo=90000010009&trackingCd=Best_Sellingbest&t_page=랭킹&t_click=판매랭킹_스킨케어_상품상세&t_number=54
스킨케어,55,라네즈,[단독기획] 라네즈 퍼펙트리뉴 쓰리엑스 세럼 20ml 기획 (+10ml),https://www.oliveyoung.co.kr/store/goods/getGoodsDetail.do?goodsNo=A000000182647&dispCatNo=90000010009&trackingCd=Best_Sellingbest&t_page=랭킹&t_click=판매랭킹_스킨케어_상품상세&t_number=55
스킨케어,56,우르오스,우르오스 스킨로션 200ml,https://www.oliveyoung.co.kr/store/goods/getGoodsDetail.do?goodsNo=A000000006564&dispCatNo=90000010009&trackingCd=Best_Sellingbest&t_page=랭킹&t_click=판매랭킹_스킨케어_상품상세&t_number=56
스킨케어,57,브링그린,[트러블촉이올때/리필증정] 브링그린 징크테카 트러블 세럼 한정기획 (+세럼리필 25mL + 트러블마스크 1매),https://www.oliveyoung.co.kr/store/goods/getGoodsDetail.do?goodsNo=A000000200646&dispCatNo=90000010009&trackingCd=Best_Sellingbest&t_page=랭킹&t_click=판매랭킹_스킨케어_상품상세&t_number=57
스킨케어,58,에스네이처,[화해1위 3관왕] 에스네이처 아쿠아 소이 요거 아이크림 25g,https://www.oliveyoung.co.kr/store/goods/getGoodsDetail.do?goodsNo=A000000201226&dispCatNo=90000010009&trackingCd=Best_Sellingbest&t_page=랭킹&t_click=판매랭킹_스킨케어_상품상세&t_number=58
스킨케어,59,쏘내추럴,쏘내추럴 올 데이 메이크업 픽서 75ml 기획(+15ml 젤 픽서),https://www.oliveyoung.co.kr/store/goods/getGoodsDetail.do?goodsNo=A000000173493&dispCatNo=90000010009&trackingCd=Best_Sellingbest&t_page=랭킹&t_click=판매랭킹_스킨케어_상품상세&t_number=59
스킨케어,60,달바,[NO.1/오리지널 VER] 달바 화이트 트러플 퍼스트 스프레이 세럼 100ml,https://www.oliveyoung.co.kr/store/goods/getGoodsDetail.do?goodsNo=A000000171312&dispCatNo=90000010009&trackingCd=Best_Sellingbest&t_page=랭킹&t_click=판매랭킹_스킨케어_상품상세&t_number=60
스킨케어,61,아벤느,아벤느 이드랑스 부스트 세럼 30ml 한정기획 (+이드랑스 에센스인로션 100ml) (와다다곰 콜라보),https://www.oliveyoung.co.kr/store/goods/getGoodsDetail.do?goodsNo=A000000198439&dispCatNo=90000010009&trackingCd=Best_Sellingbest&t_page=랭킹&t_click=판매랭킹_스킨케어_상품상세&t_number=61
스킨케어,62,아벤느,아벤느 이드랑스 에센스 인 로션 200ml 더블기획,https://www.oliveyoung.co.kr/store/goods/getGoodsDetail.do?goodsNo=A000000187040&dispCatNo=90000010009&trackingCd=Best_Sellingbest&t_page=랭킹&t_click=판매랭킹_스킨케어_상품상세&t_number=62
스킨케어,63,라네즈,[특별기획] 라네즈옴므 크림 스킨 옴므 올인원 150ml 기획(+25ml+25ml),https://www.oliveyoung.co.kr/store/goods/getGoodsDetail.do?goodsNo=A000000170034&dispCatNo=90000010009&trackingCd=Best_Sellingbest&t_page=랭킹&t_click=판매랭킹_스킨케어_상품상세&t_number=63
스킨케어,64,어퓨,어퓨 마데카소사이드 테트라좀시카 앰플 50ml,https://www.oliveyoung.co.kr/store/goods/getGoodsDetail.do?goodsNo=A000000190370&dispCatNo=90000010009&trackingCd=Best_Sellingbest&t_page=랭킹&t_click=판매랭킹_스킨케어_상품상세&t_number=64
스킨케어,65,유세린,[1+1/아이크림1등] 유세린 하이알루론 3X 아이크림 더블기획 (15ml+15ml),https://www.oliveyoung.co.kr/store/goods/getGoodsDetail.do?goodsNo=A000000118803&dispCatNo=90000010009&trackingCd=Best_Sellingbest&t_page=랭킹&t_click=판매랭킹_스킨케어_상품상세&t_number=65
스킨케어,66,넘버즈인,[피지진정] 넘버즈인 1번 진정 맑게담은 청초토너 300ml 기획 (+1번 패드 10매 증정),https://www.oliveyoung.co.kr/store/goods/getGoodsDetail.do?goodsNo=A000000177757&dispCatNo=90000010009&trackingCd=Best_Sellingbest&t_page=랭킹&t_click=판매랭킹_스킨케어_상품상세&t_number=66
스킨케어,67,라운드랩,라운드랩 포 맨 자작나무 토너/로션 200ml 2종세트 (쉐이빙폼 40ml증정),https://www.oliveyoung.co.kr/store/goods/getGoodsDetail.do?goodsNo=A000000187675&dispCatNo=90000010009&trackingCd=Best_Sellingbest&t_page=랭킹&t_click=판매랭킹_스킨케어_상품상세&t_number=67
스킨케어,68,바이오힐보,[3D탄탄앰플]바이오힐보 프로바이오덤 3D 리프팅 앰플 30ml 기획 (+3D 리프팅 크림 20ml),https://www.oliveyoung.co.kr/store/goods/getGoodsDetail.do?goodsNo=A000000199702&dispCatNo=90000010009&trackingCd=Best_Sellingbest&t_page=랭킹&t_click=판매랭킹_스킨케어_상품상세&t_number=68
스킨케어,69,에스트라,에스트라 아토베리어365 크림미스트 120ml,https://www.oliveyoung.co.kr/store/goods/getGoodsDetail.do?goodsNo=A000000130138&dispCatNo=90000010009&trackingCd=Best_Sellingbest&t_page=랭킹&t_click=판매랭킹_스킨케어_상품상세&t_number=69
스킨케어,70,토리든,[단독기획] 토리든 다이브인 저분자 히알루론산 수딩 크림 100ml 기획(+20ml),https://www.oliveyoung.co.kr/store/goods/getGoodsDetail.do?goodsNo=A000000190677&dispCatNo=90000010009&trackingCd=Best_Sellingbest&t_page=랭킹&t_click=판매랭킹_스킨케어_상품상세&t_number=70
스킨케어,71,에스네이처,[화해1위] 에스네이처 아쿠아 오아시스 토너 300ml 기획(+ 수분크림30ml증정),https://www.oliveyoung.co.kr/store/goods/getGoodsDetail.do?goodsNo=A000000161355&dispCatNo=90000010009&trackingCd=Best_Sellingbest&t_page=랭킹&t_click=판매랭킹_스킨케어_상품상세&t_number=71
스킨케어,72,이니스프리,[톤업잡티] 이니스프리 비타C 잡티 토닝 세럼 30ml 기획 (+20ml),https://www.oliveyoung.co.kr/store/goods/getGoodsDetail.do?goodsNo=A000000201184&dispCatNo=90000010009&trackingCd=Best_Sellingbest&t_page=랭킹&t_click=판매랭킹_스킨케어_상품상세&t_number=72
스킨케어,73,토리든,[단독기획] 토리든 밸런스풀 시카 진정 크림 80ml 기획 (+세럼 10ml),https://www.oliveyoung.co.kr/store/goods/getGoodsDetail.do?goodsNo=A000000183713&dispCatNo=90000010009&trackingCd=Best_Sellingbest&t_page=랭킹&t_click=판매랭킹_스킨케어_상품상세&t_number=73
스킨케어,74,아이소이,[3-STEP키트증정/한정기획] 아이소이 모공올킬세럼 20ml 한정기획(+10ml+모공토닉8ml),https://www.oliveyoung.co.kr/store/goods/getGoodsDetail.do?goodsNo=A000000202978&dispCatNo=90000010009&trackingCd=Best_Sellingbest&t_page=랭킹&t_click=판매랭킹_스킨케어_상품상세&t_number=74
스킨케어,75,토리든,[단독기획] 토리든 밸런스풀 시카 진정 세럼 50ml 기획(+밸런스풀 크림 20ml),https://www.oliveyoung.co.kr/store/goods/getGoodsDetail.do?goodsNo=A000000180586&dispCatNo=90000010009&trackingCd=Best_Sellingbest&t_page=랭킹&t_click=판매랭킹_스킨케어_상품상세&t_number=75
스킨케어,76,이지듀,이지듀 EGF 고함량 비타민C 부스팅 앰플 기획 +멜라토닝 앰플 1ml,https://www.oliveyoung.co.kr/store/goods/getGoodsDetail.do?goodsNo=A000000202925&dispCatNo=90000010009&trackingCd=Best_Sellingbest&t_page=랭킹&t_click=판매랭킹_스킨케어_상품상세&t_number=76
스킨케어,77,닥터오라클,[올영단독대용량] 닥터오라클 레티노타이트닝 비타민A 레티놀 앰플 50ml,https://www.oliveyoung.co.kr/store/goods/getGoodsDetail.do?goodsNo=A000000186997&dispCatNo=90000010009&trackingCd=Best_Sellingbest&t_page=랭킹&t_click=판매랭킹_스킨케어_상품상세&t_number=77
스킨케어,78,바이오힐보,[NEW] 바이오힐보 프로바이오덤 타이트닝 콜라겐 크림 50mL 기획 (앰플 7mL*2 증정),https://www.oliveyoung.co.kr/store/goods/getGoodsDetail.do?goodsNo=A000000184108&dispCatNo=90000010009&trackingCd=Best_Sellingbest&t_page=랭킹&t_click=판매랭킹_스킨케어_상품상세&t_number=78
스킨케어,79,리쥬란,[단독기획] 리쥬란 힐러 턴오버 앰플 듀얼 이펙트 30ml+7ml 증정 기획,https://www.oliveyoung.co.kr/store/goods/getGoodsDetail.do?goodsNo=A000000183707&dispCatNo=90000010009&trackingCd=Best_Sellingbest&t_page=랭킹&t_click=판매랭킹_스킨케어_상품상세&t_number=79
스킨케어,80,라운드랩,라운드랩 1025 독도 로션 400ml 대용량,https://www.oliveyoung.co.kr/store/goods/getGoodsDetail.do?goodsNo=A000000161508&dispCatNo=90000010009&trackingCd=Best_Sellingbest&t_page=랭킹&t_click=판매랭킹_스킨케어_상품상세&t_number=80
스킨케어,81,VT,VT 리들샷 700 에센스 30ml,https://www.oliveyoung.co.kr/store/goods/getGoodsDetail.do?goodsNo=A000000192301&dispCatNo=90000010009&trackingCd=Best_Sellingbest&t_page=랭킹&t_click=판매랭킹_스킨케어_상품상세&t_number=81
스킨케어,82,라운드랩,라운드랩 자작나무 수분 토너 1+1 기획 (300ml+300ml),https://www.oliveyoung.co.kr/store/goods/getGoodsDetail.do?goodsNo=A000000157178&dispCatNo=90000010009&trackingCd=Best_Sellingbest&t_page=랭킹&t_click=판매랭킹_스킨케어_상품상세&t_number=82
스킨케어,83,구달,[수미PICK/한정기획] 구달 청귤 비타C 잡티케어 크림 리필에디션 기획(75ml+75ml리필),https://www.oliveyoung.co.kr/store/goods/getGoodsDetail.do?goodsNo=A000000180464&dispCatNo=90000010009&trackingCd=Best_Sellingbest&t_page=랭킹&t_click=판매랭킹_스킨케어_상품상세&t_number=83
스킨케어,84,구달,[고윤정PICK/NEW] 구달 어성초 히알루론 수딩 크림 75ml 리필 기획 (+75ml 리필),https://www.oliveyoung.co.kr/store/goods/getGoodsDetail.do?goodsNo=A000000201646&dispCatNo=90000010009&trackingCd=Best_Sellingbest&t_page=랭킹&t_click=판매랭킹_스킨케어_상품상세&t_number=84
스킨케어,85,헤이네이처,헤이네이처 어성초 스킨 토너 150ml 기획(+카밍 토너패드 5매),https://www.oliveyoung.co.kr/store/goods/getGoodsDetail.do?goodsNo=A000000193236&dispCatNo=90000010009&trackingCd=Best_Sellingbest&t_page=랭킹&t_click=판매랭킹_스킨케어_상품상세&t_number=85
스킨케어,86,웰라쥬,[형원PICK] 웰라쥬 리얼 히알루로닉 블루 100 앰플 100ml 기획 (+원데이키트2ea),https://www.oliveyoung.co.kr/store/goods/getGoodsDetail.do?goodsNo=A000000147809&dispCatNo=90000010009&trackingCd=Best_Sellingbest&t_page=랭킹&t_click=판매랭킹_스킨케어_상품상세&t_number=86
스킨케어,87,바이오더마,[온라인몰 단독기획]바이오더마 하이드라비오 세럼 더블기획(40ml+40ml),https://www.oliveyoung.co.kr/store/goods/getGoodsDetail.do?goodsNo=A000000156315&dispCatNo=90000010009&trackingCd=Best_Sellingbest&t_page=랭킹&t_click=판매랭킹_스킨케어_상품상세&t_number=87
스킨케어,88,디오디너리,디오디너리 레티날 0.2% 에멀전 15ml,https://www.oliveyoung.co.kr/store/goods/getGoodsDetail.do?goodsNo=A000000203126&dispCatNo=90000010009&trackingCd=Best_Sellingbest&t_page=랭킹&t_click=판매랭킹_스킨케어_상품상세&t_number=88
스킨케어,89,비욘드,비욘드 엔젤아쿠아 수분진정 크림 150ml 1+1 기획 (+30ml) (땡스 에디션),https://www.oliveyoung.co.kr/store/goods/getGoodsDetail.do?goodsNo=A000000200639&dispCatNo=90000010009&trackingCd=Best_Sellingbest&t_page=랭킹&t_click=판매랭킹_스킨케어_상품상세&t_number=89
스킨케어,90,아누아,[2023어워즈] 아누아 어성초 77 수딩 토너 350ml 리필 기획세트(350ml+350ml리필),https://www.oliveyoung.co.kr/store/goods/getGoodsDetail.do?goodsNo=A000000166675&dispCatNo=90000010009&trackingCd=Best_Sellingbest&t_page=랭킹&t_click=판매랭킹_스킨케어_상품상세&t_number=90
스킨케어,91,이즈앤트리,[흔적크림] 이즈앤트리 어니언 뉴페어 겔크림 50ml 기획(+겔크림 20ml),https://www.oliveyoung.co.kr/store/goods/getGoodsDetail.do?goodsNo=A000000177392&dispCatNo=90000010009&trackingCd=Best_Sellingbest&t_page=랭킹&t_click=판매랭킹_스킨케어_상품상세&t_number=91
스킨케어,92,브링그린,브링그린 대나무히알루수분크림75mL더블기획_NEW,https://www.oliveyoung.co.kr/store/goods/getGoodsDetail.do?goodsNo=A000000188034&dispCatNo=90000010009&trackingCd=Best_Sellingbest&t_page=랭킹&t_click=판매랭킹_스킨케어_상품상세&t_number=92
스킨케어,93,케어존,케어존 피큐어 포어 튜닝 EX 2종,https://www.oliveyoung.co.kr/store/goods/getGoodsDetail.do?goodsNo=A000000014090&dispCatNo=90000010009&trackingCd=Best_Sellingbest&t_page=랭킹&t_click=판매랭킹_스킨케어_상품상세&t_number=93
스킨케어,94,닥터자르트,(NEW)닥터자르트 시카페어 인텐시브 수딩 리페어 세럼 30ml,https://www.oliveyoung.co.kr/store/goods/getGoodsDetail.do?goodsNo=A000000189862&dispCatNo=90000010009&trackingCd=Best_Sellingbest&t_page=랭킹&t_click=판매랭킹_스킨케어_상품상세&t_number=94
스킨케어,95,라운드랩,[최혜선 PICK] 라운드랩 소나무 진정 시카 앰플 기획 (+진정 크림 10ml 증정),https://www.oliveyoung.co.kr/store/goods/getGoodsDetail.do?goodsNo=A000000166590&dispCatNo=90000010009&trackingCd=Best_Sellingbest&t_page=랭킹&t_click=판매랭킹_스킨케어_상품상세&t_number=95
스킨케어,96,이즈앤트리,[대용량] 이즈앤트리 히아루론산 토너 400ml,https://www.oliveyoung.co.kr/store/goods/getGoodsDetail.do?goodsNo=A000000129444&dispCatNo=90000010009&trackingCd=Best_Sellingbest&t_page=랭킹&t_click=판매랭킹_스킨케어_상품상세&t_number=96
스킨케어,97,싸이닉,싸이닉 더 심플 데일리 로션 260ml,https://www.oliveyoung.co.kr/store/goods/getGoodsDetail.do?goodsNo=A000000137078&dispCatNo=90000010009&trackingCd=Best_Sellingbest&t_page=랭킹&t_click=판매랭킹_스킨케어_상품상세&t_number=97
스킨케어,98,AHC,[판매량 1억개 돌파] AHC 텐 레볼루션 리얼 아이크림 포 페이스 35ml,https://www.oliveyoung.co.kr/store/goods/getGoodsDetail.do?goodsNo=A000000191733&dispCatNo=90000010009&trackingCd=Best_Sellingbest&t_page=랭킹&t_click=판매랭킹_스킨케어_상품상세&t_number=98
스킨케어,99,브링그린,[피지쓱싹] 브링그린 티트리시카수딩토너 500mL 단품/기획,https://www.oliveyoung.co.kr/store/goods/getGoodsDetail.do?goodsNo=A000000189181&dispCatNo=90000010009&trackingCd=Best_Sellingbest&t_page=랭킹&t_click=판매랭킹_스킨케어_상품상세&t_number=99
스킨케어,100,바이오더마,[온라인몰 한정기획]바이오더마 하이드라비오 젤크림 40ml + 40ml 듀오기획,https://www.oliveyoung.co.kr/store/goods/getGoodsDetail.do?goodsNo=A000000182739&dispCatNo=90000010009&trackingCd=Best_Sellingbest&t_page=랭킹&t_click=판매랭킹_스킨케어_상품상세&t_number=100
마스크팩,1,메디힐,[6년연속1위] 메디힐 에센셜 마스크팩 1매 6종 택1,https://www.oliveyoung.co.kr/store/goods/getGoodsDetail.do?goodsNo=A000000160659&dispCatNo=90000010009&trackingCd=Best_Sellingbest&t_page=랭킹&t_click=판매랭킹_마스크팩_상품상세&t_number=1
마스크팩,2,브링그린,브링그린 프레시마스크 1매 5종,https://www.oliveyoung.co.kr/store/goods/getGoodsDetail.do?goodsNo=A000000185111&dispCatNo=90000010009&trackingCd=Best_Sellingbest&t_page=랭킹&t_click=판매랭킹_마스크팩_상품상세&t_number=2
마스크팩,3,메디힐,[31관왕] 메디힐 마데카소사이드 흔적 패드 100매 (+100매 더블증정 기획),https://www.oliveyoung.co.kr/store/goods/getGoodsDetail.do?goodsNo=A000000171427&dispCatNo=90000010009&trackingCd=Best_Sellingbest&t_page=랭킹&t_click=판매랭킹_마스크팩_상품상세&t_number=3
마스크팩,4,메디힐,[8관왕 1등] 메디힐 더마 모델링 팩 풀패키지 3종 택1(티트리/마데카소사이드/히알루론산),https://www.oliveyoung.co.kr/store/goods/getGoodsDetail.do?goodsNo=A000000202914&dispCatNo=90000010009&trackingCd=Best_Sellingbest&t_page=랭킹&t_click=판매랭킹_마스크팩_상품상세&t_number=4
마스크팩,5,토리든,토리든 다이브인 저분자 히알루론산 마스크 1매,https://www.oliveyoung.co.kr/store/goods/getGoodsDetail.do?goodsNo=A000000158750&dispCatNo=90000010009&trackingCd=Best_Sellingbest&t_page=랭킹&t_click=판매랭킹_마스크팩_상품상세&t_number=5
마스크팩,6,스킨푸드,"[1등패드] 스킨푸드 캐롯 카로틴 카밍 워터 패드 60매 (+10매, 캐롯시트 1매 증정)",https://www.oliveyoung.co.kr/store/goods/getGoodsDetail.do?goodsNo=A000000185132&dispCatNo=90000010009&trackingCd=Best_Sellingbest&t_page=랭킹&t_click=판매랭킹_마스크팩_상품상세&t_number=6
마스크팩,7,메디힐,메디힐 마데카소사이드 에센셜 마스크 1매,https://www.oliveyoung.co.kr/store/goods/getGoodsDetail.do?goodsNo=A000000160666&dispCatNo=90000010009&trackingCd=Best_Sellingbest&t_page=랭킹&t_click=판매랭킹_마스크팩_상품상세&t_number=7
마스크팩,8,토르홉,토르홉 사우난지앙 솔트 마스크 90g (+7g 증정기획) (OY단독),https://www.oliveyoung.co.kr/store/goods/getGoodsDetail.do?goodsNo=A000000202947&dispCatNo=90000010009&trackingCd=Best_Sellingbest&t_page=랭킹&t_click=판매랭킹_마스크팩_상품상세&t_number=8
마스크팩,9,메디힐,[6년연속1위/단독기획] 메디힐 티트리 에센셜 마스크 10+1매 기획,https://www.oliveyoung.co.kr/store/goods/getGoodsDetail.do?goodsNo=A000000180500&dispCatNo=90000010009&trackingCd=Best_Sellingbest&t_page=랭킹&t_click=판매랭킹_마스크팩_상품상세&t_number=9
마스크팩,10,아비브,[순한진정] 아비브 약산성 pH 시트 마스크 어성초 핏 1매,https://www.oliveyoung.co.kr/store/goods/getGoodsDetail.do?goodsNo=A000000120688&dispCatNo=90000010009&trackingCd=Best_Sellingbest&t_page=랭킹&t_click=판매랭킹_마스크팩_상품상세&t_number=10
마스크팩,11,아비브,[열감진정] 아비브 어성초 스팟 패드 카밍터치 140매 대용량 기획,https://www.oliveyoung.co.kr/store/goods/getGoodsDetail.do?goodsNo=A000000163609&dispCatNo=90000010009&trackingCd=Best_Sellingbest&t_page=랭킹&t_click=판매랭킹_마스크팩_상품상세&t_number=11
마스크팩,12,에스네이처,[화해1위/나는지원 PICK] 에스네이처 수퍼 아쿠아겔 오아시스 앰플 마스크 1매,https://www.oliveyoung.co.kr/store/goods/getGoodsDetail.do?goodsNo=A000000168530&dispCatNo=90000010009&trackingCd=Best_Sellingbest&t_page=랭킹&t_click=판매랭킹_마스크팩_상품상세&t_number=12
마스크팩,13,브링그린,[1+1][백현 PICK] 브링그린 티트리시카포어코팩 3매입,https://www.oliveyoung.co.kr/store/goods/getGoodsDetail.do?goodsNo=A000000185113&dispCatNo=90000010009&trackingCd=Best_Sellingbest&t_page=랭킹&t_click=판매랭킹_마스크팩_상품상세&t_number=13
마스크팩,14,바이오던스,바이오던스 바이오 콜라겐 리얼 딥 마스크 16매,https://www.oliveyoung.co.kr/store/goods/getGoodsDetail.do?goodsNo=A000000184348&dispCatNo=90000010009&trackingCd=Best_Sellingbest&t_page=랭킹&t_click=판매랭킹_마스크팩_상품상세&t_number=14
마스크팩,15,넘버즈인,[모공각질] 넘버즈인 4번 모공제로 깐달걀 토너패드 70매 리필 기획 (70매+70매 리필),https://www.oliveyoung.co.kr/store/goods/getGoodsDetail.do?goodsNo=A000000182630&dispCatNo=90000010009&trackingCd=Best_Sellingbest&t_page=랭킹&t_click=판매랭킹_마스크팩_상품상세&t_number=15
마스크팩,16,비플레인,[4월 올영픽] 비플레인 녹두 모공 클레이 팩 120ml (+80ml 증정기획),https://www.oliveyoung.co.kr/store/goods/getGoodsDetail.do?goodsNo=A000000201656&dispCatNo=90000010009&trackingCd=Best_Sellingbest&t_page=랭킹&t_click=판매랭킹_마스크팩_상품상세&t_number=16
마스크팩,17,메디힐,[NEW] 메디힐 히알루론산 워터마이드 에센셜 마스크 10+2매 기획,https://www.oliveyoung.co.kr/store/goods/getGoodsDetail.do?goodsNo=A000000203023&dispCatNo=90000010009&trackingCd=Best_Sellingbest&t_page=랭킹&t_click=판매랭킹_마스크팩_상품상세&t_number=17
마스크팩,18,셀퓨전씨,[급속쿨링] 셀퓨전씨 포스트 알파 퍼스트 쿨링 마스크 1P,https://www.oliveyoung.co.kr/store/goods/getGoodsDetail.do?goodsNo=A000000114176&dispCatNo=90000010009&trackingCd=Best_Sellingbest&t_page=랭킹&t_click=판매랭킹_마스크팩_상품상세&t_number=18
마스크팩,19,한율,한율 어린쑥 수분진정 패드 60매 (+10매 증정 이슬로기획) (OY단독),https://www.oliveyoung.co.kr/store/goods/getGoodsDetail.do?goodsNo=A000000202387&dispCatNo=90000010009&trackingCd=Best_Sellingbest&t_page=랭킹&t_click=판매랭킹_마스크팩_상품상세&t_number=19
마스크팩,20,메디힐,[8관왕 1등] 메디힐 더마 모델링 팩 풀패키지 (비타민 잡티),https://www.oliveyoung.co.kr/store/goods/getGoodsDetail.do?goodsNo=A000000202922&dispCatNo=90000010009&trackingCd=Best_Sellingbest&t_page=랭킹&t_click=판매랭킹_마스크팩_상품상세&t_number=20
마스크팩,21,아누아,[리필기획] 아누아 어성초 77 클리어패드 리필 기획 (70+70매 리필),https://www.oliveyoung.co.kr/store/goods/getGoodsDetail.do?goodsNo=A000000162249&dispCatNo=90000010009&trackingCd=Best_Sellingbest&t_page=랭킹&t_click=판매랭킹_마스크팩_상품상세&t_number=21
마스크팩,22,브링그린,브링그린 프레시볼팩 8g (8종 택1),https://www.oliveyoung.co.kr/store/goods/getGoodsDetail.do?goodsNo=A000000158243&dispCatNo=90000010009&trackingCd=Best_Sellingbest&t_page=랭킹&t_click=판매랭킹_마스크팩_상품상세&t_number=22
마스크팩,23,한율,[1+1기획] 한율 달빛유자 수면팩 70ml+70ml 한정기획,https://www.oliveyoung.co.kr/store/goods/getGoodsDetail.do?goodsNo=A000000183747&dispCatNo=90000010009&trackingCd=Best_Sellingbest&t_page=랭킹&t_click=판매랭킹_마스크팩_상품상세&t_number=23
마스크팩,24,더마토리,[도경수 PICK] 더마토리 시카거즈 패드 160매 기획 (80매+80매 한정기획),https://www.oliveyoung.co.kr/store/goods/getGoodsDetail.do?goodsNo=A000000188213&dispCatNo=90000010009&trackingCd=Best_Sellingbest&t_page=랭킹&t_click=판매랭킹_마스크팩_상품상세&t_number=24
마스크팩,25,마몽드,[로즈마스크 리뉴얼] 마몽드 플로라글로우 로즈 리퀴드 마스크 80ml (+패드 20매 증정),https://www.oliveyoung.co.kr/store/goods/getGoodsDetail.do?goodsNo=A000000200805&dispCatNo=90000010009&trackingCd=Best_Sellingbest&t_page=랭킹&t_click=판매랭킹_마스크팩_상품상세&t_number=25
마스크팩,26,바이오힐보,[NEW]바이오힐보 판테셀 리페어시카 거즈패드 80매+80매 기획,https://www.oliveyoung.co.kr/store/goods/getGoodsDetail.do?goodsNo=A000000189003&dispCatNo=90000010009&trackingCd=Best_Sellingbest&t_page=랭킹&t_click=판매랭킹_마스크팩_상품상세&t_number=26
마스크팩,27,메디힐,[8관왕 1등] 메디힐 더마 모델링 팩 풀패키지 (콜라겐 탄력),https://www.oliveyoung.co.kr/store/goods/getGoodsDetail.do?goodsNo=A000000202921&dispCatNo=90000010009&trackingCd=Best_Sellingbest&t_page=랭킹&t_click=판매랭킹_마스크팩_상품상세&t_number=27
마스크팩,28,린제이,린제이 모델링 마스크 3종 택1(쿨티트리/차콜/진정약초),https://www.oliveyoung.co.kr/store/goods/getGoodsDetail.do?goodsNo=A000000152153&dispCatNo=90000010009&trackingCd=Best_Sellingbest&t_page=랭킹&t_click=판매랭킹_마스크팩_상품상세&t_number=28
마스크팩,29,메디큐브,메디큐브 제로 모공 블랙헤드 머드팩 100g,https://www.oliveyoung.co.kr/store/goods/getGoodsDetail.do?goodsNo=A000000202424&dispCatNo=90000010009&trackingCd=Best_Sellingbest&t_page=랭킹&t_click=판매랭킹_마스크팩_상품상세&t_number=29
마스크팩,30,더마토리,더마토리 밀착 밴드 마스크 3종 택1 (시카/레티날/히알덤),https://www.oliveyoung.co.kr/store/goods/getGoodsDetail.do?goodsNo=A000000178597&dispCatNo=90000010009&trackingCd=Best_Sellingbest&t_page=랭킹&t_click=판매랭킹_마스크팩_상품상세&t_number=30
마스크팩,31,넘버즈인,[피지진정] 넘버즈인 1번 시카 갈아만든 초록패드 70매 기획 (+10매 추가 증정),https://www.oliveyoung.co.kr/store/goods/getGoodsDetail.do?goodsNo=A000000177758&dispCatNo=90000010009&trackingCd=Best_Sellingbest&t_page=랭킹&t_click=판매랭킹_마스크팩_상품상세&t_number=31
마스크팩,32,CKD,[한혜진PICK/4+1] CKD 레티노콜라겐 저분자300 모공탄력 마스크 4+1 기획,https://www.oliveyoung.co.kr/store/goods/getGoodsDetail.do?goodsNo=A000000175069&dispCatNo=90000010009&trackingCd=Best_Sellingbest&t_page=랭킹&t_click=판매랭킹_마스크팩_상품상세&t_number=32
마스크팩,33,일소,[로운PICK]일소 네추럴 마일드 클리어 노우즈 팩 5매입,https://www.oliveyoung.co.kr/store/goods/getGoodsDetail.do?goodsNo=A000000171820&dispCatNo=90000010009&trackingCd=Best_Sellingbest&t_page=랭킹&t_click=판매랭킹_마스크팩_상품상세&t_number=33
마스크팩,34,바이오던스,바이오던스 하이드로 세라놀 리얼 딥 마스크 7매,https://www.oliveyoung.co.kr/store/goods/getGoodsDetail.do?goodsNo=A000000201133&dispCatNo=90000010009&trackingCd=Best_Sellingbest&t_page=랭킹&t_click=판매랭킹_마스크팩_상품상세&t_number=34
마스크팩,35,스킨푸드,[올영단독] 스킨푸드 감자 마데카소사이드 수딩 패드 60매 (+10매 증정기획),https://www.oliveyoung.co.kr/store/goods/getGoodsDetail.do?goodsNo=A000000200397&dispCatNo=90000010009&trackingCd=Best_Sellingbest&t_page=랭킹&t_click=판매랭킹_마스크팩_상품상세&t_number=35
마스크팩,36,브링그린,브링그린 모델링 팩 [티트리 시카/대나무 히알루/토닝비타] 28g/5개입,https://www.oliveyoung.co.kr/store/goods/getGoodsDetail.do?goodsNo=A000000193133&dispCatNo=90000010009&trackingCd=Best_Sellingbest&t_page=랭킹&t_click=판매랭킹_마스크팩_상품상세&t_number=36
마스크팩,37,메디힐,[6년연속1위] 메디힐 에센셜 마스크팩 10매 6종 택1,https://www.oliveyoung.co.kr/store/goods/getGoodsDetail.do?goodsNo=A000000160736&dispCatNo=90000010009&trackingCd=Best_Sellingbest&t_page=랭킹&t_click=판매랭킹_마스크팩_상품상세&t_number=37
마스크팩,38,빌리프,빌리프 슈퍼나이츠 리제너레이팅 나이트 마스크 단품/75ml기획 (+아밤10ml+에센스35ml),https://www.oliveyoung.co.kr/store/goods/getGoodsDetail.do?goodsNo=A000000180099&dispCatNo=90000010009&trackingCd=Best_Sellingbest&t_page=랭킹&t_click=판매랭킹_마스크팩_상품상세&t_number=38
마스크팩,39,제이준,[영양탄력] 제이준 콜라겐 스킨 핏 탄력 강화 마스크팩 1매,https://www.oliveyoung.co.kr/store/goods/getGoodsDetail.do?goodsNo=A000000189100&dispCatNo=90000010009&trackingCd=Best_Sellingbest&t_page=랭킹&t_click=판매랭킹_마스크팩_상품상세&t_number=39
마스크팩,40,닥터지,[탄력/리프팅] 닥터지 블랙스네일 리프팅 마스크 5매,https://www.oliveyoung.co.kr/store/goods/getGoodsDetail.do?goodsNo=A000000188154&dispCatNo=90000010009&trackingCd=Best_Sellingbest&t_page=랭킹&t_click=판매랭킹_마스크팩_상품상세&t_number=40
마스크팩,41,더랩바이블랑두,더랩바이블랑두 저분자 히알루론산 쏙수분 마스크팩 1매,https://www.oliveyoung.co.kr/store/goods/getGoodsDetail.do?goodsNo=A000000172855&dispCatNo=90000010009&trackingCd=Best_Sellingbest&t_page=랭킹&t_click=판매랭킹_마스크팩_상품상세&t_number=41
마스크팩,42,일소,"[2023어워즈]일소 노우즈 팩 10매 한정 기획(+1매, 머드팩 20g)",https://www.oliveyoung.co.kr/store/goods/getGoodsDetail.do?goodsNo=A000000192620&dispCatNo=90000010009&trackingCd=Best_Sellingbest&t_page=랭킹&t_click=판매랭킹_마스크팩_상품상세&t_number=42
마스크팩,43,셀퓨전씨,[빙하수쿨링] 셀퓨전씨 포스트 알파 쿨링 패드 70매,https://www.oliveyoung.co.kr/store/goods/getGoodsDetail.do?goodsNo=A000000167203&dispCatNo=90000010009&trackingCd=Best_Sellingbest&t_page=랭킹&t_click=판매랭킹_마스크팩_상품상세&t_number=43
마스크팩,44,브링그린,[NEW] 브링그린 티트리 시카 포어 클레이 모공팩 2종,https://www.oliveyoung.co.kr/store/goods/getGoodsDetail.do?goodsNo=A000000198875&dispCatNo=90000010009&trackingCd=Best_Sellingbest&t_page=랭킹&t_click=판매랭킹_마스크팩_상품상세&t_number=44
마스크팩,45,메디힐,[NEW] 메디힐 미백 버블톡스 세럼 마스크 1매,https://www.oliveyoung.co.kr/store/goods/getGoodsDetail.do?goodsNo=A000000176574&dispCatNo=90000010009&trackingCd=Best_Sellingbest&t_page=랭킹&t_click=판매랭킹_마스크팩_상품상세&t_number=45
마스크팩,46,메디힐,[31관왕] 메디힐 비타마이드 잡티 패드 100매,https://www.oliveyoung.co.kr/store/goods/getGoodsDetail.do?goodsNo=A000000186554&dispCatNo=90000010009&trackingCd=Best_Sellingbest&t_page=랭킹&t_click=판매랭킹_마스크팩_상품상세&t_number=46
마스크팩,47,구달,구달 청귤 비타C 잡티케어 세럼 마스크 1매,https://www.oliveyoung.co.kr/store/goods/getGoodsDetail.do?goodsNo=A000000162318&dispCatNo=90000010009&trackingCd=Best_Sellingbest&t_page=랭킹&t_click=판매랭킹_마스크팩_상품상세&t_number=47
마스크팩,48,메디힐,[탄력리프팅] 메디힐 레티놀 콜라겐 윤곽 마스크 4매 택 1 [앰플/크림],https://www.oliveyoung.co.kr/store/goods/getGoodsDetail.do?goodsNo=A000000192503&dispCatNo=90000010009&trackingCd=Best_Sellingbest&t_page=랭킹&t_click=판매랭킹_마스크팩_상품상세&t_number=48
마스크팩,49,아비브,[단독기획] 아비브 수분초 히알루론 패드 하이드레이팅 터치 75매 기획 (+10매 추가 증정),https://www.oliveyoung.co.kr/store/goods/getGoodsDetail.do?goodsNo=A000000170295&dispCatNo=90000010009&trackingCd=Best_Sellingbest&t_page=랭킹&t_click=판매랭킹_마스크팩_상품상세&t_number=49
마스크팩,50,아비브,[열감진정] 아비브 어성초 스팟 패드 카밍터치 리필 기획 (80매+리필 80매),https://www.oliveyoung.co.kr/store/goods/getGoodsDetail.do?goodsNo=A000000170041&dispCatNo=90000010009&trackingCd=Best_Sellingbest&t_page=랭킹&t_click=판매랭킹_마스크팩_상품상세&t_number=50
마스크팩,51,아비브,아비브 콜라겐 아이패치 부활초 젤리 60매,https://www.oliveyoung.co.kr/store/goods/getGoodsDetail.do?goodsNo=A000000178343&dispCatNo=90000010009&trackingCd=Best_Sellingbest&t_page=랭킹&t_click=판매랭킹_마스크팩_상품상세&t_number=51
마스크팩,52,메디힐,[김지영PICK] 메디힐 비타 콜라겐 아이 앰플 패치 60매,https://www.oliveyoung.co.kr/store/goods/getGoodsDetail.do?goodsNo=A000000200068&dispCatNo=90000010009&trackingCd=Best_Sellingbest&t_page=랭킹&t_click=판매랭킹_마스크팩_상품상세&t_number=52
마스크팩,53,린제이,린제이 모델링 마스크 4종 택1(콜라겐/비타민/카렌듈라/라벤더),https://www.oliveyoung.co.kr/store/goods/getGoodsDetail.do?goodsNo=A000000010497&dispCatNo=90000010009&trackingCd=Best_Sellingbest&t_page=랭킹&t_click=판매랭킹_마스크팩_상품상세&t_number=53
마스크팩,54,바이오던스,[단독] 바이오던스 바이오 콜라겐 리얼 딥 마스크 7매,https://www.oliveyoung.co.kr/store/goods/getGoodsDetail.do?goodsNo=A000000187480&dispCatNo=90000010009&trackingCd=Best_Sellingbest&t_page=랭킹&t_click=판매랭킹_마스크팩_상품상세&t_number=54
마스크팩,55,닥터지,닥터지 레드 블레미쉬 클리어 퀵 수딩 패드 더블 기획세트(70매+70매),https://www.oliveyoung.co.kr/store/goods/getGoodsDetail.do?goodsNo=A000000166404&dispCatNo=90000010009&trackingCd=Best_Sellingbest&t_page=랭킹&t_click=판매랭킹_마스크팩_상품상세&t_number=55
마스크팩,56,라운드랩,[수분진정] 라운드랩 자작나무 수분 패드 더블 기획 (80매+80매),https://www.oliveyoung.co.kr/store/goods/getGoodsDetail.do?goodsNo=A000000160796&dispCatNo=90000010009&trackingCd=Best_Sellingbest&t_page=랭킹&t_click=판매랭킹_마스크팩_상품상세&t_number=56
마스크팩,57,메디앤서,메디앤서 카밍 콜라겐 마스크 10매,https://www.oliveyoung.co.kr/store/goods/getGoodsDetail.do?goodsNo=A000000199020&dispCatNo=90000010009&trackingCd=Best_Sellingbest&t_page=랭킹&t_click=판매랭킹_마스크팩_상품상세&t_number=57
마스크팩,58,아이소이,[한정기획] 아이소이 블레미쉬 케어 아이&미간 패치 90매 (+90매 더블기획),https://www.oliveyoung.co.kr/store/goods/getGoodsDetail.do?goodsNo=A000000198829&dispCatNo=90000010009&trackingCd=Best_Sellingbest&t_page=랭킹&t_click=판매랭킹_마스크팩_상품상세&t_number=58
마스크팩,59,로벡틴,[탄력/수분] 로벡틴 닥터마스크 아쿠아 1매,https://www.oliveyoung.co.kr/store/goods/getGoodsDetail.do?goodsNo=A000000130887&dispCatNo=90000010009&trackingCd=Best_Sellingbest&t_page=랭킹&t_click=판매랭킹_마스크팩_상품상세&t_number=59
마스크팩,60,토리든,토리든 밸런스풀 시카 마스크 1매,https://www.oliveyoung.co.kr/store/goods/getGoodsDetail.do?goodsNo=A000000180588&dispCatNo=90000010009&trackingCd=Best_Sellingbest&t_page=랭킹&t_click=판매랭킹_마스크팩_상품상세&t_number=60
마스크팩,61,이지듀,이지듀 EGF 멜라토닝 기미 패치 5g*4매,https://www.oliveyoung.co.kr/store/goods/getGoodsDetail.do?goodsNo=A000000188496&dispCatNo=90000010009&trackingCd=Best_Sellingbest&t_page=랭킹&t_click=판매랭킹_마스크팩_상품상세&t_number=61
마스크팩,62,VT,VT 시카 슬리핑 마스크 30매입,https://www.oliveyoung.co.kr/store/goods/getGoodsDetail.do?goodsNo=A000000145537&dispCatNo=90000010009&trackingCd=Best_Sellingbest&t_page=랭킹&t_click=판매랭킹_마스크팩_상품상세&t_number=62
마스크팩,63,코스알엑스,[총180매대용량] 코스알엑스 원스텝 모이스쳐 업 패드 더블 기획 (90매+90매),https://www.oliveyoung.co.kr/store/goods/getGoodsDetail.do?goodsNo=A000000162185&dispCatNo=90000010009&trackingCd=Best_Sellingbest&t_page=랭킹&t_click=판매랭킹_마스크팩_상품상세&t_number=63
마스크팩,64,코스알엑스,[180매대용량] 코스알엑스 원스텝 오리지널 패드 90매 더블기획,https://www.oliveyoung.co.kr/store/goods/getGoodsDetail.do?goodsNo=A000000167387&dispCatNo=90000010009&trackingCd=Best_Sellingbest&t_page=랭킹&t_click=판매랭킹_마스크팩_상품상세&t_number=64
마스크팩,65,메디앤서,[모공탄력]메디앤서 포어 콜라겐 마스크 5매,https://www.oliveyoung.co.kr/store/goods/getGoodsDetail.do?goodsNo=A000000170811&dispCatNo=90000010009&trackingCd=Best_Sellingbest&t_page=랭킹&t_click=판매랭킹_마스크팩_상품상세&t_number=65
마스크팩,66,해서린,해서린 포어 클리어 화이트 코팩 16매 (대용량),https://www.oliveyoung.co.kr/store/goods/getGoodsDetail.do?goodsNo=A000000118086&dispCatNo=90000010009&trackingCd=Best_Sellingbest&t_page=랭킹&t_click=판매랭킹_마스크팩_상품상세&t_number=66
마스크팩,67,메디힐,[31관왕] 메디힐 티트리 패드 100매 (+100매 더블증정 기획),https://www.oliveyoung.co.kr/store/goods/getGoodsDetail.do?goodsNo=A000000171417&dispCatNo=90000010009&trackingCd=Best_Sellingbest&t_page=랭킹&t_click=판매랭킹_마스크팩_상품상세&t_number=67
마스크팩,68,메디힐,[31관왕] 메디힐 콜라겐 채움 패드 100매 더블 기획 (100매+100매 리필),https://www.oliveyoung.co.kr/store/goods/getGoodsDetail.do?goodsNo=A000000177789&dispCatNo=90000010009&trackingCd=Best_Sellingbest&t_page=랭킹&t_click=판매랭킹_마스크팩_상품상세&t_number=68
마스크팩,69,오제끄,오제끄 아웃도어 비타토닝패치 대형 10매 기획 (+2매 증정),https://www.oliveyoung.co.kr/store/goods/getGoodsDetail.do?goodsNo=A000000203078&dispCatNo=90000010009&trackingCd=Best_Sellingbest&t_page=랭킹&t_click=판매랭킹_마스크팩_상품상세&t_number=69
마스크팩,70,넘버즈인,[피부결] 넘버즈인 3번 참은만큼 보들보들 결세럼팩 4매 (+1매 증정기획),https://www.oliveyoung.co.kr/store/goods/getGoodsDetail.do?goodsNo=A000000166626&dispCatNo=90000010009&trackingCd=Best_Sellingbest&t_page=랭킹&t_click=판매랭킹_마스크팩_상품상세&t_number=70
마스크팩,71,차앤박,[단독기획] 차앤박(CNP) 블랙헤드 클리어 키트 3+2매 기획,https://www.oliveyoung.co.kr/store/goods/getGoodsDetail.do?goodsNo=A000000168080&dispCatNo=90000010009&trackingCd=Best_Sellingbest&t_page=랭킹&t_click=판매랭킹_마스크팩_상품상세&t_number=71
마스크팩,72,니들리,니들리 데일리 토너 패드 더블 기획(본품 60매+ 리필팩 60매),https://www.oliveyoung.co.kr/store/goods/getGoodsDetail.do?goodsNo=A000000163549&dispCatNo=90000010009&trackingCd=Best_Sellingbest&t_page=랭킹&t_click=판매랭킹_마스크팩_상품상세&t_number=72
마스크팩,73,토리든,[단독리필기획] 토리든 밸런스풀 시카 토너 패드 60매 리필 기획 (60매+60매 리필),https://www.oliveyoung.co.kr/store/goods/getGoodsDetail.do?goodsNo=A000000188191&dispCatNo=90000010009&trackingCd=Best_Sellingbest&t_page=랭킹&t_click=판매랭킹_마스크팩_상품상세&t_number=73
마스크팩,74,피캄,피캄 베리어 사이클 락토P 토너 패드 60매,https://www.oliveyoung.co.kr/store/goods/getGoodsDetail.do?goodsNo=A000000170181&dispCatNo=90000010009&trackingCd=Best_Sellingbest&t_page=랭킹&t_click=판매랭킹_마스크팩_상품상세&t_number=74
마스크팩,75,토르홉,토르홉 로일리 그린머드 콜라겐 마스크 90g,https://www.oliveyoung.co.kr/store/goods/getGoodsDetail.do?goodsNo=A000000201134&dispCatNo=90000010009&trackingCd=Best_Sellingbest&t_page=랭킹&t_click=판매랭킹_마스크팩_상품상세&t_number=75
마스크팩,76,넘버즈인,[탄력광채] 넘버즈인 3번 맑은결광 에센스 점보패드 70매 기획 (+10매 추가 증정),https://www.oliveyoung.co.kr/store/goods/getGoodsDetail.do?goodsNo=A000000171357&dispCatNo=90000010009&trackingCd=Best_Sellingbest&t_page=랭킹&t_click=판매랭킹_마스크팩_상품상세&t_number=76
마스크팩,77,메디앤서,메디앤서 포어 콜라겐 클리어 패드 기획 80매 기획 (+10매),https://www.oliveyoung.co.kr/store/goods/getGoodsDetail.do?goodsNo=A000000183438&dispCatNo=90000010009&trackingCd=Best_Sellingbest&t_page=랭킹&t_click=판매랭킹_마스크팩_상품상세&t_number=77
마스크팩,78,비플레인,[흔적진정] 비플레인 시카테롤 블레미쉬 패드 70매(+20매 증정기획),https://www.oliveyoung.co.kr/store/goods/getGoodsDetail.do?goodsNo=A000000199341&dispCatNo=90000010009&trackingCd=Best_Sellingbest&t_page=랭킹&t_click=판매랭킹_마스크팩_상품상세&t_number=78
마스크팩,79,토르홉,토르홉 사우난지앙 솔트 마스크 90g,https://www.oliveyoung.co.kr/store/goods/getGoodsDetail.do?goodsNo=A000000198876&dispCatNo=90000010009&trackingCd=Best_Sellingbest&t_page=랭킹&t_click=판매랭킹_마스크팩_상품상세&t_number=79
마스크팩,80,메디힐,메디힐 캡슐100 바이오 세컨덤 수분 하이드로 10매,https://www.oliveyoung.co.kr/store/goods/getGoodsDetail.do?goodsNo=A000000104064&dispCatNo=90000010009&trackingCd=Best_Sellingbest&t_page=랭킹&t_click=판매랭킹_마스크팩_상품상세&t_number=80
마스크팩,81,메디필,[물광모공리프팅팩] 메디필 레드 락토 콜라겐 랩핑 마스크 70ml 기획 (본품+브러쉬 구성),https://www.oliveyoung.co.kr/store/goods/getGoodsDetail.do?goodsNo=A000000174610&dispCatNo=90000010009&trackingCd=Best_Sellingbest&t_page=랭킹&t_click=판매랭킹_마스크팩_상품상세&t_number=81
마스크팩,82,잇츠스킨,[화해1위]잇츠스킨 파워10 포뮬라 엘아이 젤리패드 감초줄렌 70매 기획 (+10매),https://www.oliveyoung.co.kr/store/goods/getGoodsDetail.do?goodsNo=A000000180954&dispCatNo=90000010009&trackingCd=Best_Sellingbest&t_page=랭킹&t_click=판매랭킹_마스크팩_상품상세&t_number=82
마스크팩,83,바이비드,바이비드 인앤아웃 페이셜 마스크 (본품5매 +1매 추가 증정),https://www.oliveyoung.co.kr/store/goods/getGoodsDetail.do?goodsNo=A000000141918&dispCatNo=90000010009&trackingCd=Best_Sellingbest&t_page=랭킹&t_click=판매랭킹_마스크팩_상품상세&t_number=83
마스크팩,84,메디필,[모공타이트닝] 메디필 레드락토 콜라겐 더블 타이트 패드 70매,https://www.oliveyoung.co.kr/store/goods/getGoodsDetail.do?goodsNo=A000000148153&dispCatNo=90000010009&trackingCd=Best_Sellingbest&t_page=랭킹&t_click=판매랭킹_마스크팩_상품상세&t_number=84
마스크팩,85,에스트라,에스트라 에이시카365 소프트 진정 팩 패드 60매,https://www.oliveyoung.co.kr/store/goods/getGoodsDetail.do?goodsNo=A000000162948&dispCatNo=90000010009&trackingCd=Best_Sellingbest&t_page=랭킹&t_click=판매랭킹_마스크팩_상품상세&t_number=85
마스크팩,86,라네즈,[단독 기획] 라네즈 워터 슬리핑 마스크 70ml 기획(+30ml+시슬마10ml),https://www.oliveyoung.co.kr/store/goods/getGoodsDetail.do?goodsNo=A000000168605&dispCatNo=90000010009&trackingCd=Best_Sellingbest&t_page=랭킹&t_click=판매랭킹_마스크팩_상품상세&t_number=86
마스크팩,87,넘버즈인,[수분광채] 넘버즈인 1번 수분흠뻑 스파광 삼림욕팩 1매,https://www.oliveyoung.co.kr/store/goods/getGoodsDetail.do?goodsNo=A000000160901&dispCatNo=90000010009&trackingCd=Best_Sellingbest&t_page=랭킹&t_click=판매랭킹_마스크팩_상품상세&t_number=87
마스크팩,88,넘버즈인,[탄력미백] 넘버즈인 2번 워터콜라겐 65% 볼륨팩 1매,https://www.oliveyoung.co.kr/store/goods/getGoodsDetail.do?goodsNo=A000000165393&dispCatNo=90000010009&trackingCd=Best_Sellingbest&t_page=랭킹&t_click=판매랭킹_마스크팩_상품상세&t_number=88
마스크팩,89,메디큐브,[유재석 PICK] 메디큐브 제로 모공 패드 2.0 70매,https://www.oliveyoung.co.kr/store/goods/getGoodsDetail.do?goodsNo=A000000161681&dispCatNo=90000010009&trackingCd=Best_Sellingbest&t_page=랭킹&t_click=판매랭킹_마스크팩_상품상세&t_number=89
마스크팩,90,토리든,[단독기획] 토리든 다이브인 멀티패드 80매 기획 (+10매 추가 증정),https://www.oliveyoung.co.kr/store/goods/getGoodsDetail.do?goodsNo=A000000173588&dispCatNo=90000010009&trackingCd=Best_Sellingbest&t_page=랭킹&t_click=판매랭킹_마스크팩_상품상세&t_number=90
마스크팩,91,라네즈,[단독 기획] 라네즈 시카 슬리핑 마스크 60ml 기획(+10ml+워슬마30ml),https://www.oliveyoung.co.kr/store/goods/getGoodsDetail.do?goodsNo=A000000168607&dispCatNo=90000010009&trackingCd=Best_Sellingbest&t_page=랭킹&t_click=판매랭킹_마스크팩_상품상세&t_number=91
마스크팩,92,VT,VT 시카 데일리 수딩 마스크,https://www.oliveyoung.co.kr/store/goods/getGoodsDetail.do?goodsNo=A000000144613&dispCatNo=90000010009&trackingCd=Best_Sellingbest&t_page=랭킹&t_click=판매랭킹_마스크팩_상품상세&t_number=92
마스크팩,93,브링그린,[NEW] 브링그린 징크테카트러블세럼마스크 1매,https://www.oliveyoung.co.kr/store/goods/getGoodsDetail.do?goodsNo=A000000201021&dispCatNo=90000010009&trackingCd=Best_Sellingbest&t_page=랭킹&t_click=판매랭킹_마스크팩_상품상세&t_number=93
마스크팩,94,한율,[가로모공수축]한율 부들밤 말끔피지 모공팩 100ml (15ml+모공패드 4매)기획,https://www.oliveyoung.co.kr/store/goods/getGoodsDetail.do?goodsNo=A000000202388&dispCatNo=90000010009&trackingCd=Best_Sellingbest&t_page=랭킹&t_click=판매랭킹_마스크팩_상품상세&t_number=94
마스크팩,95,한율,한율 부들밤 모공수축 패드 50매(+20매 기획),https://www.oliveyoung.co.kr/store/goods/getGoodsDetail.do?goodsNo=A000000187310&dispCatNo=90000010009&trackingCd=Best_Sellingbest&t_page=랭킹&t_click=판매랭킹_마스크팩_상품상세&t_number=95
마스크팩,96,아비브,[순한진정] 아비브 약산성 pH 시트 마스크 어성초 핏 5매 (+1매 증정 기획),https://www.oliveyoung.co.kr/store/goods/getGoodsDetail.do?goodsNo=A000000170300&dispCatNo=90000010009&trackingCd=Best_Sellingbest&t_page=랭킹&t_click=판매랭킹_마스크팩_상품상세&t_number=96
마스크팩,97,메디힐,메디힐 진정 버블톡스 세럼 마스크 10매,https://www.oliveyoung.co.kr/store/goods/getGoodsDetail.do?goodsNo=A000000176573&dispCatNo=90000010009&trackingCd=Best_Sellingbest&t_page=랭킹&t_click=판매랭킹_마스크팩_상품상세&t_number=97
마스크팩,98,메디힐,[NEW] 메디힐 미백 버블톡스 세럼 마스크 10매,https://www.oliveyoung.co.kr/store/goods/getGoodsDetail.do?goodsNo=A000000176575&dispCatNo=90000010009&trackingCd=Best_Sellingbest&t_page=랭킹&t_click=판매랭킹_마스크팩_상품상세&t_number=98
마스크팩,99,아비브,[10분진정] 아비브 껌딱지 시트 마스크 어성초 스티커 10매,https://www.oliveyoung.co.kr/store/goods/getGoodsDetail.do?goodsNo=A000000188024&dispCatNo=90000010009&trackingCd=Best_Sellingbest&t_page=랭킹&t_click=판매랭킹_마스크팩_상품상세&t_number=99
마스크팩,100,톡스앤필,톡스앤필 리프팅 마스크 포 페이스 앤 넥 1매/5매,https://www.oliveyoung.co.kr/store/goods/getGoodsDetail.do?goodsNo=A000000201755&dispCatNo=90000010009&trackingCd=Best_Sellingbest&t_page=랭킹&t_click=판매랭킹_마스크팩_상품상세&t_number=100
클렌징,1,비플레인,[4월 올영픽] 비플레인 녹두 약산성 클렌징폼 160ml 더블 기획,https://www.oliveyoung.co.kr/store/goods/getGoodsDetail.do?goodsNo=A000000201653&dispCatNo=90000010009&trackingCd=Best_Sellingbest&t_page=랭킹&t_click=판매랭킹_클렌징_상품상세&t_number=1
클렌징,2,마녀공장,[증정] 마녀공장 퓨어 클렌징 오일 200ml+퓨어폼 20ml,https://www.oliveyoung.co.kr/store/goods/getGoodsDetail.do?goodsNo=A000000158579&dispCatNo=90000010009&trackingCd=Best_Sellingbest&t_page=랭킹&t_click=판매랭킹_클렌징_상품상세&t_number=2
클렌징,3,비플레인,[4월 올영픽] 비플레인 녹두 클렌징오일 200ml 기획 (+100ml),https://www.oliveyoung.co.kr/store/goods/getGoodsDetail.do?goodsNo=A000000201654&dispCatNo=90000010009&trackingCd=Best_Sellingbest&t_page=랭킹&t_click=판매랭킹_클렌징_상품상세&t_number=3
클렌징,4,일소,"[로운PICK] 일소 슈퍼 멜팅 세범 소프트너 150ml 기획 (+솜 40매 증정,피지연화제)",https://www.oliveyoung.co.kr/store/goods/getGoodsDetail.do?goodsNo=A000000192568&dispCatNo=90000010009&trackingCd=Best_Sellingbest&t_page=랭킹&t_click=판매랭킹_클렌징_상품상세&t_number=4
클렌징,5,라로슈포제,라로슈포제 에빠끌라 딥클렌징포밍크림 125ml 더블 기획(+에빠끌라 폼 15ml 증정),https://www.oliveyoung.co.kr/store/goods/getGoodsDetail.do?goodsNo=A000000202900&dispCatNo=90000010009&trackingCd=Best_Sellingbest&t_page=랭킹&t_click=판매랭킹_클렌징_상품상세&t_number=5
클렌징,6,바이오더마,[올리브영 단독/화장솜 20매 증정] 센시비오 H2O 850ml,https://www.oliveyoung.co.kr/store/goods/getGoodsDetail.do?goodsNo=A000000130319&dispCatNo=90000010009&trackingCd=Best_Sellingbest&t_page=랭킹&t_click=판매랭킹_클렌징_상품상세&t_number=6
클렌징,7,메이크프렘,메이크프렘 세이프 미 클렌징밀크 200ml 어워즈 한정 기획 (괄사 증정),https://www.oliveyoung.co.kr/store/goods/getGoodsDetail.do?goodsNo=A000000192124&dispCatNo=90000010009&trackingCd=Best_Sellingbest&t_page=랭킹&t_click=판매랭킹_클렌징_상품상세&t_number=7
클렌징,8,바닐라코,[1등 클렌징밤] 바닐라코 클린잇제로 오리지널 클렌징밤 100ml,https://www.oliveyoung.co.kr/store/goods/getGoodsDetail.do?goodsNo=A000000202675&dispCatNo=90000010009&trackingCd=Best_Sellingbest&t_page=랭킹&t_click=판매랭킹_클렌징_상품상세&t_number=8
클렌징,9,폰즈,[나띠 pick] 폰즈 클리어 스파 립앤아이 리무버 (본품300ml+120ml),https://www.oliveyoung.co.kr/store/goods/getGoodsDetail.do?goodsNo=A000000146757&dispCatNo=90000010009&trackingCd=Best_Sellingbest&t_page=랭킹&t_click=판매랭킹_클렌징_상품상세&t_number=9
클렌징,10,바이오더마,바이오더마 센시비오 H2O 500ml,https://www.oliveyoung.co.kr/store/goods/getGoodsDetail.do?goodsNo=A000000002654&dispCatNo=90000010009&trackingCd=Best_Sellingbest&t_page=랭킹&t_click=판매랭킹_클렌징_상품상세&t_number=10
클렌징,11,에스네이처,[화해1위] 에스네이처 아쿠아 라이스 약산성 클렌징폼 160ml 기획(+20ml),https://www.oliveyoung.co.kr/store/goods/getGoodsDetail.do?goodsNo=A000000190494&dispCatNo=90000010009&trackingCd=Best_Sellingbest&t_page=랭킹&t_click=판매랭킹_클렌징_상품상세&t_number=11
클렌징,12,센카,[4월 올영픽/대용량 한정기획]센카 퍼펙트 휩 페이셜 워시 에이 150g+150g 대용량 2입 기획,https://www.oliveyoung.co.kr/store/goods/getGoodsDetail.do?goodsNo=A000000192658&dispCatNo=90000010009&trackingCd=Best_Sellingbest&t_page=랭킹&t_click=판매랭킹_클렌징_상품상세&t_number=12
클렌징,13,마녀공장,[대용량] 마녀공장 퓨어&딥 클렌징폼 200ml+100ml 증정 기획,https://www.oliveyoung.co.kr/store/goods/getGoodsDetail.do?goodsNo=A000000187782&dispCatNo=90000010009&trackingCd=Best_Sellingbest&t_page=랭킹&t_click=판매랭킹_클렌징_상품상세&t_number=13
클렌징,14,한스킨,한스킨 클렌징오일 & 블랙헤드 (AHA/BHA/PHA) 300ml 3종 택 1,https://www.oliveyoung.co.kr/store/goods/getGoodsDetail.do?goodsNo=A000000189528&dispCatNo=90000010009&trackingCd=Best_Sellingbest&t_page=랭킹&t_click=판매랭킹_클렌징_상품상세&t_number=14
클렌징,15,식물나라,[대용량] 식물나라 제주탄산수 퀵 립앤아이리무버 300ml,https://www.oliveyoung.co.kr/store/goods/getGoodsDetail.do?goodsNo=A000000152532&dispCatNo=90000010009&trackingCd=Best_Sellingbest&t_page=랭킹&t_click=판매랭킹_클렌징_상품상세&t_number=15
클렌징,16,메디큐브,[유재석 PICK] 메디큐브 슈퍼 시카 딥 클렌징 밤 100ml,https://www.oliveyoung.co.kr/store/goods/getGoodsDetail.do?goodsNo=A000000187422&dispCatNo=90000010009&trackingCd=Best_Sellingbest&t_page=랭킹&t_click=판매랭킹_클렌징_상품상세&t_number=16
클렌징,17,로벡틴,[19.56% 모공축소] 로벡틴 포어케어 그린파파야 타이트닝 클렌징폼 150ml,https://www.oliveyoung.co.kr/store/goods/getGoodsDetail.do?goodsNo=A000000175709&dispCatNo=90000010009&trackingCd=Best_Sellingbest&t_page=랭킹&t_click=판매랭킹_클렌징_상품상세&t_number=17
클렌징,18,넘버즈인,[피지순삭] 넘버즈인 1번 말끔 순삭 클렌징오일 300ml 기획 (+2번 클렌징폼 120ml 증정),https://www.oliveyoung.co.kr/store/goods/getGoodsDetail.do?goodsNo=A000000173533&dispCatNo=90000010009&trackingCd=Best_Sellingbest&t_page=랭킹&t_click=판매랭킹_클렌징_상품상세&t_number=18
클렌징,19,토리든,[단독기획] 토리든 다이브인 저분자 히알루론산 클렌징 폼 150ml 기획(+30ml 추가 증정),https://www.oliveyoung.co.kr/store/goods/getGoodsDetail.do?goodsNo=A000000175915&dispCatNo=90000010009&trackingCd=Best_Sellingbest&t_page=랭킹&t_click=판매랭킹_클렌징_상품상세&t_number=19
클렌징,20,폰즈,[나띠 pick] 폰즈 클리어 스파 립앤아이 리무버 300ml,https://www.oliveyoung.co.kr/store/goods/getGoodsDetail.do?goodsNo=A000000135743&dispCatNo=90000010009&trackingCd=Best_Sellingbest&t_page=랭킹&t_click=판매랭킹_클렌징_상품상세&t_number=20
클렌징,21,닥터지,닥터지 브라이트닝 필링젤 120g 기획 (필링젤 60g+배리어D로션 2ml),https://www.oliveyoung.co.kr/store/goods/getGoodsDetail.do?goodsNo=A000000162279&dispCatNo=90000010009&trackingCd=Best_Sellingbest&t_page=랭킹&t_click=판매랭킹_클렌징_상품상세&t_number=21
클렌징,22,메이크프렘,[최초기획] 메이크프렘 세이프 미 릴리프 모이스처 클렌징폼 140ml 트리플 기획,https://www.oliveyoung.co.kr/store/goods/getGoodsDetail.do?goodsNo=A000000201175&dispCatNo=90000010009&trackingCd=Best_Sellingbest&t_page=랭킹&t_click=판매랭킹_클렌징_상품상세&t_number=22
클렌징,23,아리얼,아리얼 스트레스 릴리빙 립앤아이 리무버 패드 30매,https://www.oliveyoung.co.kr/store/goods/getGoodsDetail.do?goodsNo=A000000124361&dispCatNo=90000010009&trackingCd=Best_Sellingbest&t_page=랭킹&t_click=판매랭킹_클렌징_상품상세&t_number=23
클렌징,24,블랑네이처,블랑네이처 여드름 기능성 클렌징 폼 150ml,https://www.oliveyoung.co.kr/store/goods/getGoodsDetail.do?goodsNo=A000000186409&dispCatNo=90000010009&trackingCd=Best_Sellingbest&t_page=랭킹&t_click=판매랭킹_클렌징_상품상세&t_number=24
클렌징,25,라씨엘르,[단독증량기획] 라씨엘르 엔자임 곡물 클렌징 파우더워시 기획 (본품60g + 10g 추가 증정),https://www.oliveyoung.co.kr/store/goods/getGoodsDetail.do?goodsNo=A000000184949&dispCatNo=90000010009&trackingCd=Best_Sellingbest&t_page=랭킹&t_click=판매랭킹_클렌징_상품상세&t_number=25
클렌징,26,아리얼,아리얼 더 퍼펙트 클렌징 티슈 플러스 더블기획 (100매x2개입),https://www.oliveyoung.co.kr/store/goods/getGoodsDetail.do?goodsNo=A000000149066&dispCatNo=90000010009&trackingCd=Best_Sellingbest&t_page=랭킹&t_click=판매랭킹_클렌징_상품상세&t_number=26
클렌징,27,마녀공장,[NEW] 이사배pick 마녀공장 퓨어 클렌징워터 센서티브 500ml,https://www.oliveyoung.co.kr/store/goods/getGoodsDetail.do?goodsNo=A000000200575&dispCatNo=90000010009&trackingCd=Best_Sellingbest&t_page=랭킹&t_click=판매랭킹_클렌징_상품상세&t_number=27
클렌징,28,라운드랩,라운드랩 1025 독도 클렌저 150ml 더블기획,https://www.oliveyoung.co.kr/store/goods/getGoodsDetail.do?goodsNo=A000000180154&dispCatNo=90000010009&trackingCd=Best_Sellingbest&t_page=랭킹&t_click=판매랭킹_클렌징_상품상세&t_number=28
클렌징,29,키스미,[마스카라 리무버] 키스미 히로인메이크 스피디 마스카라 전용 리무버,https://www.oliveyoung.co.kr/store/goods/getGoodsDetail.do?goodsNo=A000000102752&dispCatNo=90000010009&trackingCd=Best_Sellingbest&t_page=랭킹&t_click=판매랭킹_클렌징_상품상세&t_number=29
클렌징,30,아벤느,아벤느 클리낭스 클렌징 젤 400ml 더블 기획,https://www.oliveyoung.co.kr/store/goods/getGoodsDetail.do?goodsNo=A000000200713&dispCatNo=90000010009&trackingCd=Best_Sellingbest&t_page=랭킹&t_click=판매랭킹_클렌징_상품상세&t_number=30
클렌징,31,메이크프렘,[대용량기획] 메이크프렘 세이프 미 릴리프 모이스처 비건 클렌징오일 300ml 기획 (+폼100ml),https://www.oliveyoung.co.kr/store/goods/getGoodsDetail.do?goodsNo=A000000200092&dispCatNo=90000010009&trackingCd=Best_Sellingbest&t_page=랭킹&t_click=판매랭킹_클렌징_상품상세&t_number=31
클렌징,32,런드리유,[모공브러쉬 증정/단독기획] 런드리유 클린 페이스 가글 스트롱 젤 투 폼 클렌저 기획세트(+여행용*2ea),https://www.oliveyoung.co.kr/store/goods/getGoodsDetail.do?goodsNo=A000000190417&dispCatNo=90000010009&trackingCd=Best_Sellingbest&t_page=랭킹&t_click=판매랭킹_클렌징_상품상세&t_number=32
클렌징,33,일리윤,일리윤 프레쉬 모이스춰 립앤아이 리무버 300ml,https://www.oliveyoung.co.kr/store/goods/getGoodsDetail.do?goodsNo=A000000196979&dispCatNo=90000010009&trackingCd=Best_Sellingbest&t_page=랭킹&t_click=판매랭킹_클렌징_상품상세&t_number=33
클렌징,34,아리얼,아리얼 더 퍼펙트 클렌징 티슈 플러스 20매,https://www.oliveyoung.co.kr/store/goods/getGoodsDetail.do?goodsNo=A000000147672&dispCatNo=90000010009&trackingCd=Best_Sellingbest&t_page=랭킹&t_click=판매랭킹_클렌징_상품상세&t_number=34
클렌징,35,파파레서피,[온라인/단독기획]파파레서피 블레미쉬(광채) 효소 파우더 클렌저 더블 기획 세트(브러쉬+크림7ml 증정),https://www.oliveyoung.co.kr/store/goods/getGoodsDetail.do?goodsNo=A000000195619&dispCatNo=90000010009&trackingCd=Best_Sellingbest&t_page=랭킹&t_click=판매랭킹_클렌징_상품상세&t_number=35
클렌징,36,이즈앤트리,[화해1위] 이즈앤트리 참마 비건 밀크 클렌저 220ml 리필 기획 (+리필100ml),https://www.oliveyoung.co.kr/store/goods/getGoodsDetail.do?goodsNo=A000000185308&dispCatNo=90000010009&trackingCd=Best_Sellingbest&t_page=랭킹&t_click=판매랭킹_클렌징_상품상세&t_number=36
클렌징,37,그레이멜린,그레이멜린 카놀라크레이지 클렌징오일 더블 기획,https://www.oliveyoung.co.kr/store/goods/getGoodsDetail.do?goodsNo=A000000137728&dispCatNo=90000010009&trackingCd=Best_Sellingbest&t_page=랭킹&t_click=판매랭킹_클렌징_상품상세&t_number=37
클렌징,38,휘게,휘게 소프트리셋 그린 클렌징 밤 100ml,https://www.oliveyoung.co.kr/store/goods/getGoodsDetail.do?goodsNo=A000000170036&dispCatNo=90000010009&trackingCd=Best_Sellingbest&t_page=랭킹&t_click=판매랭킹_클렌징_상품상세&t_number=38
클렌징,39,메디필,메디필 레드 락토 콜라겐 클리어 폼 2.0 기획 (300ml+딥 해면 구성),https://www.oliveyoung.co.kr/store/goods/getGoodsDetail.do?goodsNo=A000000184643&dispCatNo=90000010009&trackingCd=Best_Sellingbest&t_page=랭킹&t_click=판매랭킹_클렌징_상품상세&t_number=39
클렌징,40,해서린,해서린 선셋 카멜리아 리무버 스틱 50ea,https://www.oliveyoung.co.kr/store/goods/getGoodsDetail.do?goodsNo=A000000131620&dispCatNo=90000010009&trackingCd=Best_Sellingbest&t_page=랭킹&t_click=판매랭킹_클렌징_상품상세&t_number=40
클렌징,41,바닐라코,[New]바닐라코 클린잇제로 카밍 클렌징밤 100ml,https://www.oliveyoung.co.kr/store/goods/getGoodsDetail.do?goodsNo=A000000202690&dispCatNo=90000010009&trackingCd=Best_Sellingbest&t_page=랭킹&t_click=판매랭킹_클렌징_상품상세&t_number=41
클렌징,42,수이사이,수이사이 뷰티 클리어 블랙 파우더워시 32개입 기획 (+15개입),https://www.oliveyoung.co.kr/store/goods/getGoodsDetail.do?goodsNo=A000000201875&dispCatNo=90000010009&trackingCd=Best_Sellingbest&t_page=랭킹&t_click=판매랭킹_클렌징_상품상세&t_number=42
클렌징,43,라로슈포제,라로슈포제 똘러리앙 포밍클렌저 125ml 기획 (+시카밤 3ml 증정),https://www.oliveyoung.co.kr/store/goods/getGoodsDetail.do?goodsNo=A000000201403&dispCatNo=90000010009&trackingCd=Best_Sellingbest&t_page=랭킹&t_click=판매랭킹_클렌징_상품상세&t_number=43
클렌징,44,라운드랩,[NEW] 라운드랩 소나무 진정 시카 클렌저 150ml,https://www.oliveyoung.co.kr/store/goods/getGoodsDetail.do?goodsNo=A000000185249&dispCatNo=90000010009&trackingCd=Best_Sellingbest&t_page=랭킹&t_click=판매랭킹_클렌징_상품상세&t_number=44
클렌징,45,이즈앤트리,[피지감소] 이즈앤트리 어니언 뉴페어 클렌징폼 150ml,https://www.oliveyoung.co.kr/store/goods/getGoodsDetail.do?goodsNo=A000000164374&dispCatNo=90000010009&trackingCd=Best_Sellingbest&t_page=랭킹&t_click=판매랭킹_클렌징_상품상세&t_number=45
클렌징,46,아비브,아비브 포어 클렌징 오일 어성초 오일 워시 200ml,https://www.oliveyoung.co.kr/store/goods/getGoodsDetail.do?goodsNo=A000000176476&dispCatNo=90000010009&trackingCd=Best_Sellingbest&t_page=랭킹&t_click=판매랭킹_클렌징_상품상세&t_number=46
클렌징,47,라운드랩,[대용량] 라운드랩 1025 독도 클렌징워터 1+1 기획 (400ml+ 400ml),https://www.oliveyoung.co.kr/store/goods/getGoodsDetail.do?goodsNo=A000000149140&dispCatNo=90000010009&trackingCd=Best_Sellingbest&t_page=랭킹&t_click=판매랭킹_클렌징_상품상세&t_number=47
클렌징,48,메이크프렘,메이크프렘 세이프 미 릴리프 모이스처 클렌징오일 기획(210ml+20ml),https://www.oliveyoung.co.kr/store/goods/getGoodsDetail.do?goodsNo=A000000162016&dispCatNo=90000010009&trackingCd=Best_Sellingbest&t_page=랭킹&t_click=판매랭킹_클렌징_상품상세&t_number=48
클렌징,49,센카,[4월 올영픽/츄PICK]센카 퍼펙트 휩 스피디 150mL 더블기획 (150ml+150ml),https://www.oliveyoung.co.kr/store/goods/getGoodsDetail.do?goodsNo=A000000182307&dispCatNo=90000010009&trackingCd=Best_Sellingbest&t_page=랭킹&t_click=판매랭킹_클렌징_상품상세&t_number=49
클렌징,50,스트라이덱스,스트라이덱스 약알칼리성 바하 폼클렌저 기획 (150ml+15ml),https://www.oliveyoung.co.kr/store/goods/getGoodsDetail.do?goodsNo=A000000168699&dispCatNo=90000010009&trackingCd=Best_Sellingbest&t_page=랭킹&t_click=판매랭킹_클렌징_상품상세&t_number=50
클렌징,51,바이오더마,바이오더마 세비엄 H2O 500ml,https://www.oliveyoung.co.kr/store/goods/getGoodsDetail.do?goodsNo=A000000002846&dispCatNo=90000010009&trackingCd=Best_Sellingbest&t_page=랭킹&t_click=판매랭킹_클렌징_상품상세&t_number=51
클렌징,52,닥터지,닥터지 그린딥 클렌징 오일 310ml,https://www.oliveyoung.co.kr/store/goods/getGoodsDetail.do?goodsNo=A000000151132&dispCatNo=90000010009&trackingCd=Best_Sellingbest&t_page=랭킹&t_click=판매랭킹_클렌징_상품상세&t_number=52
클렌징,53,파파레서피,"파파레서피 효소 파우더 클렌저 더블기획4종 택1_마시마로 블레미쉬(광채),가지(보습),티트리(진정)/(온)단독 더블기획",https://www.oliveyoung.co.kr/store/goods/getGoodsDetail.do?goodsNo=A000000199403&dispCatNo=90000010009&trackingCd=Best_Sellingbest&t_page=랭킹&t_click=판매랭킹_클렌징_상품상세&t_number=53
클렌징,54,아비브,[증량] 아비브 아크네 폼 클렌저 어성초 폼 대용량 250ml,https://www.oliveyoung.co.kr/store/goods/getGoodsDetail.do?goodsNo=A000000148408&dispCatNo=90000010009&trackingCd=Best_Sellingbest&t_page=랭킹&t_click=판매랭킹_클렌징_상품상세&t_number=54
클렌징,55,더말로지카,[대용량] 더말로지카 데일리 마이크로폴리언트 74g,https://www.oliveyoung.co.kr/store/goods/getGoodsDetail.do?goodsNo=A000000155409&dispCatNo=90000010009&trackingCd=Best_Sellingbest&t_page=랭킹&t_click=판매랭킹_클렌징_상품상세&t_number=55
클렌징,56,유리아쥬,유리아쥬 미셀라 클렌징 워터 센서티브 더블 기획 (500ml+500ml),https://www.oliveyoung.co.kr/store/goods/getGoodsDetail.do?goodsNo=A000000128988&dispCatNo=90000010009&trackingCd=Best_Sellingbest&t_page=랭킹&t_click=판매랭킹_클렌징_상품상세&t_number=56
클렌징,57,바이오더마,바이오더마 센시비오 H2O eye 125ml (립앤아이리무버),https://www.oliveyoung.co.kr/store/goods/getGoodsDetail.do?goodsNo=A000000166033&dispCatNo=90000010009&trackingCd=Best_Sellingbest&t_page=랭킹&t_click=판매랭킹_클렌징_상품상세&t_number=57
클렌징,58,히야 (HYAAH),[패드증정/호호뷰티PICK] 히야 마일드 벗 딥 클렌징워터 300ml,https://www.oliveyoung.co.kr/store/goods/getGoodsDetail.do?goodsNo=A000000201049&dispCatNo=90000010009&trackingCd=Best_Sellingbest&t_page=랭킹&t_click=판매랭킹_클렌징_상품상세&t_number=58
클렌징,59,비플레인,비플레인 녹두 약산성 클렌징폼 80ml,https://www.oliveyoung.co.kr/store/goods/getGoodsDetail.do?goodsNo=A000000142520&dispCatNo=90000010009&trackingCd=Best_Sellingbest&t_page=랭킹&t_click=판매랭킹_클렌징_상품상세&t_number=59
클렌징,60,이지듀,이지듀 아크네 클리어 여드름 기능성 클렌저 100ml,https://www.oliveyoung.co.kr/store/goods/getGoodsDetail.do?goodsNo=A000000191769&dispCatNo=90000010009&trackingCd=Best_Sellingbest&t_page=랭킹&t_click=판매랭킹_클렌징_상품상세&t_number=60
클렌징,61,마녀공장,[더블기획] 마녀공장 약산성 퓨리파잉 소다폼 150ml X2 기획,https://www.oliveyoung.co.kr/store/goods/getGoodsDetail.do?goodsNo=A000000156007&dispCatNo=90000010009&trackingCd=Best_Sellingbest&t_page=랭킹&t_click=판매랭킹_클렌징_상품상세&t_number=61
클렌징,62,폰즈,[나띠 pick] 폰즈 클리어 스파 피부 청정 클렌징 오일 200ml,https://www.oliveyoung.co.kr/store/goods/getGoodsDetail.do?goodsNo=A000000189569&dispCatNo=90000010009&trackingCd=Best_Sellingbest&t_page=랭킹&t_click=판매랭킹_클렌징_상품상세&t_number=62
클렌징,63,센카,[4월 올영픽/대용량 기획]센카 퍼펙트 휩 화이트클레이150g 대용량 더블기획,https://www.oliveyoung.co.kr/store/goods/getGoodsDetail.do?goodsNo=A000000189042&dispCatNo=90000010009&trackingCd=Best_Sellingbest&t_page=랭킹&t_click=판매랭킹_클렌징_상품상세&t_number=63
클렌징,64,브링그린,[백현클렌징폼] 브링그린 뱀부차콜모공정화클렌징폼200mL더블기획,https://www.oliveyoung.co.kr/store/goods/getGoodsDetail.do?goodsNo=A000000193223&dispCatNo=90000010009&trackingCd=Best_Sellingbest&t_page=랭킹&t_click=판매랭킹_클렌징_상품상세&t_number=64
클렌징,65,브링그린,[더블기획] 브링그린 티트리시카트러블클렌징폼 200mL더블기획_NEW,https://www.oliveyoung.co.kr/store/goods/getGoodsDetail.do?goodsNo=A000000185100&dispCatNo=90000010009&trackingCd=Best_Sellingbest&t_page=랭킹&t_click=판매랭킹_클렌징_상품상세&t_number=65
클렌징,66,비플레인,[피지세정/대용량] 비플레인 녹두 약산성 클렌징폼 160ml,https://www.oliveyoung.co.kr/store/goods/getGoodsDetail.do?goodsNo=A000000148701&dispCatNo=90000010009&trackingCd=Best_Sellingbest&t_page=랭킹&t_click=판매랭킹_클렌징_상품상세&t_number=66
클렌징,67,비플레인,[피지세정/단독기획] 비플레인 녹두 약산성 클렌징폼 160ml + 40ml 기획,https://www.oliveyoung.co.kr/store/goods/getGoodsDetail.do?goodsNo=A000000187479&dispCatNo=90000010009&trackingCd=Best_Sellingbest&t_page=랭킹&t_click=판매랭킹_클렌징_상품상세&t_number=67
클렌징,68,메이크프렘,[단독기획]메이크프렘 세이프 미 릴리프 모이스처 비건 클렌징오일 리필기획 (210ml+100ml 증정),https://www.oliveyoung.co.kr/store/goods/getGoodsDetail.do?goodsNo=A000000174062&dispCatNo=90000010009&trackingCd=Best_Sellingbest&t_page=랭킹&t_click=판매랭킹_클렌징_상품상세&t_number=68
클렌징,69,세타필,세타필 젠틀 클리어 여드름 폼클렌저 124ml,https://www.oliveyoung.co.kr/store/goods/getGoodsDetail.do?goodsNo=A000000203582&dispCatNo=90000010009&trackingCd=Best_Sellingbest&t_page=랭킹&t_click=판매랭킹_클렌징_상품상세&t_number=69
클렌징,70,마녀공장,[1+1] 마녀공장 갈락 필링젤 1+1 기획 (75ml+75ml),https://www.oliveyoung.co.kr/store/goods/getGoodsDetail.do?goodsNo=A000000150105&dispCatNo=90000010009&trackingCd=Best_Sellingbest&t_page=랭킹&t_click=판매랭킹_클렌징_상품상세&t_number=70
클렌징,71,아누아,[피지쏙] 아누아 어성초 포어 컨트롤 클렌징오일 200ml,https://www.oliveyoung.co.kr/store/goods/getGoodsDetail.do?goodsNo=A000000174279&dispCatNo=90000010009&trackingCd=Best_Sellingbest&t_page=랭킹&t_click=판매랭킹_클렌징_상품상세&t_number=71
클렌징,72,식물나라,식물나라 제주탄산수퀵앤딥클렌징티슈 100매,https://www.oliveyoung.co.kr/store/goods/getGoodsDetail.do?goodsNo=A000000170538&dispCatNo=90000010009&trackingCd=Best_Sellingbest&t_page=랭킹&t_click=판매랭킹_클렌징_상품상세&t_number=72
클렌징,73,식물나라,식물나라 제주 탄산수 모공 딥 클렌징폼150mLX2,https://www.oliveyoung.co.kr/store/goods/getGoodsDetail.do?goodsNo=A000000184598&dispCatNo=90000010009&trackingCd=Best_Sellingbest&t_page=랭킹&t_click=판매랭킹_클렌징_상품상세&t_number=73
클렌징,74,우르오스,우르오스 페이스워시 100g,https://www.oliveyoung.co.kr/store/goods/getGoodsDetail.do?goodsNo=A000000114688&dispCatNo=90000010009&trackingCd=Best_Sellingbest&t_page=랭킹&t_click=판매랭킹_클렌징_상품상세&t_number=74
클렌징,75,가히,가히 크림 클렌징 폼 더블 기획 (80ml+80ml),https://www.oliveyoung.co.kr/store/goods/getGoodsDetail.do?goodsNo=A000000181325&dispCatNo=90000010009&trackingCd=Best_Sellingbest&t_page=랭킹&t_click=판매랭킹_클렌징_상품상세&t_number=75
클렌징,76,파파레서피,"파파레서피 효소 파우더 클렌저 50g 3종 택1 ([인씨 PICK] 블레미쉬(광채), 가지(보습), 티트리(진정))",https://www.oliveyoung.co.kr/store/goods/getGoodsDetail.do?goodsNo=A000000185512&dispCatNo=90000010009&trackingCd=Best_Sellingbest&t_page=랭킹&t_click=판매랭킹_클렌징_상품상세&t_number=76
클렌징,77,일소,일소 네추럴 마일드 클렌징 오일 200ml 기획(+30ml 증정) (2312),https://www.oliveyoung.co.kr/store/goods/getGoodsDetail.do?goodsNo=A000000192791&dispCatNo=90000010009&trackingCd=Best_Sellingbest&t_page=랭킹&t_click=판매랭킹_클렌징_상품상세&t_number=77
클렌징,78,라운드어라운드,[매끈뽀득]라운드어라운드 컴포트 그린티 약산성 클렌징 뽀득 폼 200ml 더블기획(+버블볼증정),https://www.oliveyoung.co.kr/store/goods/getGoodsDetail.do?goodsNo=A000000200680&dispCatNo=90000010009&trackingCd=Best_Sellingbest&t_page=랭킹&t_click=판매랭킹_클렌징_상품상세&t_number=78
클렌징,79,바이오더마,[디렉터파이 PICK/한정기획]바이오더마 센시비오 미셀라 클렌징 오일 150ml 더블기획,https://www.oliveyoung.co.kr/store/goods/getGoodsDetail.do?goodsNo=A000000191659&dispCatNo=90000010009&trackingCd=Best_Sellingbest&t_page=랭킹&t_click=판매랭킹_클렌징_상품상세&t_number=79
클렌징,80,라운드어라운드,[리뉴얼]라운드어라운드 컴포트 그린티 약산성 클렌징 젤 폼 200ml 더블기획,https://www.oliveyoung.co.kr/store/goods/getGoodsDetail.do?goodsNo=A000000200658&dispCatNo=90000010009&trackingCd=Best_Sellingbest&t_page=랭킹&t_click=판매랭킹_클렌징_상품상세&t_number=80
클렌징,81,메이크프렘,메이크프렘 퓨어바이옴 클렌징 파우더(1g*36개입),https://www.oliveyoung.co.kr/store/goods/getGoodsDetail.do?goodsNo=A000000178932&dispCatNo=90000010009&trackingCd=Best_Sellingbest&t_page=랭킹&t_click=판매랭킹_클렌징_상품상세&t_number=81
클렌징,82,비오텀,비오텀 클렌징 밀크 75ml,https://www.oliveyoung.co.kr/store/goods/getGoodsDetail.do?goodsNo=A000000112717&dispCatNo=90000010009&trackingCd=Best_Sellingbest&t_page=랭킹&t_click=판매랭킹_클렌징_상품상세&t_number=82
클렌징,83,메이크프렘,[단독기획]메이크프렘 세이프 미 릴리프 모이스처 클렌징폼150ml 1+1기획,https://www.oliveyoung.co.kr/store/goods/getGoodsDetail.do?goodsNo=A000000113670&dispCatNo=90000010009&trackingCd=Best_Sellingbest&t_page=랭킹&t_click=판매랭킹_클렌징_상품상세&t_number=83
클렌징,84,라운드랩,[대용량] 라운드랩 1025 독도 클렌저 250ml,https://www.oliveyoung.co.kr/store/goods/getGoodsDetail.do?goodsNo=A000000154644&dispCatNo=90000010009&trackingCd=Best_Sellingbest&t_page=랭킹&t_click=판매랭킹_클렌징_상품상세&t_number=84
클렌징,85,라운드랩,라운드랩 자작나무 수분 클렌징 패드 60매,https://www.oliveyoung.co.kr/store/goods/getGoodsDetail.do?goodsNo=A000000148208&dispCatNo=90000010009&trackingCd=Best_Sellingbest&t_page=랭킹&t_click=판매랭킹_클렌징_상품상세&t_number=85
클렌징,86,원데이즈유,[우미우미PICK/올영단독] 원데이즈유 피지쏙쏙 노 모어 블랙헤드 100ml 기획 (+코팩 패드 10매 증정),https://www.oliveyoung.co.kr/store/goods/getGoodsDetail.do?goodsNo=A000000170402&dispCatNo=90000010009&trackingCd=Best_Sellingbest&t_page=랭킹&t_click=판매랭킹_클렌징_상품상세&t_number=86
클렌징,87,메디필,[피지연화제] 메디필 엑스트라 슈퍼 9 플러스 2.0 250ml,https://www.oliveyoung.co.kr/store/goods/getGoodsDetail.do?goodsNo=A000000199801&dispCatNo=90000010009&trackingCd=Best_Sellingbest&t_page=랭킹&t_click=판매랭킹_클렌징_상품상세&t_number=87
클렌징,88,정샘물,정샘물 더블 클린 수정 화장 패드 20매,https://www.oliveyoung.co.kr/store/goods/getGoodsDetail.do?goodsNo=A000000179865&dispCatNo=90000010009&trackingCd=Best_Sellingbest&t_page=랭킹&t_click=판매랭킹_클렌징_상품상세&t_number=88
클렌징,89,닥터지,닥터지 약산성 레드 블레미쉬 클리어 수딩 폼 기획 (150ml+75ml),https://www.oliveyoung.co.kr/store/goods/getGoodsDetail.do?goodsNo=A000000145728&dispCatNo=90000010009&trackingCd=Best_Sellingbest&t_page=랭킹&t_click=판매랭킹_클렌징_상품상세&t_number=89
클렌징,90,넘버즈인,[단독기획] 넘버즈인 2번 딥클린 생크림 클렌징폼 더블 기획 (120ml+120ml),https://www.oliveyoung.co.kr/store/goods/getGoodsDetail.do?goodsNo=A000000165751&dispCatNo=90000010009&trackingCd=Best_Sellingbest&t_page=랭킹&t_click=판매랭킹_클렌징_상품상세&t_number=90
클렌징,91,넘버즈인,[피지순삭] 넘버즈인 1번 말끔 순삭 클렌징 오일 400ml 대용량 기획,https://www.oliveyoung.co.kr/store/goods/getGoodsDetail.do?goodsNo=A000000165797&dispCatNo=90000010009&trackingCd=Best_Sellingbest&t_page=랭킹&t_click=판매랭킹_클렌징_상품상세&t_number=91
클렌징,92,닥터지,닥터지 레드 블레미쉬 포맨 젠틀 클렌징 폼 150ml,https://www.oliveyoung.co.kr/store/goods/getGoodsDetail.do?goodsNo=A000000160397&dispCatNo=90000010009&trackingCd=Best_Sellingbest&t_page=랭킹&t_click=판매랭킹_클렌징_상품상세&t_number=92
클렌징,93,수이사이,수이사이 뷰티 클리어 파우더 워시 N 15ea,https://www.oliveyoung.co.kr/store/goods/getGoodsDetail.do?goodsNo=A000000140257&dispCatNo=90000010009&trackingCd=Best_Sellingbest&t_page=랭킹&t_click=판매랭킹_클렌징_상품상세&t_number=93
클렌징,94,비페스타,비페스타 클렌징오일 딥클리어 230ml (초미세먼지 제거),https://www.oliveyoung.co.kr/store/goods/getGoodsDetail.do?goodsNo=A000000121955&dispCatNo=90000010009&trackingCd=Best_Sellingbest&t_page=랭킹&t_click=판매랭킹_클렌징_상품상세&t_number=94
클렌징,95,워시비,워시비 블랙헤드 오일 150ml,https://www.oliveyoung.co.kr/store/goods/getGoodsDetail.do?goodsNo=A000000190414&dispCatNo=90000010009&trackingCd=Best_Sellingbest&t_page=랭킹&t_click=판매랭킹_클렌징_상품상세&t_number=95
클렌징,96,메이크프렘,메이크프렘 세이프 미 릴리프 모이스처 클렌징 밀크 리필팩 100ml,https://www.oliveyoung.co.kr/store/goods/getGoodsDetail.do?goodsNo=A000000160906&dispCatNo=90000010009&trackingCd=Best_Sellingbest&t_page=랭킹&t_click=판매랭킹_클렌징_상품상세&t_number=96
클렌징,97,바이오힐보,바이오힐보 비타민 토닝 올멜팅 클렌징밤 95mL,https://www.oliveyoung.co.kr/store/goods/getGoodsDetail.do?goodsNo=A000000153434&dispCatNo=90000010009&trackingCd=Best_Sellingbest&t_page=랭킹&t_click=판매랭킹_클렌징_상품상세&t_number=97
클렌징,98,센카,[츄PICK] 센카 퍼펙트 휩 페이셜 워시 120g,https://www.oliveyoung.co.kr/store/goods/getGoodsDetail.do?goodsNo=A000000182303&dispCatNo=90000010009&trackingCd=Best_Sellingbest&t_page=랭킹&t_click=판매랭킹_클렌징_상품상세&t_number=98
클렌징,99,라로슈포제,라로슈포제 미셀라 클렌징워터 센시티브 400ml,https://www.oliveyoung.co.kr/store/goods/getGoodsDetail.do?goodsNo=A000000102238&dispCatNo=90000010009&trackingCd=Best_Sellingbest&t_page=랭킹&t_click=판매랭킹_클렌징_상품상세&t_number=99
클렌징,100,유리아쥬,유리아쥬 미셀라 클렌징 워터 더블기획 (500ml + 500ml),https://www.oliveyoung.co.kr/store/goods/getGoodsDetail.do?goodsNo=A000000015026&dispCatNo=90000010009&trackingCd=Best_Sellingbest&t_page=랭킹&t_click=판매랭킹_클렌징_상품상세&t_number=100
선케어,1,라운드랩,[한정기획] 라운드랩 자작나무 수분 선크림 50ml 1+1 기획,https://www.oliveyoung.co.kr/store/goods/getGoodsDetail.do?goodsNo=A000000171650&dispCatNo=90000010009&trackingCd=Best_Sellingbest&t_page=랭킹&t_click=판매랭킹_선케어_상품상세&t_number=1
선케어,2,브링그린,[시원진정] 브링그린 알로에99% 수딩젤 300ml 단품/더블기획(300ml+300ml),https://www.oliveyoung.co.kr/store/goods/getGoodsDetail.do?goodsNo=A000000141845&dispCatNo=90000010009&trackingCd=Best_Sellingbest&t_page=랭킹&t_click=판매랭킹_선케어_상품상세&t_number=2
선케어,3,아떼,아떼 비건 릴리프 무기자차 선크림 기획 SPF50+PA++++ (70ml+40ml),https://www.oliveyoung.co.kr/store/goods/getGoodsDetail.do?goodsNo=A000000200647&dispCatNo=90000010009&trackingCd=Best_Sellingbest&t_page=랭킹&t_click=판매랭킹_선케어_상품상세&t_number=3
선케어,4,구달,[고윤정PICK/1+1 기획] 구달 맑은 어성초 진정 수분 선크림 50ml+50ml 기획,https://www.oliveyoung.co.kr/store/goods/getGoodsDetail.do?goodsNo=A000000198527&dispCatNo=90000010009&trackingCd=Best_Sellingbest&t_page=랭킹&t_click=판매랭킹_선케어_상품상세&t_number=4
선케어,5,라운드랩,[NEW] 라운드랩 자작나무 수분 선스틱 19g 더블 기획,https://www.oliveyoung.co.kr/store/goods/getGoodsDetail.do?goodsNo=A000000202197&dispCatNo=90000010009&trackingCd=Best_Sellingbest&t_page=랭킹&t_click=판매랭킹_선케어_상품상세&t_number=5
선케어,6,마녀공장,[1+1] 마녀공장 리얼 알로에 수딩 젤 1+1 기획 (200ml+200ml),https://www.oliveyoung.co.kr/store/goods/getGoodsDetail.do?goodsNo=A000000140808&dispCatNo=90000010009&trackingCd=Best_Sellingbest&t_page=랭킹&t_click=판매랭킹_선케어_상품상세&t_number=6
선케어,7,라로슈포제,라로슈포제 유비데아 안뗄리오스 톤업 라이트 크림 30ml,https://www.oliveyoung.co.kr/store/goods/getGoodsDetail.do?goodsNo=A000000112523&dispCatNo=90000010009&trackingCd=Best_Sellingbest&t_page=랭킹&t_click=판매랭킹_선케어_상품상세&t_number=7
선케어,8,AHC,[박세리 공동개발 / 대용량 출시] AHC 마스터즈 에어리치 선스틱 22g,https://www.oliveyoung.co.kr/store/goods/getGoodsDetail.do?goodsNo=A000000182989&dispCatNo=90000010009&trackingCd=Best_Sellingbest&t_page=랭킹&t_click=판매랭킹_선케어_상품상세&t_number=8
선케어,9,에뛰드,[디렉터파이개발]에뛰드 순정 디렉터 톤업 수정 선크림 40ml 2종 택1(단품/기획),https://www.oliveyoung.co.kr/store/goods/getGoodsDetail.do?goodsNo=A000000202426&dispCatNo=90000010009&trackingCd=Best_Sellingbest&t_page=랭킹&t_click=판매랭킹_선케어_상품상세&t_number=9
선케어,10,식물나라,[NEW]식물나라 가벼운 수분 선 젤 로션 더블 기획 (60mLX2) / 단품,https://www.oliveyoung.co.kr/store/goods/getGoodsDetail.do?goodsNo=A000000151900&dispCatNo=90000010009&trackingCd=Best_Sellingbest&t_page=랭킹&t_click=판매랭킹_선케어_상품상세&t_number=10
선케어,11,구달,[한정기획] 구달 맑은 어성초 진정 쿨링 선스틱 1+1 기획 SPF50+ PA++++,https://www.oliveyoung.co.kr/store/goods/getGoodsDetail.do?goodsNo=A000000182782&dispCatNo=90000010009&trackingCd=Best_Sellingbest&t_page=랭킹&t_click=판매랭킹_선케어_상품상세&t_number=11
선케어,12,아토팜,아토팜 야외놀이 선스틱 21g,https://www.oliveyoung.co.kr/store/goods/getGoodsDetail.do?goodsNo=A000000165846&dispCatNo=90000010009&trackingCd=Best_Sellingbest&t_page=랭킹&t_click=판매랭킹_선케어_상품상세&t_number=12
선케어,13,구달,[고윤정PICK/1+1 기획] 구달 맑은 어성초 진정 무기자차 선크림 50ml 1+1 기획 SPF50+ PA++++,https://www.oliveyoung.co.kr/store/goods/getGoodsDetail.do?goodsNo=A000000182780&dispCatNo=90000010009&trackingCd=Best_Sellingbest&t_page=랭킹&t_click=판매랭킹_선케어_상품상세&t_number=13
선케어,14,라운드랩,라운드랩 자작나무 무기자차 선크림 50ml 기획(클렌저 20ml 증정),https://www.oliveyoung.co.kr/store/goods/getGoodsDetail.do?goodsNo=A000000163503&dispCatNo=90000010009&trackingCd=Best_Sellingbest&t_page=랭킹&t_click=판매랭킹_선케어_상품상세&t_number=14
선케어,15,차앤박,차앤박(CNP) 톤업프로텍션선SPF42 50ml 1+1 단독기획,https://www.oliveyoung.co.kr/store/goods/getGoodsDetail.do?goodsNo=A000000171222&dispCatNo=90000010009&trackingCd=Best_Sellingbest&t_page=랭킹&t_click=판매랭킹_선케어_상품상세&t_number=15
선케어,16,닥터아토,닥터아토 알로에베라수딩젤 150ml,https://www.oliveyoung.co.kr/store/goods/getGoodsDetail.do?goodsNo=A000000113276&dispCatNo=90000010009&trackingCd=Best_Sellingbest&t_page=랭킹&t_click=판매랭킹_선케어_상품상세&t_number=16
선케어,17,라로슈포제,라로슈포제 유비데아 안뗄리오스 톤업 선크림 30ml 기획 (클리어 / 로지 택1),https://www.oliveyoung.co.kr/store/goods/getGoodsDetail.do?goodsNo=A000000198379&dispCatNo=90000010009&trackingCd=Best_Sellingbest&t_page=랭킹&t_click=판매랭킹_선케어_상품상세&t_number=17
선케어,18,메이크프렘,메이크프렘 유브이 디펜스 미 노 세범 선크림 40ml 1+1 기획,https://www.oliveyoung.co.kr/store/goods/getGoodsDetail.do?goodsNo=A000000184159&dispCatNo=90000010009&trackingCd=Best_Sellingbest&t_page=랭킹&t_click=판매랭킹_선케어_상품상세&t_number=18
선케어,19,넘버즈인,[듀오기획] 넘버즈인 3번 도자기결 파데스킵 톤업베이지 35ml+35ml (SPF50+ PA++++),https://www.oliveyoung.co.kr/store/goods/getGoodsDetail.do?goodsNo=A000000184353&dispCatNo=90000010009&trackingCd=Best_Sellingbest&t_page=랭킹&t_click=판매랭킹_선케어_상품상세&t_number=19
선케어,20,닥터지,[베스트/보송톤업] 닥터지 브라이트닝 업 선 플러스 기획(50ml+20ml),https://www.oliveyoung.co.kr/store/goods/getGoodsDetail.do?goodsNo=A000000180158&dispCatNo=90000010009&trackingCd=Best_Sellingbest&t_page=랭킹&t_click=판매랭킹_선케어_상품상세&t_number=20
선케어,21,셀퓨전씨,[All New/리뉴얼] 셀퓨전씨 레이저 UV 썬스크린 35ml 1+1 기획세트,https://www.oliveyoung.co.kr/store/goods/getGoodsDetail.do?goodsNo=A000000198739&dispCatNo=90000010009&trackingCd=Best_Sellingbest&t_page=랭킹&t_click=판매랭킹_선케어_상품상세&t_number=21
선케어,22,바이오힐보,[선세럼 본품 선착순 증정] 바이오힐보 프로바이오덤 콜라겐 에센스 선크림 1+1 기획세트,https://www.oliveyoung.co.kr/store/goods/getGoodsDetail.do?goodsNo=A000000202490&dispCatNo=90000010009&trackingCd=Best_Sellingbest&t_page=랭킹&t_click=판매랭킹_선케어_상품상세&t_number=22
선케어,23,바이오힐보,[선세럼 본품 선착순 증정] 바이오힐보 프로바이오덤 콜라겐 톤업 선크림 1+1 기획세트,https://www.oliveyoung.co.kr/store/goods/getGoodsDetail.do?goodsNo=A000000202491&dispCatNo=90000010009&trackingCd=Best_Sellingbest&t_page=랭킹&t_click=판매랭킹_선케어_상품상세&t_number=23
선케어,24,브링그린,브링그린 티트리시카톤업선쿠션 15g_NEW,https://www.oliveyoung.co.kr/store/goods/getGoodsDetail.do?goodsNo=A000000201172&dispCatNo=90000010009&trackingCd=Best_Sellingbest&t_page=랭킹&t_click=판매랭킹_선케어_상품상세&t_number=24
선케어,25,브링그린,브링그린 티트리시카 선 3종(선크림/선스틱/선쿠션),https://www.oliveyoung.co.kr/store/goods/getGoodsDetail.do?goodsNo=A000000203076&dispCatNo=90000010009&trackingCd=Best_Sellingbest&t_page=랭킹&t_click=판매랭킹_선케어_상품상세&t_number=25
선케어,26,톤핏선,[프롬젤라PICK] 톤핏선 비건 파데프리 핑베 테라조쿠션 SPF50+ PA++++,https://www.oliveyoung.co.kr/store/goods/getGoodsDetail.do?goodsNo=A000000179295&dispCatNo=90000010009&trackingCd=Best_Sellingbest&t_page=랭킹&t_click=판매랭킹_선케어_상품상세&t_number=26
선케어,27,닥터지,[베스트/민감피부] 닥터지 그린 마일드 업 선 플러스 40ml+40ml,https://www.oliveyoung.co.kr/store/goods/getGoodsDetail.do?goodsNo=A000000183195&dispCatNo=90000010009&trackingCd=Best_Sellingbest&t_page=랭킹&t_click=판매랭킹_선케어_상품상세&t_number=27
선케어,28,달바,[쿨톤자차] 달바 워터풀 퍼플 톤업 선크림 50ml,https://www.oliveyoung.co.kr/store/goods/getGoodsDetail.do?goodsNo=A000000202548&dispCatNo=90000010009&trackingCd=Best_Sellingbest&t_page=랭킹&t_click=판매랭킹_선케어_상품상세&t_number=28
선케어,29,식물나라,식물나라 보송 페이스 앤 바디 선 스틱 30g,https://www.oliveyoung.co.kr/store/goods/getGoodsDetail.do?goodsNo=A000000150460&dispCatNo=90000010009&trackingCd=Best_Sellingbest&t_page=랭킹&t_click=판매랭킹_선케어_상품상세&t_number=29
선케어,30,식물나라,[대용량] 식물나라 워터프루프 선 크림 100mL,https://www.oliveyoung.co.kr/store/goods/getGoodsDetail.do?goodsNo=A000000151904&dispCatNo=90000010009&trackingCd=Best_Sellingbest&t_page=랭킹&t_click=판매랭킹_선케어_상품상세&t_number=30
선케어,31,아떼,[레오제이 PICK] 아떼 비건 릴리프 선 에센스 기획 SPF50+PA++++(70ml+40ml),https://www.oliveyoung.co.kr/store/goods/getGoodsDetail.do?goodsNo=A000000180506&dispCatNo=90000010009&trackingCd=Best_Sellingbest&t_page=랭킹&t_click=판매랭킹_선케어_상품상세&t_number=31
선케어,32,정샘물,[4월 올영픽] 정샘물 마스터클래스 앰플선 50ml,https://www.oliveyoung.co.kr/store/goods/getGoodsDetail.do?goodsNo=A000000191567&dispCatNo=90000010009&trackingCd=Best_Sellingbest&t_page=랭킹&t_click=판매랭킹_선케어_상품상세&t_number=32
선케어,33,셀퓨전씨,[온라인단독] 셀퓨전씨 토닝 썬스크린 100 50ml+20ml 기획세트,https://www.oliveyoung.co.kr/store/goods/getGoodsDetail.do?goodsNo=A000000203296&dispCatNo=90000010009&trackingCd=Best_Sellingbest&t_page=랭킹&t_click=판매랭킹_선케어_상품상세&t_number=33
선케어,34,에스쁘아,[더블기획] 에스쁘아 워터 스플래쉬 선크림 세라마이드 60ml (+60ml),https://www.oliveyoung.co.kr/store/goods/getGoodsDetail.do?goodsNo=A000000202432&dispCatNo=90000010009&trackingCd=Best_Sellingbest&t_page=랭킹&t_click=판매랭킹_선케어_상품상세&t_number=34
선케어,35,리쥬란,[올영단독/한정수량] 리쥬란힐러 UV 프로텍션 크림 40ml 기획(+10ml 추가증정),https://www.oliveyoung.co.kr/store/goods/getGoodsDetail.do?goodsNo=A000000168577&dispCatNo=90000010009&trackingCd=Best_Sellingbest&t_page=랭킹&t_click=판매랭킹_선케어_상품상세&t_number=35
선케어,36,셀퓨전씨,[베스트/밀착톤업] 셀퓨전씨 토닝 썬스크린 35ml 1+1 기획세트,https://www.oliveyoung.co.kr/store/goods/getGoodsDetail.do?goodsNo=A000000121852&dispCatNo=90000010009&trackingCd=Best_Sellingbest&t_page=랭킹&t_click=판매랭킹_선케어_상품상세&t_number=36
선케어,37,달바,[수분자차] 달바 워터풀 에센스 선크림 50ml,https://www.oliveyoung.co.kr/store/goods/getGoodsDetail.do?goodsNo=A000000129556&dispCatNo=90000010009&trackingCd=Best_Sellingbest&t_page=랭킹&t_click=판매랭킹_선케어_상품상세&t_number=37
선케어,38,로벡틴,[1등 무기자차] 로벡틴 아쿠아 수딩 선크림 35ml 1+1 기획세트,https://www.oliveyoung.co.kr/store/goods/getGoodsDetail.do?goodsNo=A000000190745&dispCatNo=90000010009&trackingCd=Best_Sellingbest&t_page=랭킹&t_click=판매랭킹_선케어_상품상세&t_number=38
선케어,39,듀이트리,[더보이즈큐포카&키링증정]듀이트리 어반쉐이드 안티폴루션선1+1기획(50ml+50ml),https://www.oliveyoung.co.kr/store/goods/getGoodsDetail.do?goodsNo=A000000180778&dispCatNo=90000010009&trackingCd=Best_Sellingbest&t_page=랭킹&t_click=판매랭킹_선케어_상품상세&t_number=39
선케어,40,큐어,김정문알로에 큐어 리알로에 수딩젤 150ml,https://www.oliveyoung.co.kr/store/goods/getGoodsDetail.do?goodsNo=A000000190419&dispCatNo=90000010009&trackingCd=Best_Sellingbest&t_page=랭킹&t_click=판매랭킹_선케어_상품상세&t_number=40
선케어,41,셀퓨전씨,[단독기획] 셀퓨전씨 더마 릴리프 썬스크린 더블 기획 (35ml + 35ml),https://www.oliveyoung.co.kr/store/goods/getGoodsDetail.do?goodsNo=A000000136546&dispCatNo=90000010009&trackingCd=Best_Sellingbest&t_page=랭킹&t_click=판매랭킹_선케어_상품상세&t_number=41
선케어,42,셀퓨전씨,[베스트/밀착수분] 셀퓨전씨 아쿠아티카 썬스크린 35ml 1+1 기획세트,https://www.oliveyoung.co.kr/store/goods/getGoodsDetail.do?goodsNo=A000000164410&dispCatNo=90000010009&trackingCd=Best_Sellingbest&t_page=랭킹&t_click=판매랭킹_선케어_상품상세&t_number=42
선케어,43,듀이트리,[더보이즈큐포카&키링증정]듀이트리 어반쉐이드 더마판테놀5 수분장벽선1+1기획(40ml+40ml),https://www.oliveyoung.co.kr/store/goods/getGoodsDetail.do?goodsNo=A000000180552&dispCatNo=90000010009&trackingCd=Best_Sellingbest&t_page=랭킹&t_click=판매랭킹_선케어_상품상세&t_number=43
선케어,44,무슈제이,무슈제이 수분 선 에센스 더블기획(50ml+50ml),https://www.oliveyoung.co.kr/store/goods/getGoodsDetail.do?goodsNo=A000000176900&dispCatNo=90000010009&trackingCd=Best_Sellingbest&t_page=랭킹&t_click=판매랭킹_선케어_상품상세&t_number=44
선케어,45,닥터지,[베스트] 닥터지 그린 마일드 업 선 플러스 기획(50ml+20ml),https://www.oliveyoung.co.kr/store/goods/getGoodsDetail.do?goodsNo=A000000180162&dispCatNo=90000010009&trackingCd=Best_Sellingbest&t_page=랭킹&t_click=판매랭킹_선케어_상품상세&t_number=45
선케어,46,닥터지,[1+1/수분] 닥터지 레드 블레미쉬 수딩 업 선 50ml 1+1 기획,https://www.oliveyoung.co.kr/store/goods/getGoodsDetail.do?goodsNo=A000000200635&dispCatNo=90000010009&trackingCd=Best_Sellingbest&t_page=랭킹&t_click=판매랭킹_선케어_상품상세&t_number=46
선케어,47,에뛰드,[디렉터파이개발]에뛰드 순정 디렉터 수분 선크림 1+1기획(50ml+50ml),https://www.oliveyoung.co.kr/store/goods/getGoodsDetail.do?goodsNo=A000000163730&dispCatNo=90000010009&trackingCd=Best_Sellingbest&t_page=랭킹&t_click=판매랭킹_선케어_상품상세&t_number=47
선케어,48,구달,[백송민Pick/1+1 기획] 구달 맑은 어성초 진정 수분 톤업 선크림 50ml 1+1 기획,https://www.oliveyoung.co.kr/store/goods/getGoodsDetail.do?goodsNo=A000000200355&dispCatNo=90000010009&trackingCd=Best_Sellingbest&t_page=랭킹&t_click=판매랭킹_선케어_상품상세&t_number=48
선케어,49,이니스프리,[모공선케어] 이니프리 유브이 포어리스 선스크린 SPF50+ PA++++ 50ml,https://www.oliveyoung.co.kr/store/goods/getGoodsDetail.do?goodsNo=A000000185575&dispCatNo=90000010009&trackingCd=Best_Sellingbest&t_page=랭킹&t_click=판매랭킹_선케어_상품상세&t_number=49
선케어,50,이니스프리,[수분선케어] 이니스프리 히알루론 수분 선크림 SPF50+ PA++++ 50mL,https://www.oliveyoung.co.kr/store/goods/getGoodsDetail.do?goodsNo=A000000189348&dispCatNo=90000010009&trackingCd=Best_Sellingbest&t_page=랭킹&t_click=판매랭킹_선케어_상품상세&t_number=50
선케어,51,에스쁘아,[증량기획] 에스쁘아 워터 스플래쉬 선크림 세라마이드 60ml (+20ml 추가 증정),https://www.oliveyoung.co.kr/store/goods/getGoodsDetail.do?goodsNo=A000000179353&dispCatNo=90000010009&trackingCd=Best_Sellingbest&t_page=랭킹&t_click=판매랭킹_선케어_상품상세&t_number=51
선케어,52,토리든,토리든 다이브인 워터리 모이스처 선크림 60ml,https://www.oliveyoung.co.kr/store/goods/getGoodsDetail.do?goodsNo=A000000184734&dispCatNo=90000010009&trackingCd=Best_Sellingbest&t_page=랭킹&t_click=판매랭킹_선케어_상품상세&t_number=52
선케어,53,라운드랩,라운드랩 자작나무 수분 톤업 선크림 50ml 기획(클렌저 20ml 증정),https://www.oliveyoung.co.kr/store/goods/getGoodsDetail.do?goodsNo=A000000181703&dispCatNo=90000010009&trackingCd=Best_Sellingbest&t_page=랭킹&t_click=판매랭킹_선케어_상품상세&t_number=53
선케어,54,식물나라,[NEW] 식물나라 뽀얀쌀 생기 톤업 선쿠션 단품/리필기획 2종(01 뽀얀 화이트/02 생기피치),https://www.oliveyoung.co.kr/store/goods/getGoodsDetail.do?goodsNo=A000000199740&dispCatNo=90000010009&trackingCd=Best_Sellingbest&t_page=랭킹&t_click=판매랭킹_선케어_상품상세&t_number=54
선케어,55,닥터지,[민감피부] 닥터지 그린마일드 업 선스틱 20g,https://www.oliveyoung.co.kr/store/goods/getGoodsDetail.do?goodsNo=A000000150730&dispCatNo=90000010009&trackingCd=Best_Sellingbest&t_page=랭킹&t_click=판매랭킹_선케어_상품상세&t_number=55
선케어,56,식물나라,식물나라 워터프루프 선 스프레이 1+1 기획,https://www.oliveyoung.co.kr/store/goods/getGoodsDetail.do?goodsNo=A000000201963&dispCatNo=90000010009&trackingCd=Best_Sellingbest&t_page=랭킹&t_click=판매랭킹_선케어_상품상세&t_number=56
선케어,57,식물나라,[NEW] 식물나라 뽀얀쌀 생기 톤업 수분 선 크림 100mL,https://www.oliveyoung.co.kr/store/goods/getGoodsDetail.do?goodsNo=A000000202446&dispCatNo=90000010009&trackingCd=Best_Sellingbest&t_page=랭킹&t_click=판매랭킹_선케어_상품상세&t_number=57
선케어,58,싸이닉,[NEW/대용량] 싸이닉 엔조이 올라운드 워터리 선크림 200ml,https://www.oliveyoung.co.kr/store/goods/getGoodsDetail.do?goodsNo=A000000187031&dispCatNo=90000010009&trackingCd=Best_Sellingbest&t_page=랭킹&t_click=판매랭킹_선케어_상품상세&t_number=58
선케어,59,식물나라,[NEW] 식물나라 제주 알로에 촉촉 수딩젤 더블 기획 200mLX2,https://www.oliveyoung.co.kr/store/goods/getGoodsDetail.do?goodsNo=A000000198631&dispCatNo=90000010009&trackingCd=Best_Sellingbest&t_page=랭킹&t_click=판매랭킹_선케어_상품상세&t_number=59
선케어,60,식물나라,[NEW] 식물나라 제주 알로에 촉촉 수딩젤 200mL,https://www.oliveyoung.co.kr/store/goods/getGoodsDetail.do?goodsNo=A000000198826&dispCatNo=90000010009&trackingCd=Best_Sellingbest&t_page=랭킹&t_click=판매랭킹_선케어_상품상세&t_number=60
선케어,61,에뛰드,[디렉터파이개발]에뛰드 순정 디렉터 톤업 수정 선크림 40ml,https://www.oliveyoung.co.kr/store/goods/getGoodsDetail.do?goodsNo=A000000203917&dispCatNo=90000010009&trackingCd=Best_Sellingbest&t_page=랭킹&t_click=판매랭킹_선케어_상품상세&t_number=61
선케어,62,닥터지,[NEW/모공커버] 닥터지 포어 블러 업 선 스틱 19g,https://www.oliveyoung.co.kr/store/goods/getGoodsDetail.do?goodsNo=A000000203877&dispCatNo=90000010009&trackingCd=Best_Sellingbest&t_page=랭킹&t_click=판매랭킹_선케어_상품상세&t_number=62
선케어,63,라운드어라운드,[NEW] 라운드어라운드 컴포트 그린티 선 4종 골라담기,https://www.oliveyoung.co.kr/store/goods/getGoodsDetail.do?goodsNo=A000000203765&dispCatNo=90000010009&trackingCd=Best_Sellingbest&t_page=랭킹&t_click=판매랭킹_선케어_상품상세&t_number=63
선케어,64,어뮤즈,[NEW] 어뮤즈 베이지 톤업 365 비건 선크림 40ml,https://www.oliveyoung.co.kr/store/goods/getGoodsDetail.do?goodsNo=A000000203707&dispCatNo=90000010009&trackingCd=Best_Sellingbest&t_page=랭킹&t_click=판매랭킹_선케어_상품상세&t_number=64
선케어,65,어뮤즈,[NEW] 어뮤즈 맑은 수분 365 비건 선크림 40ml,https://www.oliveyoung.co.kr/store/goods/getGoodsDetail.do?goodsNo=A000000203704&dispCatNo=90000010009&trackingCd=Best_Sellingbest&t_page=랭킹&t_click=판매랭킹_선케어_상품상세&t_number=65
선케어,66,아넷사,아넷사 퍼펙트 UV 선스크린 스킨케어 밀크 60ml 기획 (+12ml*2ea) (2403),https://www.oliveyoung.co.kr/store/goods/getGoodsDetail.do?goodsNo=A000000203662&dispCatNo=90000010009&trackingCd=Best_Sellingbest&t_page=랭킹&t_click=판매랭킹_선케어_상품상세&t_number=66
선케어,67,아넷사,아넷사 브라이트닝 UV 선스크린 젤 90g 기획 (+15g*2ea),https://www.oliveyoung.co.kr/store/goods/getGoodsDetail.do?goodsNo=A000000203581&dispCatNo=90000010009&trackingCd=Best_Sellingbest&t_page=랭킹&t_click=판매랭킹_선케어_상품상세&t_number=67
선케어,68,아넷사,아넷사 퍼펙트 UV 선스크린 스킨케어 젤 90g 기획 (+15g*2ea),https://www.oliveyoung.co.kr/store/goods/getGoodsDetail.do?goodsNo=A000000203580&dispCatNo=90000010009&trackingCd=Best_Sellingbest&t_page=랭킹&t_click=판매랭킹_선케어_상품상세&t_number=68
선케어,69,에끌라두,에끌라두 UV 콜라겐 5000 선크림 40g 기획 (+수딩젤 40g),https://www.oliveyoung.co.kr/store/goods/getGoodsDetail.do?goodsNo=A000000203343&dispCatNo=90000010009&trackingCd=Best_Sellingbest&t_page=랭킹&t_click=판매랭킹_선케어_상품상세&t_number=69
선케어,70,에끌라두,에끌라두 UV 밀크 프로틴 선크림 40g 기획 (+수딩젤 40g),https://www.oliveyoung.co.kr/store/goods/getGoodsDetail.do?goodsNo=A000000203342&dispCatNo=90000010009&trackingCd=Best_Sellingbest&t_page=랭킹&t_click=판매랭킹_선케어_상품상세&t_number=70
선케어,71,셀퓨전씨,[온라인단독] 셀퓨전씨 아쿠아티카 썬스크린 100 50ml+20ml 기획세트,https://www.oliveyoung.co.kr/store/goods/getGoodsDetail.do?goodsNo=A000000203297&dispCatNo=90000010009&trackingCd=Best_Sellingbest&t_page=랭킹&t_click=판매랭킹_선케어_상품상세&t_number=71
선케어,72,셀퓨전씨,[온라인단독] 셀퓨전씨 레이저 UV 썬스크린 50ml+20ml 기획세트,https://www.oliveyoung.co.kr/store/goods/getGoodsDetail.do?goodsNo=A000000203224&dispCatNo=90000010009&trackingCd=Best_Sellingbest&t_page=랭킹&t_click=판매랭킹_선케어_상품상세&t_number=72
선케어,73,샤이샤이샤이,샤이샤이샤이 파지티브 선 태닝 워터리 크림 110ml SPF22,https://www.oliveyoung.co.kr/store/goods/getGoodsDetail.do?goodsNo=A000000203223&dispCatNo=90000010009&trackingCd=Best_Sellingbest&t_page=랭킹&t_click=판매랭킹_선케어_상품상세&t_number=73
선케어,74,프리메라,[New]프리메라 리페어링 세라캡슐 UV프로텍터 톤업 프라이밍 40ml,https://www.oliveyoung.co.kr/store/goods/getGoodsDetail.do?goodsNo=A000000203118&dispCatNo=90000010009&trackingCd=Best_Sellingbest&t_page=랭킹&t_click=판매랭킹_선케어_상품상세&t_number=74
선케어,75,이즈앤트리,[피부보송] 이즈앤트리 어니언 프레쉬 라이트 선 스틱 22g,https://www.oliveyoung.co.kr/store/goods/getGoodsDetail.do?goodsNo=A000000203079&dispCatNo=90000010009&trackingCd=Best_Sellingbest&t_page=랭킹&t_click=판매랭킹_선케어_상품상세&t_number=75
선케어,76,이즈앤트리,[수분밀착] 이즈앤트리 어니언 프레쉬 플루이드 선크림 50ml,https://www.oliveyoung.co.kr/store/goods/getGoodsDetail.do?goodsNo=A000000203069&dispCatNo=90000010009&trackingCd=Best_Sellingbest&t_page=랭킹&t_click=판매랭킹_선케어_상품상세&t_number=76
선케어,77,바이오더마,[클렌징워터 100ml 증정/NEW]바이오더마 포토덤 페디아트릭스 레 SPF50+ 100ml,https://www.oliveyoung.co.kr/store/goods/getGoodsDetail.do?goodsNo=A000000203048&dispCatNo=90000010009&trackingCd=Best_Sellingbest&t_page=랭킹&t_click=판매랭킹_선케어_상품상세&t_number=77
선케어,78,바이오더마,[클렌징워터 100ml 증정/리뉴얼]바이오더마 포토덤 아쿠아 플루이드 SPF50+ 40ml,https://www.oliveyoung.co.kr/store/goods/getGoodsDetail.do?goodsNo=A000000203047&dispCatNo=90000010009&trackingCd=Best_Sellingbest&t_page=랭킹&t_click=판매랭킹_선케어_상품상세&t_number=78
선케어,79,오브제,오브제 오일 컨트롤 선스틱 18g,https://www.oliveyoung.co.kr/store/goods/getGoodsDetail.do?goodsNo=A000000203006&dispCatNo=90000010009&trackingCd=Best_Sellingbest&t_page=랭킹&t_click=판매랭킹_선케어_상품상세&t_number=79
선케어,80,오브제,오브제 데일리 수분 선크림 50ml,https://www.oliveyoung.co.kr/store/goods/getGoodsDetail.do?goodsNo=A000000203003&dispCatNo=90000010009&trackingCd=Best_Sellingbest&t_page=랭킹&t_click=판매랭킹_선케어_상품상세&t_number=80
선케어,81,로벡틴,[민감/진정]로벡틴 카밍 로터스 선크림 50ml,https://www.oliveyoung.co.kr/store/goods/getGoodsDetail.do?goodsNo=A000000202909&dispCatNo=90000010009&trackingCd=Best_Sellingbest&t_page=랭킹&t_click=판매랭킹_선케어_상품상세&t_number=81
선케어,82,한율,"한율 어린쑥 수분진정 선크림 50ml 이슬로 기획 (+20ml, 띠부씰 3종)",https://www.oliveyoung.co.kr/store/goods/getGoodsDetail.do?goodsNo=A000000202646&dispCatNo=90000010009&trackingCd=Best_Sellingbest&t_page=랭킹&t_click=판매랭킹_선케어_상품상세&t_number=82
선케어,83,리얼베리어,[1+1기획] 리얼베리어 시카 그린 톤 업 선크림 50ml + 50ml 기획,https://www.oliveyoung.co.kr/store/goods/getGoodsDetail.do?goodsNo=A000000202636&dispCatNo=90000010009&trackingCd=Best_Sellingbest&t_page=랭킹&t_click=판매랭킹_선케어_상품상세&t_number=83
선케어,84,메디힐,[골프 라운딩권 증정] 메디힐 선케어 6종 택1 (수분 선크림 3종 / 선패치 3종),https://www.oliveyoung.co.kr/store/goods/getGoodsDetail.do?goodsNo=A000000202635&dispCatNo=90000010009&trackingCd=Best_Sellingbest&t_page=랭킹&t_click=판매랭킹_선케어_상품상세&t_number=84
선케어,85,빌리프,빌리프 슈퍼 드랍스 비타 흔적프루프 선퀴드 50ml,https://www.oliveyoung.co.kr/store/goods/getGoodsDetail.do?goodsNo=A000000202466&dispCatNo=90000010009&trackingCd=Best_Sellingbest&t_page=랭킹&t_click=판매랭킹_선케어_상품상세&t_number=85
선케어,86,에스쁘아,[더블기획] 에스쁘아 워터 스플래쉬 선크림 시카 60ml (+60ml) SPF50+ PA++++,https://www.oliveyoung.co.kr/store/goods/getGoodsDetail.do?goodsNo=A000000202433&dispCatNo=90000010009&trackingCd=Best_Sellingbest&t_page=랭킹&t_click=판매랭킹_선케어_상품상세&t_number=86
선케어,87,큐어,[단독기획] 김정문알로에 큐어 워터 스플래쉬 쿨링 선스틱 더블기획(23g + 23g),https://www.oliveyoung.co.kr/store/goods/getGoodsDetail.do?goodsNo=A000000202400&dispCatNo=90000010009&trackingCd=Best_Sellingbest&t_page=랭킹&t_click=판매랭킹_선케어_상품상세&t_number=87
선케어,88,헤라,[NEW]헤라 UV프로텍터 익스트림포스 레포츠 SPF50 PA4++++ 70ml,https://www.oliveyoung.co.kr/store/goods/getGoodsDetail.do?goodsNo=A000000202396&dispCatNo=90000010009&trackingCd=Best_Sellingbest&t_page=랭킹&t_click=판매랭킹_선케어_상품상세&t_number=88
선케어,89,에스쁘아,[단독기획] 에스쁘아 워터스플래쉬 선세럼 50ml 기획 (+10ml) SPF50+ PA+++,https://www.oliveyoung.co.kr/store/goods/getGoodsDetail.do?goodsNo=A000000202380&dispCatNo=90000010009&trackingCd=Best_Sellingbest&t_page=랭킹&t_click=판매랭킹_선케어_상품상세&t_number=89
선케어,90,에스쁘아,[NEW] 에스쁘아 워터 스플래쉬 선 세럼 50ml SPF50+ PA+++,https://www.oliveyoung.co.kr/store/goods/getGoodsDetail.do?goodsNo=A000000202378&dispCatNo=90000010009&trackingCd=Best_Sellingbest&t_page=랭킹&t_click=판매랭킹_선케어_상품상세&t_number=90
선케어,91,정샘물,[NEW] 정샘물 선슈얼 액티브 프루프 선 70ml,https://www.oliveyoung.co.kr/store/goods/getGoodsDetail.do?goodsNo=A000000202373&dispCatNo=90000010009&trackingCd=Best_Sellingbest&t_page=랭킹&t_click=판매랭킹_선케어_상품상세&t_number=91
선케어,92,정샘물,[NEW] 정샘물 선슈얼 아이스 선스틱 16g,https://www.oliveyoung.co.kr/store/goods/getGoodsDetail.do?goodsNo=A000000202372&dispCatNo=90000010009&trackingCd=Best_Sellingbest&t_page=랭킹&t_click=판매랭킹_선케어_상품상세&t_number=92
선케어,93,정샘물,[4월 올영픽/미니 증정] 정샘물 선슈얼 비타 캡슐 선 기획 (+캡슐선 5ml 증정),https://www.oliveyoung.co.kr/store/goods/getGoodsDetail.do?goodsNo=A000000202371&dispCatNo=90000010009&trackingCd=Best_Sellingbest&t_page=랭킹&t_click=판매랭킹_선케어_상품상세&t_number=93
선케어,94,메이크프렘,[단독기획] 메이크프렘 글로우 베이지 톤업 선크림 40ml 1+1 기획,https://www.oliveyoung.co.kr/store/goods/getGoodsDetail.do?goodsNo=A000000202360&dispCatNo=90000010009&trackingCd=Best_Sellingbest&t_page=랭킹&t_click=판매랭킹_선케어_상품상세&t_number=94
선케어,95,메이크프렘,[단독기획] 메이크프렘 수딩 핑크 톤업 선크림 40ml 1+1 기획,https://www.oliveyoung.co.kr/store/goods/getGoodsDetail.do?goodsNo=A000000202359&dispCatNo=90000010009&trackingCd=Best_Sellingbest&t_page=랭킹&t_click=판매랭킹_선케어_상품상세&t_number=95
선케어,96,딘시,딘시 프리미엄 비건 3 in 1 선스틱 SPF50+ PA++++ 10.5g,https://www.oliveyoung.co.kr/store/goods/getGoodsDetail.do?goodsNo=A000000202346&dispCatNo=90000010009&trackingCd=Best_Sellingbest&t_page=랭킹&t_click=판매랭킹_선케어_상품상세&t_number=96
선케어,97,딘시,[민가든 Pick] 딘시 프리미엄 비건 톤 업 선크림 SPF50+ PA++++ 50ml,https://www.oliveyoung.co.kr/store/goods/getGoodsDetail.do?goodsNo=A000000202344&dispCatNo=90000010009&trackingCd=Best_Sellingbest&t_page=랭킹&t_click=판매랭킹_선케어_상품상세&t_number=97
선케어,98,딘시,딘시 프리미엄 비건 마일드 모이스트 선크림 SPF50+ PA++++ 50ml,https://www.oliveyoung.co.kr/store/goods/getGoodsDetail.do?goodsNo=A000000202343&dispCatNo=90000010009&trackingCd=Best_Sellingbest&t_page=랭킹&t_click=판매랭킹_선케어_상품상세&t_number=98
선케어,99,부쉬맨,부쉬맨 워터프루프 프로 선크림 50g,https://www.oliveyoung.co.kr/store/goods/getGoodsDetail.do?goodsNo=A000000202329&dispCatNo=90000010009&trackingCd=Best_Sellingbest&t_page=랭킹&t_click=판매랭킹_선케어_상품상세&t_number=99
선케어,100,부쉬맨,부쉬맨 워터프루프 서핑 선스틱 16g,https://www.oliveyoung.co.kr/store/goods/getGoodsDetail.do?goodsNo=A000000202327&dispCatNo=90000010009&trackingCd=Best_Sellingbest&t_page=랭킹&t_click=판매랭킹_선케어_상품상세&t_number=100
메이크업,1,어바웃톤,[레오제이 자문협업/NEW컬러] 어바웃톤 블러 파우더 팩트(단품),https://www.oliveyoung.co.kr/store/goods/getGoodsDetail.do?goodsNo=A000000166442&dispCatNo=90000010009&trackingCd=Best_Sellingbest&t_page=랭킹&t_click=판매랭킹_메이크업_상품상세&t_number=1
메이크업,2,크리니크,크리니크 래쉬 파워 마스카라 블랙 1+1 기획,https://www.oliveyoung.co.kr/store/goods/getGoodsDetail.do?goodsNo=A000000202789&dispCatNo=90000010009&trackingCd=Best_Sellingbest&t_page=랭킹&t_click=판매랭킹_메이크업_상품상세&t_number=2
메이크업,3,투쿨포스쿨,[4월 올영픽/단독기획] 투쿨포스쿨 프로타주 펜슬 (+아이글리츠 증정),https://www.oliveyoung.co.kr/store/goods/getGoodsDetail.do?goodsNo=A000000120656&dispCatNo=90000010009&trackingCd=Best_Sellingbest&t_page=랭킹&t_click=판매랭킹_메이크업_상품상세&t_number=3
메이크업,4,하트퍼센트,하트퍼센트 도트 온 무드 립펜슬 20colors,https://www.oliveyoung.co.kr/store/goods/getGoodsDetail.do?goodsNo=A000000174066&dispCatNo=90000010009&trackingCd=Best_Sellingbest&t_page=랭킹&t_click=판매랭킹_메이크업_상품상세&t_number=4
메이크업,5,투크,[4월 올영픽/아이프라이머 증정] 투크 워터프루프 슬림 아이라이너 10colors (기획/단품),https://www.oliveyoung.co.kr/store/goods/getGoodsDetail.do?goodsNo=A000000185046&dispCatNo=90000010009&trackingCd=Best_Sellingbest&t_page=랭킹&t_click=판매랭킹_메이크업_상품상세&t_number=5
메이크업,6,웨이크메이크,[블러링팟증정기획] 웨이크메이크 워터 블러링 픽싱 틴트 15COLOR (단품/기획),https://www.oliveyoung.co.kr/store/goods/getGoodsDetail.do?goodsNo=A000000187206&dispCatNo=90000010009&trackingCd=Best_Sellingbest&t_page=랭킹&t_click=판매랭킹_메이크업_상품상세&t_number=6
메이크업,7,롬앤,[4월 올영픽/NEW][2023 어워즈/1위틴트] 롬앤 쥬시 래스팅 틴트,https://www.oliveyoung.co.kr/store/goods/getGoodsDetail.do?goodsNo=A000000125955&dispCatNo=90000010009&trackingCd=Best_Sellingbest&t_page=랭킹&t_click=판매랭킹_메이크업_상품상세&t_number=7
메이크업,8,웨이크메이크,[미연포카증정 대상상품] 웨이크메이크 소프트 블러링 아이팔레트 17 COLOR (기획/단품),https://www.oliveyoung.co.kr/store/goods/getGoodsDetail.do?goodsNo=A000000180532&dispCatNo=90000010009&trackingCd=Best_Sellingbest&t_page=랭킹&t_click=판매랭킹_메이크업_상품상세&t_number=8
메이크업,9,정샘물,[4월 올영픽/미니쿠션 최초 증정]정샘물 에센셜 스킨 누더 쿠션 기획(본품+리필+미니쿠션+퍼프1P),https://www.oliveyoung.co.kr/store/goods/getGoodsDetail.do?goodsNo=A000000139063&dispCatNo=90000010009&trackingCd=Best_Sellingbest&t_page=랭킹&t_click=판매랭킹_메이크업_상품상세&t_number=9
메이크업,10,롬앤,[4월 올영픽/NEW] 롬앤 글래스팅 컬러 글로스,https://www.oliveyoung.co.kr/store/goods/getGoodsDetail.do?goodsNo=A000000197231&dispCatNo=90000010009&trackingCd=Best_Sellingbest&t_page=랭킹&t_click=판매랭킹_메이크업_상품상세&t_number=10
메이크업,11,크리니크,[4월 올영픽] 크리니크 치크 팝 단품/ 기획 택 1,https://www.oliveyoung.co.kr/store/goods/getGoodsDetail.do?goodsNo=A000000158991&dispCatNo=90000010009&trackingCd=Best_Sellingbest&t_page=랭킹&t_click=판매랭킹_메이크업_상품상세&t_number=11
메이크업,12,에이프릴스킨,에이프릴스킨 히어로 쿠션 (리필 증정),https://www.oliveyoung.co.kr/store/goods/getGoodsDetail.do?goodsNo=A000000163765&dispCatNo=90000010009&trackingCd=Best_Sellingbest&t_page=랭킹&t_click=판매랭킹_메이크업_상품상세&t_number=12
메이크업,13,클리오,클리오 샤프 쏘 심플 워터프루프 펜슬라이너,https://www.oliveyoung.co.kr/store/goods/getGoodsDetail.do?goodsNo=A000000198343&dispCatNo=90000010009&trackingCd=Best_Sellingbest&t_page=랭킹&t_click=판매랭킹_메이크업_상품상세&t_number=13
메이크업,14,퓌,[위드아웃 재입고] 퓌 립앤치크 블러리 푸딩팟 30컬러,https://www.oliveyoung.co.kr/store/goods/getGoodsDetail.do?goodsNo=A000000200332&dispCatNo=90000010009&trackingCd=Best_Sellingbest&t_page=랭킹&t_click=판매랭킹_메이크업_상품상세&t_number=14
메이크업,15,더샘,[1등 컨실러] 더샘 커버 퍼펙션 트리플 팟 컨실러 4colors,https://www.oliveyoung.co.kr/store/goods/getGoodsDetail.do?goodsNo=A000000177593&dispCatNo=90000010009&trackingCd=Best_Sellingbest&t_page=랭킹&t_click=판매랭킹_메이크업_상품상세&t_number=15
메이크업,16,웨이크메이크,[1+1기획]웨이크메이크 철벽 펜 아이라이너 3color (1+1기획/단품),https://www.oliveyoung.co.kr/store/goods/getGoodsDetail.do?goodsNo=A000000136300&dispCatNo=90000010009&trackingCd=Best_Sellingbest&t_page=랭킹&t_click=판매랭킹_메이크업_상품상세&t_number=16
메이크업,17,바닐라코,[핑크블라썸에디션] 바닐라코 얼티밋 화이트 쿠션(+리필+퍼프2매)(기획),https://www.oliveyoung.co.kr/store/goods/getGoodsDetail.do?goodsNo=A000000174465&dispCatNo=90000010009&trackingCd=Best_Sellingbest&t_page=랭킹&t_click=판매랭킹_메이크업_상품상세&t_number=17
메이크업,18,웨이크메이크,[미연포카증정 대상상품] 웨이크메이크 스테이 픽서 멀티 컬러 파우더 3COLOR 브러시기획,https://www.oliveyoung.co.kr/store/goods/getGoodsDetail.do?goodsNo=A000000202389&dispCatNo=90000010009&trackingCd=Best_Sellingbest&t_page=랭킹&t_click=판매랭킹_메이크업_상품상세&t_number=18
메이크업,19,컬러그램,[NEW 컬러추가] 컬러그램 음영 창조 라이너 5 COLOR,https://www.oliveyoung.co.kr/store/goods/getGoodsDetail.do?goodsNo=A000000162103&dispCatNo=90000010009&trackingCd=Best_Sellingbest&t_page=랭킹&t_click=판매랭킹_메이크업_상품상세&t_number=19
메이크업,20,힌스,[최혜선PICK/단독선런칭] 힌스 로 글로우 젤 틴트,https://www.oliveyoung.co.kr/store/goods/getGoodsDetail.do?goodsNo=A000000202912&dispCatNo=90000010009&trackingCd=Best_Sellingbest&t_page=랭킹&t_click=판매랭킹_메이크업_상품상세&t_number=20
메이크업,21,토니모리,[하루 특가][NEW] 토니모리 겟잇틴트 워터풀버터 13종,https://www.oliveyoung.co.kr/store/goods/getGoodsDetail.do?goodsNo=A000000180567&dispCatNo=90000010009&trackingCd=Best_Sellingbest&t_page=랭킹&t_click=판매랭킹_메이크업_상품상세&t_number=21
메이크업,22,투쿨포스쿨,[NEW] 투쿨포스쿨 스머징 트임 라이너,https://www.oliveyoung.co.kr/store/goods/getGoodsDetail.do?goodsNo=A000000199182&dispCatNo=90000010009&trackingCd=Best_Sellingbest&t_page=랭킹&t_click=판매랭킹_메이크업_상품상세&t_number=22
메이크업,23,컬러그램,[ZB1폴라이벤트 대상상품] 컬러그램 틴토리 아이 팔레트 4COLOR,https://www.oliveyoung.co.kr/store/goods/getGoodsDetail.do?goodsNo=A000000201881&dispCatNo=90000010009&trackingCd=Best_Sellingbest&t_page=랭킹&t_click=판매랭킹_메이크업_상품상세&t_number=23
메이크업,24,키스미,[1+1기획/온라인단독] 키스미 히로인메이크 스무스 리퀴드 아이라이너 슈퍼 킵 더블기획,https://www.oliveyoung.co.kr/store/goods/getGoodsDetail.do?goodsNo=A000000203438&dispCatNo=90000010009&trackingCd=Best_Sellingbest&t_page=랭킹&t_click=판매랭킹_메이크업_상품상세&t_number=24
메이크업,25,글린트,글린트 하이라이터,https://www.oliveyoung.co.kr/store/goods/getGoodsDetail.do?goodsNo=A000000176088&dispCatNo=90000010009&trackingCd=Best_Sellingbest&t_page=랭킹&t_click=판매랭킹_메이크업_상품상세&t_number=25
메이크업,26,데이지크,데이지크 섀도우팔레트 20 colors (단품/한정기획),https://www.oliveyoung.co.kr/store/goods/getGoodsDetail.do?goodsNo=A000000147801&dispCatNo=90000010009&trackingCd=Best_Sellingbest&t_page=랭킹&t_click=판매랭킹_메이크업_상품상세&t_number=26
메이크업,27,헤라,[선착순 2종 증정] 헤라 센슈얼 누드 글로스 5g,https://www.oliveyoung.co.kr/store/goods/getGoodsDetail.do?goodsNo=A000000177984&dispCatNo=90000010009&trackingCd=Best_Sellingbest&t_page=랭킹&t_click=판매랭킹_메이크업_상품상세&t_number=27
메이크업,28,페리페라,페리페라 스피디 스키니 브로우,https://www.oliveyoung.co.kr/store/goods/getGoodsDetail.do?goodsNo=A000000138671&dispCatNo=90000010009&trackingCd=Best_Sellingbest&t_page=랭킹&t_click=판매랭킹_메이크업_상품상세&t_number=28
메이크업,29,투쿨포스쿨,[4월 올영픽/단독기획] 투쿨포스쿨 바이로댕 쉐이딩 (+미니브러쉬 증정),https://www.oliveyoung.co.kr/store/goods/getGoodsDetail.do?goodsNo=A000000145650&dispCatNo=90000010009&trackingCd=Best_Sellingbest&t_page=랭킹&t_click=판매랭킹_메이크업_상품상세&t_number=29
메이크업,30,케이트,케이트 아이브로우 펜슬 Z,https://www.oliveyoung.co.kr/store/goods/getGoodsDetail.do?goodsNo=A000000178673&dispCatNo=90000010009&trackingCd=Best_Sellingbest&t_page=랭킹&t_click=판매랭킹_메이크업_상품상세&t_number=30
메이크업,31,정샘물,[4월 올영픽/듀오기획] 정샘물 에센셜 물 마이크로 피팅 미스트 듀오 기획,https://www.oliveyoung.co.kr/store/goods/getGoodsDetail.do?goodsNo=A000000163626&dispCatNo=90000010009&trackingCd=Best_Sellingbest&t_page=랭킹&t_click=판매랭킹_메이크업_상품상세&t_number=31
메이크업,32,클리오,[후로페샤날 청과/키링+스티커 증정] 클리오 프로아이팔레트에어 기획/단품,https://www.oliveyoung.co.kr/store/goods/getGoodsDetail.do?goodsNo=A000000188988&dispCatNo=90000010009&trackingCd=Best_Sellingbest&t_page=랭킹&t_click=판매랭킹_메이크업_상품상세&t_number=32
메이크업,33,헤라,[선착순 2종 증정] 헤라 블랙 쿠션 파운데이션 (본품 15g+리필 15g),https://www.oliveyoung.co.kr/store/goods/getGoodsDetail.do?goodsNo=A000000202777&dispCatNo=90000010009&trackingCd=Best_Sellingbest&t_page=랭킹&t_click=판매랭킹_메이크업_상품상세&t_number=33
메이크업,34,어뮤즈,어뮤즈 립 앤 치크 헬시 밤 5colors,https://www.oliveyoung.co.kr/store/goods/getGoodsDetail.do?goodsNo=A000000191386&dispCatNo=90000010009&trackingCd=Best_Sellingbest&t_page=랭킹&t_click=판매랭킹_메이크업_상품상세&t_number=34
메이크업,35,베네피트,[태연 Pick] 베네피트 틴트 6종 택1,https://www.oliveyoung.co.kr/store/goods/getGoodsDetail.do?goodsNo=A000000131154&dispCatNo=90000010009&trackingCd=Best_Sellingbest&t_page=랭킹&t_click=판매랭킹_메이크업_상품상세&t_number=35
메이크업,36,롬앤,[NEW/단독기획]롬앤 베러 댄 컨투어,https://www.oliveyoung.co.kr/store/goods/getGoodsDetail.do?goodsNo=A000000201055&dispCatNo=90000010009&trackingCd=Best_Sellingbest&t_page=랭킹&t_click=판매랭킹_메이크업_상품상세&t_number=36
메이크업,37,정샘물,[4월 올영픽/20ml증정] 정샘물 스킨 세팅 베이스 기획 40ml (+20ml 추가 증정) 6종 중 택 1,https://www.oliveyoung.co.kr/store/goods/getGoodsDetail.do?goodsNo=A000000139020&dispCatNo=90000010009&trackingCd=Best_Sellingbest&t_page=랭킹&t_click=판매랭킹_메이크업_상품상세&t_number=37
메이크업,38,에뛰드,에뛰드 재창조 메이커 쉐딩 멀티 스틱 (웜&쿨),https://www.oliveyoung.co.kr/store/goods/getGoodsDetail.do?goodsNo=A000000190270&dispCatNo=90000010009&trackingCd=Best_Sellingbest&t_page=랭킹&t_click=판매랭킹_메이크업_상품상세&t_number=38
메이크업,39,클리오,[NEW 포그블랙] 클리오 킬래쉬 수퍼프루프마스카라 1+1 기획,https://www.oliveyoung.co.kr/store/goods/getGoodsDetail.do?goodsNo=A000000121749&dispCatNo=90000010009&trackingCd=Best_Sellingbest&t_page=랭킹&t_click=판매랭킹_메이크업_상품상세&t_number=39
메이크업,40,정샘물,[4월 올영픽/미니쿠션 최초 증정]정샘물 스킨 누더 커버레이어 쿠션 기획(본품+리필+미니쿠션+퍼프1P),https://www.oliveyoung.co.kr/store/goods/getGoodsDetail.do?goodsNo=A000000163378&dispCatNo=90000010009&trackingCd=Best_Sellingbest&t_page=랭킹&t_click=판매랭킹_메이크업_상품상세&t_number=40
메이크업,41,뮤드,[NEW] 뮤드 소프트 블러 틴트 3g 14종 택1,https://www.oliveyoung.co.kr/store/goods/getGoodsDetail.do?goodsNo=A000000188868&dispCatNo=90000010009&trackingCd=Best_Sellingbest&t_page=랭킹&t_click=판매랭킹_메이크업_상품상세&t_number=41
메이크업,42,더샘,[대용량 단독기획] 더샘 커버 퍼펙션 팁컨실러 9.5g 6colors,https://www.oliveyoung.co.kr/store/goods/getGoodsDetail.do?goodsNo=A000000155982&dispCatNo=90000010009&trackingCd=Best_Sellingbest&t_page=랭킹&t_click=판매랭킹_메이크업_상품상세&t_number=42
메이크업,43,투크,투크 원 바이 제뉴인 마그네틱 아이 섀도우 18colors,https://www.oliveyoung.co.kr/store/goods/getGoodsDetail.do?goodsNo=A000000191587&dispCatNo=90000010009&trackingCd=Best_Sellingbest&t_page=랭킹&t_click=판매랭킹_메이크업_상품상세&t_number=43
메이크업,44,롬앤,롬앤 제로 매트 립스틱,https://www.oliveyoung.co.kr/store/goods/getGoodsDetail.do?goodsNo=A000000142217&dispCatNo=90000010009&trackingCd=Best_Sellingbest&t_page=랭킹&t_click=판매랭킹_메이크업_상품상세&t_number=44
메이크업,45,투에이엔,[리뷰이벤트/아이린PICK] 투에이엔 듀얼치크 8colors (단품/한정기획),https://www.oliveyoung.co.kr/store/goods/getGoodsDetail.do?goodsNo=A000000181230&dispCatNo=90000010009&trackingCd=Best_Sellingbest&t_page=랭킹&t_click=판매랭킹_메이크업_상품상세&t_number=45
메이크업,46,에스쁘아,[벚꽃 에디션] 에스쁘아 비벨벳 커버쿠션 뉴클래스 기획 (본품+리필),https://www.oliveyoung.co.kr/store/goods/getGoodsDetail.do?goodsNo=A000000184222&dispCatNo=90000010009&trackingCd=Best_Sellingbest&t_page=랭킹&t_click=판매랭킹_메이크업_상품상세&t_number=46
메이크업,47,컬러그램,[립실러스틱 증정기획] 컬러그램 올인원 오버립 메이커 5 COLOR (단품/기획),https://www.oliveyoung.co.kr/store/goods/getGoodsDetail.do?goodsNo=A000000178430&dispCatNo=90000010009&trackingCd=Best_Sellingbest&t_page=랭킹&t_click=판매랭킹_메이크업_상품상세&t_number=47
메이크업,48,뮤드,[NEW한정기획] 뮤드 인스파이어 스키니 컬링/멀티 픽서 마스카라 (기획/단품),https://www.oliveyoung.co.kr/store/goods/getGoodsDetail.do?goodsNo=A000000182700&dispCatNo=90000010009&trackingCd=Best_Sellingbest&t_page=랭킹&t_click=판매랭킹_메이크업_상품상세&t_number=48
메이크업,49,에뛰드,[라이즈 PICK] 에뛰드 오버 글로이 틴트 3g,https://www.oliveyoung.co.kr/store/goods/getGoodsDetail.do?goodsNo=A000000202094&dispCatNo=90000010009&trackingCd=Best_Sellingbest&t_page=랭킹&t_click=판매랭킹_메이크업_상품상세&t_number=49
메이크업,50,컬러그램,[삼각존라이너 증정기획] 컬러그램 올인원 애교살 메이커 7 COLOR (단품/기획),https://www.oliveyoung.co.kr/store/goods/getGoodsDetail.do?goodsNo=A000000159062&dispCatNo=90000010009&trackingCd=Best_Sellingbest&t_page=랭킹&t_click=판매랭킹_메이크업_상품상세&t_number=50
메이크업,51,어뮤즈,[장원영 PICK/한정기획] 어뮤즈 세라믹 스킨 퍼펙터 쿠션 리필 한정 기획 (본품+리필 증정),https://www.oliveyoung.co.kr/store/goods/getGoodsDetail.do?goodsNo=A000000200357&dispCatNo=90000010009&trackingCd=Best_Sellingbest&t_page=랭킹&t_click=판매랭킹_메이크업_상품상세&t_number=51
메이크업,52,웨이크메이크,[립펜슬증정기획] 웨이크메이크 듀이 젤 글레이즈 스틱 14 COLOR (립펜슬기획/단품),https://www.oliveyoung.co.kr/store/goods/getGoodsDetail.do?goodsNo=A000000182293&dispCatNo=90000010009&trackingCd=Best_Sellingbest&t_page=랭킹&t_click=판매랭킹_메이크업_상품상세&t_number=52
메이크업,53,엔트로피메이크업,엔트로피 브로우 블리치,https://www.oliveyoung.co.kr/store/goods/getGoodsDetail.do?goodsNo=A000000181223&dispCatNo=90000010009&trackingCd=Best_Sellingbest&t_page=랭킹&t_click=판매랭킹_메이크업_상품상세&t_number=53
메이크업,54,클리오,클리오 킬커버 하이 글로우 쿠션(본품+리필 기획),https://www.oliveyoung.co.kr/store/goods/getGoodsDetail.do?goodsNo=A000000188879&dispCatNo=90000010009&trackingCd=Best_Sellingbest&t_page=랭킹&t_click=판매랭킹_메이크업_상품상세&t_number=54
메이크업,55,클리오,클리오 크리스탈 글램 틴트,https://www.oliveyoung.co.kr/store/goods/getGoodsDetail.do?goodsNo=A000000185265&dispCatNo=90000010009&trackingCd=Best_Sellingbest&t_page=랭킹&t_click=판매랭킹_메이크업_상품상세&t_number=55
메이크업,56,누즈,[NEW/블러셔]누즈 리퀴드 케어 치크,https://www.oliveyoung.co.kr/store/goods/getGoodsDetail.do?goodsNo=A000000188344&dispCatNo=90000010009&trackingCd=Best_Sellingbest&t_page=랭킹&t_click=판매랭킹_메이크업_상품상세&t_number=56
메이크업,57,젬소,[리뉴얼]젬소 아이래쉬 앤 아이브로우 멀티액티브 세럼 3ml+1ml 증정기획,https://www.oliveyoung.co.kr/store/goods/getGoodsDetail.do?goodsNo=A000000197081&dispCatNo=90000010009&trackingCd=Best_Sellingbest&t_page=랭킹&t_click=판매랭킹_메이크업_상품상세&t_number=57
메이크업,58,라카,라카 모노 아이섀도우,https://www.oliveyoung.co.kr/store/goods/getGoodsDetail.do?goodsNo=A000000183472&dispCatNo=90000010009&trackingCd=Best_Sellingbest&t_page=랭킹&t_click=판매랭킹_메이크업_상품상세&t_number=58
메이크업,59,코스노리,[1등 톤업크림] 코스노리 화이트닝 드레스 비건 톤업크림,https://www.oliveyoung.co.kr/store/goods/getGoodsDetail.do?goodsNo=A000000017135&dispCatNo=90000010009&trackingCd=Best_Sellingbest&t_page=랭킹&t_click=판매랭킹_메이크업_상품상세&t_number=59
메이크업,60,힌스,[단독선런칭/24SS컬렉션] 힌스 듀이 리퀴드 치크,https://www.oliveyoung.co.kr/store/goods/getGoodsDetail.do?goodsNo=A000000202983&dispCatNo=90000010009&trackingCd=Best_Sellingbest&t_page=랭킹&t_click=판매랭킹_메이크업_상품상세&t_number=60
메이크업,61,루나,[사쿠라PICK/올리브영 5년연속 1위] 루나 롱래스팅 팁 컨실러 7.5g 7colors,https://www.oliveyoung.co.kr/store/goods/getGoodsDetail.do?goodsNo=A000000012239&dispCatNo=90000010009&trackingCd=Best_Sellingbest&t_page=랭킹&t_click=판매랭킹_메이크업_상품상세&t_number=61
메이크업,62,메리몽드,메리몽드 슈퍼트임 펜 아이라이너 6 COLORS,https://www.oliveyoung.co.kr/store/goods/getGoodsDetail.do?goodsNo=A000000200343&dispCatNo=90000010009&trackingCd=Best_Sellingbest&t_page=랭킹&t_click=판매랭킹_메이크업_상품상세&t_number=62
메이크업,63,키스미,[컬러브로우 마스카라] 키스미 헤비로테이션 컬러링 아이브로우,https://www.oliveyoung.co.kr/store/goods/getGoodsDetail.do?goodsNo=A000000013161&dispCatNo=90000010009&trackingCd=Best_Sellingbest&t_page=랭킹&t_click=판매랭킹_메이크업_상품상세&t_number=63
메이크업,64,롬앤,[NEW] 롬앤 블러 퍼지 틴트,https://www.oliveyoung.co.kr/store/goods/getGoodsDetail.do?goodsNo=A000000158896&dispCatNo=90000010009&trackingCd=Best_Sellingbest&t_page=랭킹&t_click=판매랭킹_메이크업_상품상세&t_number=64
메이크업,65,힌스,힌스 시그니처 브로우 쉐이퍼,https://www.oliveyoung.co.kr/store/goods/getGoodsDetail.do?goodsNo=A000000148568&dispCatNo=90000010009&trackingCd=Best_Sellingbest&t_page=랭킹&t_click=판매랭킹_메이크업_상품상세&t_number=65
메이크업,66,딘토,[올리브영 입점] 딘토 블러글로이 립 틴트 3.5g / 20 colors (실버예은PICK),https://www.oliveyoung.co.kr/store/goods/getGoodsDetail.do?goodsNo=A000000201123&dispCatNo=90000010009&trackingCd=Best_Sellingbest&t_page=랭킹&t_click=판매랭킹_메이크업_상품상세&t_number=66
메이크업,67,더샘,[샤프너증정] 더샘 커버 퍼펙션 컨실러 펜슬 7colors,https://www.oliveyoung.co.kr/store/goods/getGoodsDetail.do?goodsNo=A000000177352&dispCatNo=90000010009&trackingCd=Best_Sellingbest&t_page=랭킹&t_click=판매랭킹_메이크업_상품상세&t_number=67
메이크업,68,에스쁘아,[미니카라 증정]에스쁘아 더브로우 밸런스 펜슬 (+미니 브로우 카라 증정 기획),https://www.oliveyoung.co.kr/store/goods/getGoodsDetail.do?goodsNo=A000000165912&dispCatNo=90000010009&trackingCd=Best_Sellingbest&t_page=랭킹&t_click=판매랭킹_메이크업_상품상세&t_number=68
메이크업,69,파넬,[진정쿠션] 파넬 시카마누 세럼쿠션 기획 (본품+리필),https://www.oliveyoung.co.kr/store/goods/getGoodsDetail.do?goodsNo=A000000190611&dispCatNo=90000010009&trackingCd=Best_Sellingbest&t_page=랭킹&t_click=판매랭킹_메이크업_상품상세&t_number=69
메이크업,70,베네피트,베네피트 프리사이슬리 마이 브로우 펜슬,https://www.oliveyoung.co.kr/store/goods/getGoodsDetail.do?goodsNo=A000000131179&dispCatNo=90000010009&trackingCd=Best_Sellingbest&t_page=랭킹&t_click=판매랭킹_메이크업_상품상세&t_number=70
메이크업,71,웨이크메이크,[한정기획] 웨이크메이크 믹스 블러링 볼륨 쉐딩 2COLOR (쉐딩스틱기획/단품),https://www.oliveyoung.co.kr/store/goods/getGoodsDetail.do?goodsNo=A000000162835&dispCatNo=90000010009&trackingCd=Best_Sellingbest&t_page=랭킹&t_click=판매랭킹_메이크업_상품상세&t_number=71
메이크업,72,웨이크메이크,[브러시증정기획] 웨이크메이크 쉬어 레이어링 듀얼 블러셔 5COLOR (기획/단품),https://www.oliveyoung.co.kr/store/goods/getGoodsDetail.do?goodsNo=A000000200789&dispCatNo=90000010009&trackingCd=Best_Sellingbest&t_page=랭킹&t_click=판매랭킹_메이크업_상품상세&t_number=72
메이크업,73,케이트,[혜림쌤PICK/ NEW몬스터에디션] 케이트 립 몬스터 15 colors,https://www.oliveyoung.co.kr/store/goods/getGoodsDetail.do?goodsNo=A000000191611&dispCatNo=90000010009&trackingCd=Best_Sellingbest&t_page=랭킹&t_click=판매랭킹_메이크업_상품상세&t_number=73
메이크업,74,메이크힐,메이크힐 원피엘 파운데이저 파운데이션 28g 컬러 4종,https://www.oliveyoung.co.kr/store/goods/getGoodsDetail.do?goodsNo=A000000188841&dispCatNo=90000010009&trackingCd=Best_Sellingbest&t_page=랭킹&t_click=판매랭킹_메이크업_상품상세&t_number=74
메이크업,75,네이밍,[단독] 네이밍 레이어드 핏 쿠션 기획 (본품+리필),https://www.oliveyoung.co.kr/store/goods/getGoodsDetail.do?goodsNo=A000000175954&dispCatNo=90000010009&trackingCd=Best_Sellingbest&t_page=랭킹&t_click=판매랭킹_메이크업_상품상세&t_number=75
메이크업,76,에뛰드,에뛰드 컬 픽스 마스카라 8g 듀이글리터 기획,https://www.oliveyoung.co.kr/store/goods/getGoodsDetail.do?goodsNo=A000000181819&dispCatNo=90000010009&trackingCd=Best_Sellingbest&t_page=랭킹&t_click=판매랭킹_메이크업_상품상세&t_number=76
메이크업,77,어뮤즈,[장원영 PICK/한정기획] 어뮤즈 젤핏 틴트 기획/단품 (+미니 립 풀러 증정),https://www.oliveyoung.co.kr/store/goods/getGoodsDetail.do?goodsNo=A000000179233&dispCatNo=90000010009&trackingCd=Best_Sellingbest&t_page=랭킹&t_click=판매랭킹_메이크업_상품상세&t_number=77
메이크업,78,투쿨포스쿨,[NEW] 투쿨포스쿨 바이로댕 듀얼 컨투어 스틱,https://www.oliveyoung.co.kr/store/goods/getGoodsDetail.do?goodsNo=A000000200822&dispCatNo=90000010009&trackingCd=Best_Sellingbest&t_page=랭킹&t_click=판매랭킹_메이크업_상품상세&t_number=78
메이크업,79,스킨푸드,[리뷰이벤트/560만개 판매] 스킨푸드 초코 아이브로우 파우더 케익 2colors,https://www.oliveyoung.co.kr/store/goods/getGoodsDetail.do?goodsNo=A000000200114&dispCatNo=90000010009&trackingCd=Best_Sellingbest&t_page=랭킹&t_click=판매랭킹_메이크업_상품상세&t_number=79
메이크업,80,에스쁘아,[단독 기획] 에스쁘아 꾸뛰르 립틴트 글레이즈 6colors,https://www.oliveyoung.co.kr/store/goods/getGoodsDetail.do?goodsNo=A000000197490&dispCatNo=90000010009&trackingCd=Best_Sellingbest&t_page=랭킹&t_click=판매랭킹_메이크업_상품상세&t_number=80
메이크업,81,릴리바이레드,릴리바이레드 스태리아이즈 나인투나인 젤아이라이너,https://www.oliveyoung.co.kr/store/goods/getGoodsDetail.do?goodsNo=A000000106440&dispCatNo=90000010009&trackingCd=Best_Sellingbest&t_page=랭킹&t_click=판매랭킹_메이크업_상품상세&t_number=81
메이크업,82,키스미,[NO.1 마스카라] 키스미 히로인메이크 마스카라 EX (롱/볼륨),https://www.oliveyoung.co.kr/store/goods/getGoodsDetail.do?goodsNo=A000000001918&dispCatNo=90000010009&trackingCd=Best_Sellingbest&t_page=랭킹&t_click=판매랭킹_메이크업_상품상세&t_number=82
메이크업,83,힌스,[단독기획] 힌스 세컨 스킨 글로우 쿠션(본품+리필),https://www.oliveyoung.co.kr/store/goods/getGoodsDetail.do?goodsNo=A000000179074&dispCatNo=90000010009&trackingCd=Best_Sellingbest&t_page=랭킹&t_click=판매랭킹_메이크업_상품상세&t_number=83
메이크업,84,페리페라,페리페라 스피디 아이브로우 오토 펜슬,https://www.oliveyoung.co.kr/store/goods/getGoodsDetail.do?goodsNo=A000000007250&dispCatNo=90000010009&trackingCd=Best_Sellingbest&t_page=랭킹&t_click=판매랭킹_메이크업_상품상세&t_number=84
메이크업,85,투쿨포스쿨,투쿨포스쿨 픽싱 누드 쿠션 (본품+리필 / 미니쿠션기획),https://www.oliveyoung.co.kr/store/goods/getGoodsDetail.do?goodsNo=A000000184992&dispCatNo=90000010009&trackingCd=Best_Sellingbest&t_page=랭킹&t_click=판매랭킹_메이크업_상품상세&t_number=85
메이크업,86,롬앤,[NEW/블러셔] 롬앤 베러 댄 치크,https://www.oliveyoung.co.kr/store/goods/getGoodsDetail.do?goodsNo=A000000172610&dispCatNo=90000010009&trackingCd=Best_Sellingbest&t_page=랭킹&t_click=판매랭킹_메이크업_상품상세&t_number=86
메이크업,87,롬앤,[4월 올영픽/NEW] 롬앤 글래스팅 멜팅 밤 (단품/기획),https://www.oliveyoung.co.kr/store/goods/getGoodsDetail.do?goodsNo=A000000175795&dispCatNo=90000010009&trackingCd=Best_Sellingbest&t_page=랭킹&t_click=판매랭킹_메이크업_상품상세&t_number=87
메이크업,88,코스노리,코스노리 아이래쉬 틴팅 세럼 비건 블랙 속눈썹영양제 단품/기획,https://www.oliveyoung.co.kr/store/goods/getGoodsDetail.do?goodsNo=A000000187890&dispCatNo=90000010009&trackingCd=Best_Sellingbest&t_page=랭킹&t_click=판매랭킹_메이크업_상품상세&t_number=88
메이크업,89,컬러그램,컬러그램 입체 창조 쉐딩 스틱 3 COLOR,https://www.oliveyoung.co.kr/store/goods/getGoodsDetail.do?goodsNo=A000000162107&dispCatNo=90000010009&trackingCd=Best_Sellingbest&t_page=랭킹&t_click=판매랭킹_메이크업_상품상세&t_number=89
메이크업,90,컬러그램,[하이라이터 증정기획] 컬러그램 입체 창조 쉐딩 스틱 3COLOR,https://www.oliveyoung.co.kr/store/goods/getGoodsDetail.do?goodsNo=A000000201778&dispCatNo=90000010009&trackingCd=Best_Sellingbest&t_page=랭킹&t_click=판매랭킹_메이크업_상품상세&t_number=90
메이크업,91,지베르니,[NEW볼륨출시] 지베르니 밀착 센서티브 마스카라 1+1기획 (내추럴/롱래쉬/볼륨),https://www.oliveyoung.co.kr/store/goods/getGoodsDetail.do?goodsNo=A000000188285&dispCatNo=90000010009&trackingCd=Best_Sellingbest&t_page=랭킹&t_click=판매랭킹_메이크업_상품상세&t_number=91
메이크업,92,에뛰드,[조효진개발/NEW컬러] 에뛰드 그림자 쉐딩 단품/기획,https://www.oliveyoung.co.kr/store/goods/getGoodsDetail.do?goodsNo=A000000201297&dispCatNo=90000010009&trackingCd=Best_Sellingbest&t_page=랭킹&t_click=판매랭킹_메이크업_상품상세&t_number=92
메이크업,93,라네즈,라네즈 네오 에센셜 블러링 피니시 파우더 7g,https://www.oliveyoung.co.kr/store/goods/getGoodsDetail.do?goodsNo=A000000180593&dispCatNo=90000010009&trackingCd=Best_Sellingbest&t_page=랭킹&t_click=판매랭킹_메이크업_상품상세&t_number=93
메이크업,94,지베르니,[재입고] 지베르니 밀착 커버 파운데이션 (휴대용기기획/단품),https://www.oliveyoung.co.kr/store/goods/getGoodsDetail.do?goodsNo=A000000184228&dispCatNo=90000010009&trackingCd=Best_Sellingbest&t_page=랭킹&t_click=판매랭킹_메이크업_상품상세&t_number=94
메이크업,95,웨이크메이크,웨이크메이크 워터 벨벳 커버 쿠션 (블랙리필기획/단품),https://www.oliveyoung.co.kr/store/goods/getGoodsDetail.do?goodsNo=A000000184615&dispCatNo=90000010009&trackingCd=Best_Sellingbest&t_page=랭킹&t_click=판매랭킹_메이크업_상품상세&t_number=95
메이크업,96,맥,MAC 스튜디오 픽스 쿠션,https://www.oliveyoung.co.kr/store/goods/getGoodsDetail.do?goodsNo=A000000157137&dispCatNo=90000010009&trackingCd=Best_Sellingbest&t_page=랭킹&t_click=판매랭킹_메이크업_상품상세&t_number=96
메이크업,97,에이지투웨니스,[수영PICK]AGE20S 벨벳 래스팅 팩트(본품+리필),https://www.oliveyoung.co.kr/store/goods/getGoodsDetail.do?goodsNo=A000000191653&dispCatNo=90000010009&trackingCd=Best_Sellingbest&t_page=랭킹&t_click=판매랭킹_메이크업_상품상세&t_number=97
메이크업,98,클리오,[샤프너 증정] 클리오 벨벳 립펜슬 기획세트,https://www.oliveyoung.co.kr/store/goods/getGoodsDetail.do?goodsNo=A000000189033&dispCatNo=90000010009&trackingCd=Best_Sellingbest&t_page=랭킹&t_click=판매랭킹_메이크업_상품상세&t_number=98
메이크업,99,홀리카홀리카,홀리카홀리카 마이페이브 인퓨징 블러쉬,https://www.oliveyoung.co.kr/store/goods/getGoodsDetail.do?goodsNo=A000000190825&dispCatNo=90000010009&trackingCd=Best_Sellingbest&t_page=랭킹&t_click=판매랭킹_메이크업_상품상세&t_number=99
메이크업,100,페리페라,페리페라 잉크 더 에어리벨벳,https://www.oliveyoung.co.kr/store/goods/getGoodsDetail.do?goodsNo=A000000121562&dispCatNo=90000010009&trackingCd=Best_Sellingbest&t_page=랭킹&t_click=판매랭킹_메이크업_상품상세&t_number=100
네일,1,팁토우,[잉화PICK][NEW/24SS] 팁토우 컬러 네일 51종,https://www.oliveyoung.co.kr/store/goods/getGoodsDetail.do?goodsNo=A000000189064&dispCatNo=90000010009&trackingCd=Best_Sellingbest&t_page=랭킹&t_click=판매랭킹_네일_상품상세&t_number=1
네일,2,반디,[NEW] 반디 스팀 큐티클 오일 & 큐티클 케어 키트 골라담기,https://www.oliveyoung.co.kr/store/goods/getGoodsDetail.do?goodsNo=A000000199838&dispCatNo=90000010009&trackingCd=Best_Sellingbest&t_page=랭킹&t_click=판매랭킹_네일_상품상세&t_number=2
네일,3,디어에이,디어에이 루미너스 네일 에센스 3g,https://www.oliveyoung.co.kr/store/goods/getGoodsDetail.do?goodsNo=A000000180098&dispCatNo=90000010009&trackingCd=Best_Sellingbest&t_page=랭킹&t_click=판매랭킹_네일_상품상세&t_number=3
네일,4,르멘트,[셈디Pick/단독증정] 르멘트 반짝임 케어 다즐링 하드너 14ml +5ml 기획,https://www.oliveyoung.co.kr/store/goods/getGoodsDetail.do?goodsNo=A000000189836&dispCatNo=90000010009&trackingCd=Best_Sellingbest&t_page=랭킹&t_click=판매랭킹_네일_상품상세&t_number=4
네일,5,르멘트,르멘트 컬러네일 36종&다즐링 하드너 단품/기획 택1,https://www.oliveyoung.co.kr/store/goods/getGoodsDetail.do?goodsNo=A000000185114&dispCatNo=90000010009&trackingCd=Best_Sellingbest&t_page=랭킹&t_click=판매랭킹_네일_상품상세&t_number=5
네일,6,웨이크메이크,웨이크메이크 네일케어 핑크영양제 2종 택1,https://www.oliveyoung.co.kr/store/goods/getGoodsDetail.do?goodsNo=A000000151292&dispCatNo=90000010009&trackingCd=Best_Sellingbest&t_page=랭킹&t_click=판매랭킹_네일_상품상세&t_number=6
네일,7,반디,반디 핑크다이아 손톱 종합영양제 [뿌리세럼펜 증정],https://www.oliveyoung.co.kr/store/goods/getGoodsDetail.do?goodsNo=A000000184922&dispCatNo=90000010009&trackingCd=Best_Sellingbest&t_page=랭킹&t_click=판매랭킹_네일_상품상세&t_number=7
네일,8,반디,반디 네일큐어 다이아 코팅 강화제 & 단백질영양제,https://www.oliveyoung.co.kr/store/goods/getGoodsDetail.do?goodsNo=A000000184914&dispCatNo=90000010009&trackingCd=Best_Sellingbest&t_page=랭킹&t_click=판매랭킹_네일_상품상세&t_number=8
네일,9,팁토우,[NEW] 팁토우 매트 글리터 네일 폴리쉬 4종,https://www.oliveyoung.co.kr/store/goods/getGoodsDetail.do?goodsNo=A000000191991&dispCatNo=90000010009&trackingCd=Best_Sellingbest&t_page=랭킹&t_click=판매랭킹_네일_상품상세&t_number=9
네일,10,디젤,[NEW] 디젤 힐링 포션,https://www.oliveyoung.co.kr/store/goods/getGoodsDetail.do?goodsNo=A000000201012&dispCatNo=90000010009&trackingCd=Best_Sellingbest&t_page=랭킹&t_click=판매랭킹_네일_상품상세&t_number=10
네일,11,코스노리,코스노리 실크리페어 네일 크림 손톱영양제,https://www.oliveyoung.co.kr/store/goods/getGoodsDetail.do?goodsNo=A000000154617&dispCatNo=90000010009&trackingCd=Best_Sellingbest&t_page=랭킹&t_click=판매랭킹_네일_상품상세&t_number=11
네일,12,필리밀리,필리밀리 큐티클 니퍼,https://www.oliveyoung.co.kr/store/goods/getGoodsDetail.do?goodsNo=A000000149046&dispCatNo=90000010009&trackingCd=Best_Sellingbest&t_page=랭킹&t_click=판매랭킹_네일_상품상세&t_number=12
네일,13,닥터원더,닥터원더 네일 에센스 포켓 펜 ver.2,https://www.oliveyoung.co.kr/store/goods/getGoodsDetail.do?goodsNo=A000000152610&dispCatNo=90000010009&trackingCd=Best_Sellingbest&t_page=랭킹&t_click=판매랭킹_네일_상품상세&t_number=13
네일,14,웨이크메이크,웨이크메이크 네일건 핑크 세럼 펜,https://www.oliveyoung.co.kr/store/goods/getGoodsDetail.do?goodsNo=A000000151272&dispCatNo=90000010009&trackingCd=Best_Sellingbest&t_page=랭킹&t_click=판매랭킹_네일_상품상세&t_number=14
네일,15,디어에이,[다예PICK][NEW] 디어에이 샤인 온 미 네일 컬러 25colors,https://www.oliveyoung.co.kr/store/goods/getGoodsDetail.do?goodsNo=A000000171538&dispCatNo=90000010009&trackingCd=Best_Sellingbest&t_page=랭킹&t_click=판매랭킹_네일_상품상세&t_number=15
네일,16,위드샨,위드샨 논아세톤 네일 리무버 200ml,https://www.oliveyoung.co.kr/store/goods/getGoodsDetail.do?goodsNo=A000000179792&dispCatNo=90000010009&trackingCd=Best_Sellingbest&t_page=랭킹&t_click=판매랭킹_네일_상품상세&t_number=16
네일,17,위드샨,위드샨 펌프형리무버 5종 골라담기,https://www.oliveyoung.co.kr/store/goods/getGoodsDetail.do?goodsNo=A000000179818&dispCatNo=90000010009&trackingCd=Best_Sellingbest&t_page=랭킹&t_click=판매랭킹_네일_상품상세&t_number=17
네일,18,위드샨,위드샨 더블케어네일세럼 1.2ml,https://www.oliveyoung.co.kr/store/goods/getGoodsDetail.do?goodsNo=A000000164037&dispCatNo=90000010009&trackingCd=Best_Sellingbest&t_page=랭킹&t_click=판매랭킹_네일_상품상세&t_number=18
네일,19,웨이크메이크,웨이크메이크 네일 리무버 100ml,https://www.oliveyoung.co.kr/store/goods/getGoodsDetail.do?goodsNo=A000000118173&dispCatNo=90000010009&trackingCd=Best_Sellingbest&t_page=랭킹&t_click=판매랭킹_네일_상품상세&t_number=19
네일,20,웨이크메이크,웨이크메이크 네일건 (데일리네일/시즌네일),https://www.oliveyoung.co.kr/store/goods/getGoodsDetail.do?goodsNo=A000000202617&dispCatNo=90000010009&trackingCd=Best_Sellingbest&t_page=랭킹&t_click=판매랭킹_네일_상품상세&t_number=20
네일,21,핑거수트,[NEW] 핑거수트 프렙패드 세트,https://www.oliveyoung.co.kr/store/goods/getGoodsDetail.do?goodsNo=A000000201413&dispCatNo=90000010009&trackingCd=Best_Sellingbest&t_page=랭킹&t_click=판매랭킹_네일_상품상세&t_number=21
네일,22,디어에이,[보현pick][24SS/NEW] 디어에이 퍼퓸 네일 트리트먼트,https://www.oliveyoung.co.kr/store/goods/getGoodsDetail.do?goodsNo=A000000201254&dispCatNo=90000010009&trackingCd=Best_Sellingbest&t_page=랭킹&t_click=판매랭킹_네일_상품상세&t_number=22
네일,23,데싱디바,[NEW/네일팁] 데싱디바 매직프레스 메테오,https://www.oliveyoung.co.kr/store/goods/getGoodsDetail.do?goodsNo=A000000201207&dispCatNo=90000010009&trackingCd=Best_Sellingbest&t_page=랭킹&t_click=판매랭킹_네일_상품상세&t_number=23
네일,24,데싱디바,[NEW/네일팁] 데싱디바 매직프레스 블러셔,https://www.oliveyoung.co.kr/store/goods/getGoodsDetail.do?goodsNo=A000000201206&dispCatNo=90000010009&trackingCd=Best_Sellingbest&t_page=랭킹&t_click=판매랭킹_네일_상품상세&t_number=24
네일,25,데싱디바,[NEW/네일팁] 데싱디바 매직프레스 이모션,https://www.oliveyoung.co.kr/store/goods/getGoodsDetail.do?goodsNo=A000000201223&dispCatNo=90000010009&trackingCd=Best_Sellingbest&t_page=랭킹&t_click=판매랭킹_네일_상품상세&t_number=25
네일,26,데싱디바,[다영 PICK][NEW/네일팁] 데싱디바 매직프레스 화이트 플로럴,https://www.oliveyoung.co.kr/store/goods/getGoodsDetail.do?goodsNo=A000000201205&dispCatNo=90000010009&trackingCd=Best_Sellingbest&t_page=랭킹&t_click=판매랭킹_네일_상품상세&t_number=26
네일,27,데싱디바,[NEW/네일팁] 데싱디바 매직프레스 블라썸 브리즈,https://www.oliveyoung.co.kr/store/goods/getGoodsDetail.do?goodsNo=A000000201222&dispCatNo=90000010009&trackingCd=Best_Sellingbest&t_page=랭킹&t_click=판매랭킹_네일_상품상세&t_number=27
네일,28,데싱디바,[NEW/네일팁] 데싱디바 매직프레스 프리미엄 샤이 하트,https://www.oliveyoung.co.kr/store/goods/getGoodsDetail.do?goodsNo=A000000201221&dispCatNo=90000010009&trackingCd=Best_Sellingbest&t_page=랭킹&t_click=판매랭킹_네일_상품상세&t_number=28
네일,29,데싱디바,[NEW/네일팁] 데싱디바 매직프레스 프리미엄 글레어,https://www.oliveyoung.co.kr/store/goods/getGoodsDetail.do?goodsNo=A000000201204&dispCatNo=90000010009&trackingCd=Best_Sellingbest&t_page=랭킹&t_click=판매랭킹_네일_상품상세&t_number=29
네일,30,데싱디바,[NEW/네일팁] 데싱디바 매직프레스 프리미엄 키오네,https://www.oliveyoung.co.kr/store/goods/getGoodsDetail.do?goodsNo=A000000201220&dispCatNo=90000010009&trackingCd=Best_Sellingbest&t_page=랭킹&t_click=판매랭킹_네일_상품상세&t_number=30
네일,31,데싱디바,[NEW/네일팁] 데싱디바 매직프레스 프리미엄 드리밍 가든,https://www.oliveyoung.co.kr/store/goods/getGoodsDetail.do?goodsNo=A000000201203&dispCatNo=90000010009&trackingCd=Best_Sellingbest&t_page=랭킹&t_click=판매랭킹_네일_상품상세&t_number=31
네일,32,디어러스,디어러스 젤 클렌저 100ml,https://www.oliveyoung.co.kr/store/goods/getGoodsDetail.do?goodsNo=A000000201182&dispCatNo=90000010009&trackingCd=Best_Sellingbest&t_page=랭킹&t_click=판매랭킹_네일_상품상세&t_number=32
네일,33,디어러스,디어러스 젤 리무버 100ml,https://www.oliveyoung.co.kr/store/goods/getGoodsDetail.do?goodsNo=A000000201162&dispCatNo=90000010009&trackingCd=Best_Sellingbest&t_page=랭킹&t_click=판매랭킹_네일_상품상세&t_number=33
네일,34,팁토우,[24SS/NEW] 팁토우 센티드 아쿠아 네일 10ml 5종,https://www.oliveyoung.co.kr/store/goods/getGoodsDetail.do?goodsNo=A000000199904&dispCatNo=90000010009&trackingCd=Best_Sellingbest&t_page=랭킹&t_click=판매랭킹_네일_상품상세&t_number=34
네일,35,웨이크메이크,[시즌한정컬러] 웨이크메이크 네일건 S/S 시즌네일 6COLOR,https://www.oliveyoung.co.kr/store/goods/getGoodsDetail.do?goodsNo=A000000199506&dispCatNo=90000010009&trackingCd=Best_Sellingbest&t_page=랭킹&t_click=판매랭킹_네일_상품상세&t_number=35
네일,36,루에브르,[아엠콘 PICK/쇼핑백 증정] 루에브르 베르니 10ml 8종 택 1,https://www.oliveyoung.co.kr/store/goods/getGoodsDetail.do?goodsNo=A000000198161&dispCatNo=90000010009&trackingCd=Best_Sellingbest&t_page=랭킹&t_click=판매랭킹_네일_상품상세&t_number=36
네일,37,르멘트,[모하비PICK] 르멘트 글리터&아이스 네일 6종,https://www.oliveyoung.co.kr/store/goods/getGoodsDetail.do?goodsNo=A000000197759&dispCatNo=90000010009&trackingCd=Best_Sellingbest&t_page=랭킹&t_click=판매랭킹_네일_상품상세&t_number=37
네일,38,팁토우,[NEW] 팁토우 손 끝에 반짝이는 : 글리터에디션 24종,https://www.oliveyoung.co.kr/store/goods/getGoodsDetail.do?goodsNo=A000000197498&dispCatNo=90000010009&trackingCd=Best_Sellingbest&t_page=랭킹&t_click=판매랭킹_네일_상품상세&t_number=38
네일,39,핑거수트,[NEW] 핑거수트 컬렉션 57종,https://www.oliveyoung.co.kr/store/goods/getGoodsDetail.do?goodsNo=A000000197364&dispCatNo=90000010009&trackingCd=Best_Sellingbest&t_page=랭킹&t_click=판매랭킹_네일_상품상세&t_number=39
네일,40,팁토우,[NEW] 팁토우 모서리 크림 10g,https://www.oliveyoung.co.kr/store/goods/getGoodsDetail.do?goodsNo=A000000197040&dispCatNo=90000010009&trackingCd=Best_Sellingbest&t_page=랭킹&t_click=판매랭킹_네일_상품상세&t_number=40
네일,41,데싱디바,[Glitter/네일팁] 데싱디바 매직프레스 글리터 에디션,https://www.oliveyoung.co.kr/store/goods/getGoodsDetail.do?goodsNo=A000000196860&dispCatNo=90000010009&trackingCd=Best_Sellingbest&t_page=랭킹&t_click=판매랭킹_네일_상품상세&t_number=41
네일,42,핑거수트,[NEW] 핑거수트 프리미엄 디자인 멜팅 하트,https://www.oliveyoung.co.kr/store/goods/getGoodsDetail.do?goodsNo=A000000196779&dispCatNo=90000010009&trackingCd=Best_Sellingbest&t_page=랭킹&t_click=판매랭킹_네일_상품상세&t_number=42
네일,43,팁토우,[NEW] 팁토우 홀리데이 컬렉션 4종,https://www.oliveyoung.co.kr/store/goods/getGoodsDetail.do?goodsNo=A000000195779&dispCatNo=90000010009&trackingCd=Best_Sellingbest&t_page=랭킹&t_click=판매랭킹_네일_상품상세&t_number=43
네일,44,르멘트,[NEW] 르멘트 아이스 홀로 네일 14ml 2종,https://www.oliveyoung.co.kr/store/goods/getGoodsDetail.do?goodsNo=A000000193320&dispCatNo=90000010009&trackingCd=Best_Sellingbest&t_page=랭킹&t_click=판매랭킹_네일_상품상세&t_number=44
네일,45,르멘트,[NEW] 르멘트 컬러네일 14ml 19 블랙베리 시럽,https://www.oliveyoung.co.kr/store/goods/getGoodsDetail.do?goodsNo=A000000193131&dispCatNo=90000010009&trackingCd=Best_Sellingbest&t_page=랭킹&t_click=판매랭킹_네일_상품상세&t_number=45
네일,46,르멘트,[NEW] 르멘트 컬러네일 14ml 24 트리탑 그린,https://www.oliveyoung.co.kr/store/goods/getGoodsDetail.do?goodsNo=A000000193130&dispCatNo=90000010009&trackingCd=Best_Sellingbest&t_page=랭킹&t_click=판매랭킹_네일_상품상세&t_number=46
네일,47,르멘트,[NEW] 르멘트 컬러 네일 14ml 30 실버 샹들리에 글라스,https://www.oliveyoung.co.kr/store/goods/getGoodsDetail.do?goodsNo=A000000193129&dispCatNo=90000010009&trackingCd=Best_Sellingbest&t_page=랭킹&t_click=판매랭킹_네일_상품상세&t_number=47
네일,48,코스노리,[NEW] 코스노리 컬러테라피 비건 네일 세럼 3종,https://www.oliveyoung.co.kr/store/goods/getGoodsDetail.do?goodsNo=A000000192710&dispCatNo=90000010009&trackingCd=Best_Sellingbest&t_page=랭킹&t_click=판매랭킹_네일_상품상세&t_number=48
네일,49,팁토우,[NEW] 팁토우 젠틸레 네일 폴리쉬 10ml 001 베이스 트리트먼트,https://www.oliveyoung.co.kr/store/goods/getGoodsDetail.do?goodsNo=A000000192130&dispCatNo=90000010009&trackingCd=Best_Sellingbest&t_page=랭킹&t_click=판매랭킹_네일_상품상세&t_number=49
네일,50,팁토우,[NEW] 팁토우 미니네일 폴리쉬 603 미슬토,https://www.oliveyoung.co.kr/store/goods/getGoodsDetail.do?goodsNo=A000000191994&dispCatNo=90000010009&trackingCd=Best_Sellingbest&t_page=랭킹&t_click=판매랭킹_네일_상품상세&t_number=50
네일,51,핑거수트,핑거수트 프리미엄 디자인 로라,https://www.oliveyoung.co.kr/store/goods/getGoodsDetail.do?goodsNo=A000000190785&dispCatNo=90000010009&trackingCd=Best_Sellingbest&t_page=랭킹&t_click=판매랭킹_네일_상품상세&t_number=51
네일,52,핑거수트,핑거수트 디자인 베이비 부머,https://www.oliveyoung.co.kr/store/goods/getGoodsDetail.do?goodsNo=A000000190784&dispCatNo=90000010009&trackingCd=Best_Sellingbest&t_page=랭킹&t_click=판매랭킹_네일_상품상세&t_number=52
네일,53,반디,반디 핑크다이아&뿌리세럼 [핑크다이아 구매시 뿌리세럼펜 증정],https://www.oliveyoung.co.kr/store/goods/getGoodsDetail.do?goodsNo=A000000190716&dispCatNo=90000010009&trackingCd=Best_Sellingbest&t_page=랭킹&t_click=판매랭킹_네일_상품상세&t_number=53
네일,54,웨이크메이크,[시즌한정컬러] 웨이크메이크 네일건 홀리데이 시즌 네일 6 COLOR,https://www.oliveyoung.co.kr/store/goods/getGoodsDetail.do?goodsNo=A000000190509&dispCatNo=90000010009&trackingCd=Best_Sellingbest&t_page=랭킹&t_click=판매랭킹_네일_상품상세&t_number=54
네일,55,디어에이,[NEW] 디어에이 샤인 온 미 네일 컬러 SE22 문라이트 스파클스,https://www.oliveyoung.co.kr/store/goods/getGoodsDetail.do?goodsNo=A000000190071&dispCatNo=90000010009&trackingCd=Best_Sellingbest&t_page=랭킹&t_click=판매랭킹_네일_상품상세&t_number=55
네일,56,디어에이,[NEW] 디어에이 샤인 온 미 네일 컬러 SE24 아비뇽 샤또,https://www.oliveyoung.co.kr/store/goods/getGoodsDetail.do?goodsNo=A000000190070&dispCatNo=90000010009&trackingCd=Best_Sellingbest&t_page=랭킹&t_click=판매랭킹_네일_상품상세&t_number=56
네일,57,르멘트,[NEW] 르멘트 컬러 네일 14ml 26 샴페인 골드 글라스,https://www.oliveyoung.co.kr/store/goods/getGoodsDetail.do?goodsNo=A000000190068&dispCatNo=90000010009&trackingCd=Best_Sellingbest&t_page=랭킹&t_click=판매랭킹_네일_상품상세&t_number=57
네일,58,팁토우,[NEW] 팁토우 페인트 네일 폴리쉬 303 실버 쉐이커,https://www.oliveyoung.co.kr/store/goods/getGoodsDetail.do?goodsNo=A000000190067&dispCatNo=90000010009&trackingCd=Best_Sellingbest&t_page=랭킹&t_click=판매랭킹_네일_상품상세&t_number=58
네일,59,팁토우,[NEW/올영단독판매] 팁토우 시럽 글리터 네일 폴리쉬 508 라벤더 리본,https://www.oliveyoung.co.kr/store/goods/getGoodsDetail.do?goodsNo=A000000190066&dispCatNo=90000010009&trackingCd=Best_Sellingbest&t_page=랭킹&t_click=판매랭킹_네일_상품상세&t_number=59
네일,60,르멘트,[NEW] 르멘트 컬러 네일 14ml 21 딥 바이올렛,https://www.oliveyoung.co.kr/store/goods/getGoodsDetail.do?goodsNo=A000000190012&dispCatNo=90000010009&trackingCd=Best_Sellingbest&t_page=랭킹&t_click=판매랭킹_네일_상품상세&t_number=60
네일,61,르멘트,[NEW] 르멘트 컬러 네일 14ml 17 멜로우 크림 코랄,https://www.oliveyoung.co.kr/store/goods/getGoodsDetail.do?goodsNo=A000000190011&dispCatNo=90000010009&trackingCd=Best_Sellingbest&t_page=랭킹&t_click=판매랭킹_네일_상품상세&t_number=61
네일,62,롬앤,롬앤 핑크컬렉션 10종,https://www.oliveyoung.co.kr/store/goods/getGoodsDetail.do?goodsNo=A000000190008&dispCatNo=90000010009&trackingCd=Best_Sellingbest&t_page=랭킹&t_click=판매랭킹_네일_상품상세&t_number=62
네일,63,반디,[베스트] 반디 핑크다이아 뿌리세럼,https://www.oliveyoung.co.kr/store/goods/getGoodsDetail.do?goodsNo=A000000189870&dispCatNo=90000010009&trackingCd=Best_Sellingbest&t_page=랭킹&t_click=판매랭킹_네일_상품상세&t_number=63
네일,64,팁토우,[올리브영단독기획] 팁토우 네일 듀오 세트,https://www.oliveyoung.co.kr/store/goods/getGoodsDetail.do?goodsNo=A000000189855&dispCatNo=90000010009&trackingCd=Best_Sellingbest&t_page=랭킹&t_click=판매랭킹_네일_상품상세&t_number=64
네일,65,데싱디바,[네일팁] 데싱디바 매직프레스 프리미엄 클래식 트위드,https://www.oliveyoung.co.kr/store/goods/getGoodsDetail.do?goodsNo=A000000189483&dispCatNo=90000010009&trackingCd=Best_Sellingbest&t_page=랭킹&t_click=판매랭킹_네일_상품상세&t_number=65
네일,66,위드샨,위드샨 60초 매니큐어 40종,https://www.oliveyoung.co.kr/store/goods/getGoodsDetail.do?goodsNo=A000000189297&dispCatNo=90000010009&trackingCd=Best_Sellingbest&t_page=랭킹&t_click=판매랭킹_네일_상품상세&t_number=66
네일,67,위드샨,[램프O] 위드샨 위드젤 28종,https://www.oliveyoung.co.kr/store/goods/getGoodsDetail.do?goodsNo=A000000189208&dispCatNo=90000010009&trackingCd=Best_Sellingbest&t_page=랭킹&t_click=판매랭킹_네일_상품상세&t_number=67
네일,68,필리밀리,필리밀리 멀티듀얼큐티클푸셔,https://www.oliveyoung.co.kr/store/goods/getGoodsDetail.do?goodsNo=A000000187978&dispCatNo=90000010009&trackingCd=Best_Sellingbest&t_page=랭킹&t_click=판매랭킹_네일_상품상세&t_number=68
네일,69,핑거수트,[에스파닝닝 착용] 핑거수트 프리미엄 디자인 스웨이,https://www.oliveyoung.co.kr/store/goods/getGoodsDetail.do?goodsNo=A000000187759&dispCatNo=90000010009&trackingCd=Best_Sellingbest&t_page=랭킹&t_click=판매랭킹_네일_상품상세&t_number=69
네일,70,웨이크메이크,웨이크메이크 스트롱 그로쓰 2종 골라담기,https://www.oliveyoung.co.kr/store/goods/getGoodsDetail.do?goodsNo=A000000187489&dispCatNo=90000010009&trackingCd=Best_Sellingbest&t_page=랭킹&t_click=판매랭킹_네일_상품상세&t_number=70
네일,71,웨이크메이크,웨이크메이크 리치 그로쓰 네일 밤,https://www.oliveyoung.co.kr/store/goods/getGoodsDetail.do?goodsNo=A000000187485&dispCatNo=90000010009&trackingCd=Best_Sellingbest&t_page=랭킹&t_click=판매랭킹_네일_상품상세&t_number=71
네일,72,핑거수트,핑거수트 프리미엄 디자인 유포리아,https://www.oliveyoung.co.kr/store/goods/getGoodsDetail.do?goodsNo=A000000187455&dispCatNo=90000010009&trackingCd=Best_Sellingbest&t_page=랭킹&t_click=판매랭킹_네일_상품상세&t_number=72
네일,73,르멘트,[NEW] 르멘트 컬러 네일 14ml 01 포슬린 베이지,https://www.oliveyoung.co.kr/store/goods/getGoodsDetail.do?goodsNo=A000000187351&dispCatNo=90000010009&trackingCd=Best_Sellingbest&t_page=랭킹&t_click=판매랭킹_네일_상품상세&t_number=73
네일,74,웨이크메이크,웨이크메이크 네일건 핑크 큐티클 오일,https://www.oliveyoung.co.kr/store/goods/getGoodsDetail.do?goodsNo=A000000187202&dispCatNo=90000010009&trackingCd=Best_Sellingbest&t_page=랭킹&t_click=판매랭킹_네일_상품상세&t_number=74
네일,75,팁토우,[올리브영 단독/홀리데이 에디션] 팁토우 미니 네일 트리오 세트 4ml,https://www.oliveyoung.co.kr/store/goods/getGoodsDetail.do?goodsNo=A000000186502&dispCatNo=90000010009&trackingCd=Best_Sellingbest&t_page=랭킹&t_click=판매랭킹_네일_상품상세&t_number=75
네일,76,웨이크메이크,[램프O] 웨이크메이크 마치리얼 젤페디 [완벽밀착핏] 전체 골라담기,https://www.oliveyoung.co.kr/store/goods/getGoodsDetail.do?goodsNo=A000000186315&dispCatNo=90000010009&trackingCd=Best_Sellingbest&t_page=랭킹&t_click=판매랭킹_네일_상품상세&t_number=76
네일,77,웨이크메이크,[램프O] 웨이크메이크 마치리얼 젤네일 [완벽밀착핏] 전체 골라담기,https://www.oliveyoung.co.kr/store/goods/getGoodsDetail.do?goodsNo=A000000186314&dispCatNo=90000010009&trackingCd=Best_Sellingbest&t_page=랭킹&t_click=판매랭킹_네일_상품상세&t_number=77
네일,78,웨이크메이크,[램프X] 웨이크메이크 마치리얼 젤페디 [굽지않는 이지핏] 전체 골라담기,https://www.oliveyoung.co.kr/store/goods/getGoodsDetail.do?goodsNo=A000000186313&dispCatNo=90000010009&trackingCd=Best_Sellingbest&t_page=랭킹&t_click=판매랭킹_네일_상품상세&t_number=78
네일,79,웨이크메이크,[램프X] 웨이크메이크 마치리얼 젤네일 [굽지않는 이지핏] 전체 골라담기,https://www.oliveyoung.co.kr/store/goods/getGoodsDetail.do?goodsNo=A000000186312&dispCatNo=90000010009&trackingCd=Best_Sellingbest&t_page=랭킹&t_click=판매랭킹_네일_상품상세&t_number=79
네일,80,르멘트,[NEW] 르멘트 컬러 네일 14ml 14 카인다 로지,https://www.oliveyoung.co.kr/store/goods/getGoodsDetail.do?goodsNo=A000000186302&dispCatNo=90000010009&trackingCd=Best_Sellingbest&t_page=랭킹&t_click=판매랭킹_네일_상품상세&t_number=80
네일,81,르멘트,[NEW] 르멘트 컬러 네일 14ml 09 페일 푸시아,https://www.oliveyoung.co.kr/store/goods/getGoodsDetail.do?goodsNo=A000000186298&dispCatNo=90000010009&trackingCd=Best_Sellingbest&t_page=랭킹&t_click=판매랭킹_네일_상품상세&t_number=81
네일,82,디어에이,[NEW] 디어에이 샤인 온 미 네일 컬러 SE21 봉봉,https://www.oliveyoung.co.kr/store/goods/getGoodsDetail.do?goodsNo=A000000186287&dispCatNo=90000010009&trackingCd=Best_Sellingbest&t_page=랭킹&t_click=판매랭킹_네일_상품상세&t_number=82
네일,83,디어에이,[NEW] 디어에이 샤인 온 미 네일 컬러 SE20 피지 후르츠,https://www.oliveyoung.co.kr/store/goods/getGoodsDetail.do?goodsNo=A000000186286&dispCatNo=90000010009&trackingCd=Best_Sellingbest&t_page=랭킹&t_click=판매랭킹_네일_상품상세&t_number=83
네일,84,팁토우,팁토우 시럽 글리터 네일 폴리쉬 502 탱고 앤 왈츠,https://www.oliveyoung.co.kr/store/goods/getGoodsDetail.do?goodsNo=A000000186238&dispCatNo=90000010009&trackingCd=Best_Sellingbest&t_page=랭킹&t_click=판매랭킹_네일_상품상세&t_number=84
네일,85,팁토우,팁토우 시럽 글리터 네일 폴리쉬 501 사우어 푸딩,https://www.oliveyoung.co.kr/store/goods/getGoodsDetail.do?goodsNo=A000000186237&dispCatNo=90000010009&trackingCd=Best_Sellingbest&t_page=랭킹&t_click=판매랭킹_네일_상품상세&t_number=85
네일,86,팁토우,팁토우 시럽 네일 폴리쉬 206 블루노트,https://www.oliveyoung.co.kr/store/goods/getGoodsDetail.do?goodsNo=A000000186234&dispCatNo=90000010009&trackingCd=Best_Sellingbest&t_page=랭킹&t_click=판매랭킹_네일_상품상세&t_number=86
네일,87,핑거수트,[NEW] 핑거수트 엑스트라 프리미엄 파츠 3종,https://www.oliveyoung.co.kr/store/goods/getGoodsDetail.do?goodsNo=A000000186116&dispCatNo=90000010009&trackingCd=Best_Sellingbest&t_page=랭킹&t_click=판매랭킹_네일_상품상세&t_number=87
네일,88,핑거수트,"[에스파 윈터,레드벨벳 예리,오마이걸 유아 착용] 핑거수트 프리미엄 파츠 디자인 6종",https://www.oliveyoung.co.kr/store/goods/getGoodsDetail.do?goodsNo=A000000186114&dispCatNo=90000010009&trackingCd=Best_Sellingbest&t_page=랭킹&t_click=판매랭킹_네일_상품상세&t_number=88
네일,89,핑거수트,[오마이걸 유아 착용] 핑거수트 풀컬러 10종,https://www.oliveyoung.co.kr/store/goods/getGoodsDetail.do?goodsNo=A000000186111&dispCatNo=90000010009&trackingCd=Best_Sellingbest&t_page=랭킹&t_click=판매랭킹_네일_상품상세&t_number=89
네일,90,웨이크메이크,[램프O] 웨이크메이크 마치리얼 젤네일/페디 [완벽밀착핏] 30종 골라담기,https://www.oliveyoung.co.kr/store/goods/getGoodsDetail.do?goodsNo=A000000186045&dispCatNo=90000010009&trackingCd=Best_Sellingbest&t_page=랭킹&t_click=판매랭킹_네일_상품상세&t_number=90
네일,91,웨이크메이크,[램프X] 웨이크메이크 마치리얼 젤네일/페디 [굽지않는 이지핏] 40종 골라담기,https://www.oliveyoung.co.kr/store/goods/getGoodsDetail.do?goodsNo=A000000186044&dispCatNo=90000010009&trackingCd=Best_Sellingbest&t_page=랭킹&t_click=판매랭킹_네일_상품상세&t_number=91
네일,92,핑거수트,"[고민시,태연,엔믹스 설윤,규진 착용]핑거수트 디자인 9종",https://www.oliveyoung.co.kr/store/goods/getGoodsDetail.do?goodsNo=A000000185947&dispCatNo=90000010009&trackingCd=Best_Sellingbest&t_page=랭킹&t_click=판매랭킹_네일_상품상세&t_number=92
네일,93,데싱디바,[네일팁] 데싱디바 매직프레스 프리미엄 페디 시리즈 골라담기,https://www.oliveyoung.co.kr/store/goods/getGoodsDetail.do?goodsNo=A000000185924&dispCatNo=90000010009&trackingCd=Best_Sellingbest&t_page=랭킹&t_click=판매랭킹_네일_상품상세&t_number=93
네일,94,핑거수트,"[24년신상/에스파윈터,태연착용] 핑거수트 프리미엄 디자인 29종",https://www.oliveyoung.co.kr/store/goods/getGoodsDetail.do?goodsNo=A000000185853&dispCatNo=90000010009&trackingCd=Best_Sellingbest&t_page=랭킹&t_click=판매랭킹_네일_상품상세&t_number=94
네일,95,엣지유,[NEW/램프X] 엣지유 샵젤 네일 30종 골라담기,https://www.oliveyoung.co.kr/store/goods/getGoodsDetail.do?goodsNo=A000000185823&dispCatNo=90000010009&trackingCd=Best_Sellingbest&t_page=랭킹&t_click=판매랭킹_네일_상품상세&t_number=95
네일,96,르멘트,[NEW] 르멘트 탑&베이스 코트 2종 14ml,https://www.oliveyoung.co.kr/store/goods/getGoodsDetail.do?goodsNo=A000000184937&dispCatNo=90000010009&trackingCd=Best_Sellingbest&t_page=랭킹&t_click=판매랭킹_네일_상품상세&t_number=96
네일,97,반디,반디 더마페디 발톱 클리너&영양제,https://www.oliveyoung.co.kr/store/goods/getGoodsDetail.do?goodsNo=A000000184657&dispCatNo=90000010009&trackingCd=Best_Sellingbest&t_page=랭킹&t_click=판매랭킹_네일_상품상세&t_number=97
네일,98,반디,반디 더마페디 발톱&발바닥 스프레이,https://www.oliveyoung.co.kr/store/goods/getGoodsDetail.do?goodsNo=A000000184646&dispCatNo=90000010009&trackingCd=Best_Sellingbest&t_page=랭킹&t_click=판매랭킹_네일_상품상세&t_number=98
네일,99,팁토우,[NEW] 팁토우 쉬머 네일 폴리쉬 7종,https://www.oliveyoung.co.kr/store/goods/getGoodsDetail.do?goodsNo=A000000184645&dispCatNo=90000010009&trackingCd=Best_Sellingbest&t_page=랭킹&t_click=판매랭킹_네일_상품상세&t_number=99
네일,100,팁토우,[NEW] 팁토우 시어 탑코트 폴리쉬 4종,https://www.oliveyoung.co.kr/store/goods/getGoodsDetail.do?goodsNo=A000000184637&dispCatNo=90000010009&trackingCd=Best_Sellingbest&t_page=랭킹&t_click=판매랭킹_네일_상품상세&t_number=100
미용소품,1,스튜디오17,스튜디오17 브러쉬 & 퍼프 클렌저,https://www.oliveyoung.co.kr/store/goods/getGoodsDetail.do?goodsNo=A000000184796&dispCatNo=90000010009&trackingCd=Best_Sellingbest&t_page=랭킹&t_click=판매랭킹_미용소품_상품상세&t_number=1
미용소품,2,필리밀리,필리밀리 비건페이스타월,https://www.oliveyoung.co.kr/store/goods/getGoodsDetail.do?goodsNo=A000000184961&dispCatNo=90000010009&trackingCd=Best_Sellingbest&t_page=랭킹&t_click=판매랭킹_미용소품_상품상세&t_number=2
미용소품,3,일소,[로운PICK]일소 딥 클린 마스터(블랙헤드 제거기),https://www.oliveyoung.co.kr/store/goods/getGoodsDetail.do?goodsNo=A000000188929&dispCatNo=90000010009&trackingCd=Best_Sellingbest&t_page=랭킹&t_click=판매랭킹_미용소품_상품상세&t_number=3
미용소품,4,필리밀리,필리밀리 안전 눈썹 칼 2P,https://www.oliveyoung.co.kr/store/goods/getGoodsDetail.do?goodsNo=A000000149669&dispCatNo=90000010009&trackingCd=Best_Sellingbest&t_page=랭킹&t_click=판매랭킹_미용소품_상품상세&t_number=4
미용소품,5,필리밀리,[4월 올영픽]필리밀리 아이메이크업 브러시세트(5종)(단품/한정 죠르디에디션),https://www.oliveyoung.co.kr/store/goods/getGoodsDetail.do?goodsNo=A000000147928&dispCatNo=90000010009&trackingCd=Best_Sellingbest&t_page=랭킹&t_click=판매랭킹_미용소품_상품상세&t_number=5
미용소품,6,필리밀리,[4월 올영픽]필리밀리 1/2 화장솜 320P,https://www.oliveyoung.co.kr/store/goods/getGoodsDetail.do?goodsNo=A000000150072&dispCatNo=90000010009&trackingCd=Best_Sellingbest&t_page=랭킹&t_click=판매랭킹_미용소품_상품상세&t_number=6
미용소품,7,코링코,[한정기획]코링코 톡톡하라 필터 속눈썹 블랙 기획 120pcs (+글루 증정),https://www.oliveyoung.co.kr/store/goods/getGoodsDetail.do?goodsNo=A000000201769&dispCatNo=90000010009&trackingCd=Best_Sellingbest&t_page=랭킹&t_click=판매랭킹_미용소품_상품상세&t_number=7
미용소품,8,필리밀리,필리밀리 삼각블러쉬파우더퍼프(2P)(케이스 증정),https://www.oliveyoung.co.kr/store/goods/getGoodsDetail.do?goodsNo=A000000198933&dispCatNo=90000010009&trackingCd=Best_Sellingbest&t_page=랭킹&t_click=판매랭킹_미용소품_상품상세&t_number=8
미용소품,9,필리밀리,필리밀리 브러시 모음[9종 택1],https://www.oliveyoung.co.kr/store/goods/getGoodsDetail.do?goodsNo=A000000176552&dispCatNo=90000010009&trackingCd=Best_Sellingbest&t_page=랭킹&t_click=판매랭킹_미용소품_상품상세&t_number=9
미용소품,10,필리밀리,필리밀리 아이브러시 프로컬렉션(5종),https://www.oliveyoung.co.kr/store/goods/getGoodsDetail.do?goodsNo=A000000164840&dispCatNo=90000010009&trackingCd=Best_Sellingbest&t_page=랭킹&t_click=판매랭킹_미용소품_상품상세&t_number=10
미용소품,11,에스쁘아,에스쁘아 비글로우/비벨벳 쿠션 에어퍼프 5개입(2종),https://www.oliveyoung.co.kr/store/goods/getGoodsDetail.do?goodsNo=A000000178556&dispCatNo=90000010009&trackingCd=Best_Sellingbest&t_page=랭킹&t_click=판매랭킹_미용소품_상품상세&t_number=11
미용소품,12,필리밀리,[4월 올영픽]필리밀리 엠보싱화장솜 600P,https://www.oliveyoung.co.kr/store/goods/getGoodsDetail.do?goodsNo=A000000148200&dispCatNo=90000010009&trackingCd=Best_Sellingbest&t_page=랭킹&t_click=판매랭킹_미용소품_상품상세&t_number=12
미용소품,13,더툴랩,[강력 본드 밀착]더툴랩 내 피부에 착붙 초밀착 듀오(커버/촉촉/보송)(브러쉬 1개+퍼프1개+케이스 증정),https://www.oliveyoung.co.kr/store/goods/getGoodsDetail.do?goodsNo=A000000181059&dispCatNo=90000010009&trackingCd=Best_Sellingbest&t_page=랭킹&t_click=판매랭킹_미용소품_상품상세&t_number=13
미용소품,14,필리밀리,필리밀리 하이라이터팬브러시856,https://www.oliveyoung.co.kr/store/goods/getGoodsDetail.do?goodsNo=A000000182652&dispCatNo=90000010009&trackingCd=Best_Sellingbest&t_page=랭킹&t_click=판매랭킹_미용소품_상품상세&t_number=14
미용소품,15,필리밀리,[4월 올영픽][행운빔] 필리밀리X니니즈 죠르디 에디션 5종 택1,https://www.oliveyoung.co.kr/store/goods/getGoodsDetail.do?goodsNo=A000000202594&dispCatNo=90000010009&trackingCd=Best_Sellingbest&t_page=랭킹&t_click=판매랭킹_미용소품_상품상세&t_number=15
미용소품,16,필리밀리,[4월 올영픽]필리밀리 말랑한조각스펀지(80P),https://www.oliveyoung.co.kr/store/goods/getGoodsDetail.do?goodsNo=A000000184990&dispCatNo=90000010009&trackingCd=Best_Sellingbest&t_page=랭킹&t_click=판매랭킹_미용소품_상품상세&t_number=16
미용소품,17,필리밀리,필리밀리 양면 쌍꺼풀 테이프,https://www.oliveyoung.co.kr/store/goods/getGoodsDetail.do?goodsNo=A000000151960&dispCatNo=90000010009&trackingCd=Best_Sellingbest&t_page=랭킹&t_click=판매랭킹_미용소품_상품상세&t_number=17
미용소품,18,필리밀리,[4월 올영픽]필리밀리 쿠션 팡팡 퍼프 (5P) (단품/한정 죠르디에디션),https://www.oliveyoung.co.kr/store/goods/getGoodsDetail.do?goodsNo=A000000151957&dispCatNo=90000010009&trackingCd=Best_Sellingbest&t_page=랭킹&t_click=판매랭킹_미용소품_상품상세&t_number=18
미용소품,19,필리밀리,필리밀리 순면 화장솜 100P,https://www.oliveyoung.co.kr/store/goods/getGoodsDetail.do?goodsNo=A000000148217&dispCatNo=90000010009&trackingCd=Best_Sellingbest&t_page=랭킹&t_click=판매랭킹_미용소품_상품상세&t_number=19
미용소품,20,투쿨포스쿨,투쿨포스쿨 프로타주 펜슬 샤프너 12mm,https://www.oliveyoung.co.kr/store/goods/getGoodsDetail.do?goodsNo=A000000181077&dispCatNo=90000010009&trackingCd=Best_Sellingbest&t_page=랭킹&t_click=판매랭킹_미용소품_상품상세&t_number=20
미용소품,21,시세이도,시세이도 아이래쉬컬러 컬링 뷰러,https://www.oliveyoung.co.kr/store/goods/getGoodsDetail.do?goodsNo=A000000005500&dispCatNo=90000010009&trackingCd=Best_Sellingbest&t_page=랭킹&t_click=판매랭킹_미용소품_상품상세&t_number=21
미용소품,22,필리밀리,필리밀리 듀얼 메이크업 스파츌라,https://www.oliveyoung.co.kr/store/goods/getGoodsDetail.do?goodsNo=A000000171495&dispCatNo=90000010009&trackingCd=Best_Sellingbest&t_page=랭킹&t_click=판매랭킹_미용소품_상품상세&t_number=22
미용소품,23,정샘물,[4월 올영픽] 정샘물 쿠션 퍼프 (2개입/4개입) 택1,https://www.oliveyoung.co.kr/store/goods/getGoodsDetail.do?goodsNo=A000000197280&dispCatNo=90000010009&trackingCd=Best_Sellingbest&t_page=랭킹&t_click=판매랭킹_미용소품_상품상세&t_number=23
미용소품,24,스튜디오17,스튜디오17 실리콘 립 브러쉬,https://www.oliveyoung.co.kr/store/goods/getGoodsDetail.do?goodsNo=A000000200187&dispCatNo=90000010009&trackingCd=Best_Sellingbest&t_page=랭킹&t_click=판매랭킹_미용소품_상품상세&t_number=24
미용소품,25,스튜디오17,스튜디오17 팡팡 대왕 퍼프,https://www.oliveyoung.co.kr/store/goods/getGoodsDetail.do?goodsNo=A000000188653&dispCatNo=90000010009&trackingCd=Best_Sellingbest&t_page=랭킹&t_click=판매랭킹_미용소품_상품상세&t_number=25
미용소품,26,어바웃톤,어바웃톤 파우더 팩트 퍼프(블랙) 5p,https://www.oliveyoung.co.kr/store/goods/getGoodsDetail.do?goodsNo=A000000193302&dispCatNo=90000010009&trackingCd=Best_Sellingbest&t_page=랭킹&t_click=판매랭킹_미용소품_상품상세&t_number=26
미용소품,27,필리밀리,필리밀리 코렉터 브러시 811,https://www.oliveyoung.co.kr/store/goods/getGoodsDetail.do?goodsNo=A000000161268&dispCatNo=90000010009&trackingCd=Best_Sellingbest&t_page=랭킹&t_click=판매랭킹_미용소품_상품상세&t_number=27
미용소품,28,디어달리아,[단독기획] 함경식PICK 디어달리아 드림 래쉬 컬러 뷰러(파우치 증정),https://www.oliveyoung.co.kr/store/goods/getGoodsDetail.do?goodsNo=A000000159648&dispCatNo=90000010009&trackingCd=Best_Sellingbest&t_page=랭킹&t_click=판매랭킹_미용소품_상품상세&t_number=28
미용소품,29,필리밀리,[레오제이 공동개발]필리밀리 쉐딩브러시 3종(코/턱/헤어라인),https://www.oliveyoung.co.kr/store/goods/getGoodsDetail.do?goodsNo=A000000184431&dispCatNo=90000010009&trackingCd=Best_Sellingbest&t_page=랭킹&t_click=판매랭킹_미용소품_상품상세&t_number=29
미용소품,30,닥터지,닥터지 레드 블레미쉬 오일 컨트롤 페이퍼 더블 기획 (70매+70매),https://www.oliveyoung.co.kr/store/goods/getGoodsDetail.do?goodsNo=A000000140479&dispCatNo=90000010009&trackingCd=Best_Sellingbest&t_page=랭킹&t_click=판매랭킹_미용소품_상품상세&t_number=30
미용소품,31,피카소,피카소 꼴레지오니 브러쉬 클렌징 트레이,https://www.oliveyoung.co.kr/store/goods/getGoodsDetail.do?goodsNo=A000000186603&dispCatNo=90000010009&trackingCd=Best_Sellingbest&t_page=랭킹&t_click=판매랭킹_미용소품_상품상세&t_number=31
미용소품,32,피카소,피카소 캐리어 콤보 파우치,https://www.oliveyoung.co.kr/store/goods/getGoodsDetail.do?goodsNo=A000000162806&dispCatNo=90000010009&trackingCd=Best_Sellingbest&t_page=랭킹&t_click=판매랭킹_미용소품_상품상세&t_number=32
미용소품,33,필리밀리,필리밀리 단면 누드 쌍꺼풀테이프,https://www.oliveyoung.co.kr/store/goods/getGoodsDetail.do?goodsNo=A000000171043&dispCatNo=90000010009&trackingCd=Best_Sellingbest&t_page=랭킹&t_click=판매랭킹_미용소품_상품상세&t_number=33
미용소품,34,코링코,코링코 톡톡하라 커브드 트위저,https://www.oliveyoung.co.kr/store/goods/getGoodsDetail.do?goodsNo=A000000180970&dispCatNo=90000010009&trackingCd=Best_Sellingbest&t_page=랭킹&t_click=판매랭킹_미용소품_상품상세&t_number=34
미용소품,35,필리밀리,필리밀리 순한 비건 면봉 (600P),https://www.oliveyoung.co.kr/store/goods/getGoodsDetail.do?goodsNo=A000000165152&dispCatNo=90000010009&trackingCd=Best_Sellingbest&t_page=랭킹&t_click=판매랭킹_미용소품_상품상세&t_number=35
미용소품,36,필리밀리,[대용량]필리밀리 멀티 5겹 화장솜 200P,https://www.oliveyoung.co.kr/store/goods/getGoodsDetail.do?goodsNo=A000000155753&dispCatNo=90000010009&trackingCd=Best_Sellingbest&t_page=랭킹&t_click=판매랭킹_미용소품_상품상세&t_number=36
미용소품,37,필리밀리,필리밀리 슬림 헤드 눈썹칼 2P,https://www.oliveyoung.co.kr/store/goods/getGoodsDetail.do?goodsNo=A000000149828&dispCatNo=90000010009&trackingCd=Best_Sellingbest&t_page=랭킹&t_click=판매랭킹_미용소품_상품상세&t_number=37
미용소품,38,피카소,[이별미PICK] 피카소 FB11 스파츌라 브러쉬(단품/기획),https://www.oliveyoung.co.kr/store/goods/getGoodsDetail.do?goodsNo=A000000200241&dispCatNo=90000010009&trackingCd=Best_Sellingbest&t_page=랭킹&t_click=판매랭킹_미용소품_상품상세&t_number=38
미용소품,39,필리밀리,필리밀리 부드러운 샤워볼,https://www.oliveyoung.co.kr/store/goods/getGoodsDetail.do?goodsNo=A000000149052&dispCatNo=90000010009&trackingCd=Best_Sellingbest&t_page=랭킹&t_click=판매랭킹_미용소품_상품상세&t_number=39
미용소품,40,깜빡,깜빡 오리지널 속눈썹 20종 택1,https://www.oliveyoung.co.kr/store/goods/getGoodsDetail.do?goodsNo=A000000189991&dispCatNo=90000010009&trackingCd=Best_Sellingbest&t_page=랭킹&t_click=판매랭킹_미용소품_상품상세&t_number=40
미용소품,41,필리밀리,필리밀리 1/2 화장솜 100P,https://www.oliveyoung.co.kr/store/goods/getGoodsDetail.do?goodsNo=A000000147746&dispCatNo=90000010009&trackingCd=Best_Sellingbest&t_page=랭킹&t_click=판매랭킹_미용소품_상품상세&t_number=41
미용소품,42,필리밀리,필리밀리 듀얼 라운드 화장솜 60P,https://www.oliveyoung.co.kr/store/goods/getGoodsDetail.do?goodsNo=A000000150251&dispCatNo=90000010009&trackingCd=Best_Sellingbest&t_page=랭킹&t_click=판매랭킹_미용소품_상품상세&t_number=42
미용소품,43,피카소,[단독기획]피카소x함경식 메이크업 스파츌라 기획(+핑거스펀지 2P+마이크로퍼프 2P),https://www.oliveyoung.co.kr/store/goods/getGoodsDetail.do?goodsNo=A000000200242&dispCatNo=90000010009&trackingCd=Best_Sellingbest&t_page=랭킹&t_click=판매랭킹_미용소품_상품상세&t_number=43
미용소품,44,필리밀리,필리밀리 정교한 족집게,https://www.oliveyoung.co.kr/store/goods/getGoodsDetail.do?goodsNo=A000000178420&dispCatNo=90000010009&trackingCd=Best_Sellingbest&t_page=랭킹&t_click=판매랭킹_미용소품_상품상세&t_number=44
미용소품,45,시루콧토,시루콧토 우루우루 40매 4개입/ 7개입 기획 택 1,https://www.oliveyoung.co.kr/store/goods/getGoodsDetail.do?goodsNo=A000000152653&dispCatNo=90000010009&trackingCd=Best_Sellingbest&t_page=랭킹&t_click=판매랭킹_미용소품_상품상세&t_number=45
미용소품,46,코링코,[한정기획]코링코 톡톡하라 더블유 속눈썹 블랙 기획세트 64pcs (+글루 증정),https://www.oliveyoung.co.kr/store/goods/getGoodsDetail.do?goodsNo=A000000201768&dispCatNo=90000010009&trackingCd=Best_Sellingbest&t_page=랭킹&t_click=판매랭킹_미용소품_상품상세&t_number=46
미용소품,47,갸스비,갸스비 기름종이 필름 타입 70매+70매,https://www.oliveyoung.co.kr/store/goods/getGoodsDetail.do?goodsNo=A000000001425&dispCatNo=90000010009&trackingCd=Best_Sellingbest&t_page=랭킹&t_click=판매랭킹_미용소품_상품상세&t_number=47
미용소품,48,필리밀리,필리밀리 촉촉퍼프,https://www.oliveyoung.co.kr/store/goods/getGoodsDetail.do?goodsNo=A000000147931&dispCatNo=90000010009&trackingCd=Best_Sellingbest&t_page=랭킹&t_click=판매랭킹_미용소품_상품상세&t_number=48
미용소품,49,카이,KAI 미니눈썹칼 3입,https://www.oliveyoung.co.kr/store/goods/getGoodsDetail.do?goodsNo=A000000001455&dispCatNo=90000010009&trackingCd=Best_Sellingbest&t_page=랭킹&t_click=판매랭킹_미용소품_상품상세&t_number=49
미용소품,50,필리밀리,[4월 올영픽]필리밀리 행운가득 아이메이크업브러시세트(5종)_죠르디 에디션,https://www.oliveyoung.co.kr/store/goods/getGoodsDetail.do?goodsNo=A000000201788&dispCatNo=90000010009&trackingCd=Best_Sellingbest&t_page=랭킹&t_click=판매랭킹_미용소품_상품상세&t_number=50
미용소품,51,갸스비,갸스비 파우더 타입 기름종이 70매,https://www.oliveyoung.co.kr/store/goods/getGoodsDetail.do?goodsNo=A000000001422&dispCatNo=90000010009&trackingCd=Best_Sellingbest&t_page=랭킹&t_click=판매랭킹_미용소품_상품상세&t_number=51
미용소품,52,아헤브,아헤브 아이래쉬 컬링 스틱(속눈썹 컬링 디바이스),https://www.oliveyoung.co.kr/store/goods/getGoodsDetail.do?goodsNo=A000000184762&dispCatNo=90000010009&trackingCd=Best_Sellingbest&t_page=랭킹&t_click=판매랭킹_미용소품_상품상세&t_number=52
미용소품,53,클리오,클리오 하이드로 메이크업 스펀지 오리지널 엣지 4EA,https://www.oliveyoung.co.kr/store/goods/getGoodsDetail.do?goodsNo=A000000188692&dispCatNo=90000010009&trackingCd=Best_Sellingbest&t_page=랭킹&t_click=판매랭킹_미용소품_상품상세&t_number=53
미용소품,54,스튜디오17,스튜디오17 블러셔 브러쉬 833,https://www.oliveyoung.co.kr/store/goods/getGoodsDetail.do?goodsNo=A000000162332&dispCatNo=90000010009&trackingCd=Best_Sellingbest&t_page=랭킹&t_click=판매랭킹_미용소품_상품상세&t_number=54
미용소품,55,필리밀리,필리밀리 딥&소프트 클렌징 화장솜 (100P),https://www.oliveyoung.co.kr/store/goods/getGoodsDetail.do?goodsNo=A000000165341&dispCatNo=90000010009&trackingCd=Best_Sellingbest&t_page=랭킹&t_click=판매랭킹_미용소품_상품상세&t_number=55
미용소품,56,필리밀리,필리밀리 앞머리 헤어롤,https://www.oliveyoung.co.kr/store/goods/getGoodsDetail.do?goodsNo=A000000151156&dispCatNo=90000010009&trackingCd=Best_Sellingbest&t_page=랭킹&t_click=판매랭킹_미용소품_상품상세&t_number=56
미용소품,57,필리밀리,필리밀리 듀얼 면봉 200P,https://www.oliveyoung.co.kr/store/goods/getGoodsDetail.do?goodsNo=A000000147882&dispCatNo=90000010009&trackingCd=Best_Sellingbest&t_page=랭킹&t_click=판매랭킹_미용소품_상품상세&t_number=57
미용소품,58,시루콧토,시루콧토 후키토리 트리플 기획 (32매x3),https://www.oliveyoung.co.kr/store/goods/getGoodsDetail.do?goodsNo=A000000154338&dispCatNo=90000010009&trackingCd=Best_Sellingbest&t_page=랭킹&t_click=판매랭킹_미용소품_상품상세&t_number=58
미용소품,59,피카소,피카소 투웨이 메이크업 스파츌라,https://www.oliveyoung.co.kr/store/goods/getGoodsDetail.do?goodsNo=A000000179044&dispCatNo=90000010009&trackingCd=Best_Sellingbest&t_page=랭킹&t_click=판매랭킹_미용소품_상품상세&t_number=59
미용소품,60,필리밀리,필리밀리 꼬리빗 2P,https://www.oliveyoung.co.kr/store/goods/getGoodsDetail.do?goodsNo=A000000149668&dispCatNo=90000010009&trackingCd=Best_Sellingbest&t_page=랭킹&t_click=판매랭킹_미용소품_상품상세&t_number=60
미용소품,61,스튜디오17,스튜디오17 메이크업 브러쉬(19종 중 택1),https://www.oliveyoung.co.kr/store/goods/getGoodsDetail.do?goodsNo=A000000162817&dispCatNo=90000010009&trackingCd=Best_Sellingbest&t_page=랭킹&t_click=판매랭킹_미용소품_상품상세&t_number=61
미용소품,62,필리밀리,[4월 올영픽]필리밀리 듀얼 컨실러 브러시 810,https://www.oliveyoung.co.kr/store/goods/getGoodsDetail.do?goodsNo=A000000149041&dispCatNo=90000010009&trackingCd=Best_Sellingbest&t_page=랭킹&t_click=판매랭킹_미용소품_상품상세&t_number=62
미용소품,63,엘프,e.l.f. 엘프 블러셔  브러쉬,https://www.oliveyoung.co.kr/store/goods/getGoodsDetail.do?goodsNo=A000000104692&dispCatNo=90000010009&trackingCd=Best_Sellingbest&t_page=랭킹&t_click=판매랭킹_미용소품_상품상세&t_number=63
미용소품,64,필리밀리,필리밀리 젤리킹 스펀지 4P,https://www.oliveyoung.co.kr/store/goods/getGoodsDetail.do?goodsNo=A000000149062&dispCatNo=90000010009&trackingCd=Best_Sellingbest&t_page=랭킹&t_click=판매랭킹_미용소품_상품상세&t_number=64
미용소품,65,필리밀리,필리밀리 메이크업브러시클렌저,https://www.oliveyoung.co.kr/store/goods/getGoodsDetail.do?goodsNo=A000000184958&dispCatNo=90000010009&trackingCd=Best_Sellingbest&t_page=랭킹&t_click=판매랭킹_미용소품_상품상세&t_number=65
미용소품,66,필리밀리,필리밀리 압출 면봉 30P,https://www.oliveyoung.co.kr/store/goods/getGoodsDetail.do?goodsNo=A000000147898&dispCatNo=90000010009&trackingCd=Best_Sellingbest&t_page=랭킹&t_click=판매랭킹_미용소품_상품상세&t_number=66
미용소품,67,필리밀리,필리밀리 샴푸마사저,https://www.oliveyoung.co.kr/store/goods/getGoodsDetail.do?goodsNo=A000000171409&dispCatNo=90000010009&trackingCd=Best_Sellingbest&t_page=랭킹&t_click=판매랭킹_미용소품_상품상세&t_number=67
미용소품,68,크리스마,크리스마 1 페이스타올 80매,https://www.oliveyoung.co.kr/store/goods/getGoodsDetail.do?goodsNo=A000000174218&dispCatNo=90000010009&trackingCd=Best_Sellingbest&t_page=랭킹&t_click=판매랭킹_미용소품_상품상세&t_number=68
미용소품,69,시루콧토,시루콧토 우루우루 화장솜 40매입,https://www.oliveyoung.co.kr/store/goods/getGoodsDetail.do?goodsNo=A000000017129&dispCatNo=90000010009&trackingCd=Best_Sellingbest&t_page=랭킹&t_click=판매랭킹_미용소품_상품상세&t_number=69
미용소품,70,필리밀리,필리밀리 물결 하우스 스펀지 14p,https://www.oliveyoung.co.kr/store/goods/getGoodsDetail.do?goodsNo=A000000151167&dispCatNo=90000010009&trackingCd=Best_Sellingbest&t_page=랭킹&t_click=판매랭킹_미용소품_상품상세&t_number=70
미용소품,71,필리밀리,필리밀리 실키 화장솜 80P,https://www.oliveyoung.co.kr/store/goods/getGoodsDetail.do?goodsNo=A000000147743&dispCatNo=90000010009&trackingCd=Best_Sellingbest&t_page=랭킹&t_click=판매랭킹_미용소품_상품상세&t_number=71
미용소품,72,더툴랩,[쫀쫀밀착]더툴랩 롱래스팅 퍼프(촉촉/커버/보송),https://www.oliveyoung.co.kr/store/goods/getGoodsDetail.do?goodsNo=A000000180955&dispCatNo=90000010009&trackingCd=Best_Sellingbest&t_page=랭킹&t_click=판매랭킹_미용소품_상품상세&t_number=72
미용소품,73,웨이크메이크,웨이크메이크 스파츌라 와이드 파운데이션 브러시 (퍼프듀오기획/단품),https://www.oliveyoung.co.kr/store/goods/getGoodsDetail.do?goodsNo=A000000185739&dispCatNo=90000010009&trackingCd=Best_Sellingbest&t_page=랭킹&t_click=판매랭킹_미용소품_상품상세&t_number=73
미용소품,74,스튜디오17,스튜디오17 스몰 블러셔 브러쉬 463,https://www.oliveyoung.co.kr/store/goods/getGoodsDetail.do?goodsNo=A000000181359&dispCatNo=90000010009&trackingCd=Best_Sellingbest&t_page=랭킹&t_click=판매랭킹_미용소품_상품상세&t_number=74
미용소품,75,키스미,[NEW/가닥 속눈썹] 키스미 아이래시 콤 앤 트위저 키트,https://www.oliveyoung.co.kr/store/goods/getGoodsDetail.do?goodsNo=A000000189192&dispCatNo=90000010009&trackingCd=Best_Sellingbest&t_page=랭킹&t_click=판매랭킹_미용소품_상품상세&t_number=75
미용소품,76,쿠모,쿠모 핑거팁 브러쉬,https://www.oliveyoung.co.kr/store/goods/getGoodsDetail.do?goodsNo=A000000178240&dispCatNo=90000010009&trackingCd=Best_Sellingbest&t_page=랭킹&t_click=판매랭킹_미용소품_상품상세&t_number=76
미용소품,77,듀오,"듀오 퀵셋 속눈썹 접착제 14g ( 다크, 클리어 ) 튜브 타입 택 1",https://www.oliveyoung.co.kr/store/goods/getGoodsDetail.do?goodsNo=A000000144694&dispCatNo=90000010009&trackingCd=Best_Sellingbest&t_page=랭킹&t_click=판매랭킹_미용소품_상품상세&t_number=77
미용소품,78,필리밀리,필리밀리 미니 메이크업 브러시세트 (5종),https://www.oliveyoung.co.kr/store/goods/getGoodsDetail.do?goodsNo=A000000152939&dispCatNo=90000010009&trackingCd=Best_Sellingbest&t_page=랭킹&t_click=판매랭킹_미용소품_상품상세&t_number=78
미용소품,79,필리밀리,필리밀리 베이스 아이섀도우 브러시 550,https://www.oliveyoung.co.kr/store/goods/getGoodsDetail.do?goodsNo=A000000149043&dispCatNo=90000010009&trackingCd=Best_Sellingbest&t_page=랭킹&t_click=판매랭킹_미용소품_상품상세&t_number=79
미용소품,80,정샘물,정샘물 스키니-탭퍼프 (3개입),https://www.oliveyoung.co.kr/store/goods/getGoodsDetail.do?goodsNo=A000000153103&dispCatNo=90000010009&trackingCd=Best_Sellingbest&t_page=랭킹&t_click=판매랭킹_미용소품_상품상세&t_number=80
미용소품,81,필리밀리,필리밀리 접이식와이드눈썹칼(2P),https://www.oliveyoung.co.kr/store/goods/getGoodsDetail.do?goodsNo=A000000174466&dispCatNo=90000010009&trackingCd=Best_Sellingbest&t_page=랭킹&t_click=판매랭킹_미용소품_상품상세&t_number=81
미용소품,82,필리밀리,필리밀리 쌍꺼풀액 & 속눈썹 접착제 (투명),https://www.oliveyoung.co.kr/store/goods/getGoodsDetail.do?goodsNo=A000000155096&dispCatNo=90000010009&trackingCd=Best_Sellingbest&t_page=랭킹&t_click=판매랭킹_미용소품_상품상세&t_number=82
미용소품,83,필리밀리,필리밀리 세라믹바디괄사(파우치 포함),https://www.oliveyoung.co.kr/store/goods/getGoodsDetail.do?goodsNo=A000000175353&dispCatNo=90000010009&trackingCd=Best_Sellingbest&t_page=랭킹&t_click=판매랭킹_미용소품_상품상세&t_number=83
미용소품,84,카이,KAI 눈썹면도기3입_(눈썹칼),https://www.oliveyoung.co.kr/store/goods/getGoodsDetail.do?goodsNo=A000000001457&dispCatNo=90000010009&trackingCd=Best_Sellingbest&t_page=랭킹&t_click=판매랭킹_미용소품_상품상세&t_number=84
미용소품,85,필리밀리,필리밀리 사선 라이너 브러시 535,https://www.oliveyoung.co.kr/store/goods/getGoodsDetail.do?goodsNo=A000000186268&dispCatNo=90000010009&trackingCd=Best_Sellingbest&t_page=랭킹&t_click=판매랭킹_미용소품_상품상세&t_number=85
미용소품,86,피카소,피카소 꼴레지오니 플라즈마 34 아이섀도우 브러쉬,https://www.oliveyoung.co.kr/store/goods/getGoodsDetail.do?goodsNo=A000000162916&dispCatNo=90000010009&trackingCd=Best_Sellingbest&t_page=랭킹&t_click=판매랭킹_미용소품_상품상세&t_number=86
미용소품,87,스튜디오17,스튜디오17 포터블 메이크업 브러쉬 세트,https://www.oliveyoung.co.kr/store/goods/getGoodsDetail.do?goodsNo=A000000189385&dispCatNo=90000010009&trackingCd=Best_Sellingbest&t_page=랭킹&t_click=판매랭킹_미용소품_상품상세&t_number=87
미용소품,88,필리밀리,[4월 올영픽]필리밀리 행운당첨 쿠션팡팡퍼프(5P)_죠르디 에디션,https://www.oliveyoung.co.kr/store/goods/getGoodsDetail.do?goodsNo=A000000201787&dispCatNo=90000010009&trackingCd=Best_Sellingbest&t_page=랭킹&t_click=판매랭킹_미용소품_상품상세&t_number=88
미용소품,89,바닐라코,바닐라코 피니쉬 파우더 퍼프 5p,https://www.oliveyoung.co.kr/store/goods/getGoodsDetail.do?goodsNo=A000000173762&dispCatNo=90000010009&trackingCd=Best_Sellingbest&t_page=랭킹&t_click=판매랭킹_미용소품_상품상세&t_number=89
미용소품,90,클리오,클리오 킬커버쿠션퍼프 5EA,https://www.oliveyoung.co.kr/store/goods/getGoodsDetail.do?goodsNo=A000000180808&dispCatNo=90000010009&trackingCd=Best_Sellingbest&t_page=랭킹&t_click=판매랭킹_미용소품_상품상세&t_number=90
미용소품,91,필리밀리,필리밀리 거품 용기 150ml,https://www.oliveyoung.co.kr/store/goods/getGoodsDetail.do?goodsNo=A000000150246&dispCatNo=90000010009&trackingCd=Best_Sellingbest&t_page=랭킹&t_click=판매랭킹_미용소품_상품상세&t_number=91
미용소품,92,투쿨포스쿨,투쿨포스쿨 피니쉬 세팅 오일 페이퍼 (본품+리필),https://www.oliveyoung.co.kr/store/goods/getGoodsDetail.do?goodsNo=A000000143365&dispCatNo=90000010009&trackingCd=Best_Sellingbest&t_page=랭킹&t_click=판매랭킹_미용소품_상품상세&t_number=92
미용소품,93,에크멀,[라뮤끄] 에크멀 이지 브러시 에이에이 18종 택1,https://www.oliveyoung.co.kr/store/goods/getGoodsDetail.do?goodsNo=A000000174521&dispCatNo=90000010009&trackingCd=Best_Sellingbest&t_page=랭킹&t_click=판매랭킹_미용소품_상품상세&t_number=93
미용소품,94,바이오힐보,바이오힐보 프로바이오덤 리프팅 괄사 마사저,https://www.oliveyoung.co.kr/store/goods/getGoodsDetail.do?goodsNo=A000000161561&dispCatNo=90000010009&trackingCd=Best_Sellingbest&t_page=랭킹&t_click=판매랭킹_미용소품_상품상세&t_number=94
미용소품,95,필리밀리,필리밀리 브이 페이스 괄사,https://www.oliveyoung.co.kr/store/goods/getGoodsDetail.do?goodsNo=A000000163457&dispCatNo=90000010009&trackingCd=Best_Sellingbest&t_page=랭킹&t_click=판매랭킹_미용소품_상품상세&t_number=95
미용소품,96,더툴랩,[새것처럼 부드럽게/주1회]더툴랩 천연모 브러쉬 전용 클렌져 메이크업 브러쉬 세척 클리너 2종(50ml/320ml),https://www.oliveyoung.co.kr/store/goods/getGoodsDetail.do?goodsNo=A000000115158&dispCatNo=90000010009&trackingCd=Best_Sellingbest&t_page=랭킹&t_click=판매랭킹_미용소품_상품상세&t_number=96
미용소품,97,씨앤씨,[국민기름종이] 클린앤클리어 오일컨트롤필름 60매+60매,https://www.oliveyoung.co.kr/store/goods/getGoodsDetail.do?goodsNo=A000000173781&dispCatNo=90000010009&trackingCd=Best_Sellingbest&t_page=랭킹&t_click=판매랭킹_미용소품_상품상세&t_number=97
미용소품,98,피카소,피카소 꼴레지오니 아이섀도우 브러쉬 (10종 택1),https://www.oliveyoung.co.kr/store/goods/getGoodsDetail.do?goodsNo=A000000191921&dispCatNo=90000010009&trackingCd=Best_Sellingbest&t_page=랭킹&t_click=판매랭킹_미용소품_상품상세&t_number=98
미용소품,99,필리밀리,필리밀리 사각 텐션 스펀지 40P,https://www.oliveyoung.co.kr/store/goods/getGoodsDetail.do?goodsNo=A000000161140&dispCatNo=90000010009&trackingCd=Best_Sellingbest&t_page=랭킹&t_click=판매랭킹_미용소품_상품상세&t_number=99
미용소품,100,필리밀리,필리밀리 부드러운 바디브러시,https://www.oliveyoung.co.kr/store/goods/getGoodsDetail.do?goodsNo=A000000149806&dispCatNo=90000010009&trackingCd=Best_Sellingbest&t_page=랭킹&t_click=판매랭킹_미용소품_상품상세&t_number=100
더모 코스메틱,1,라로슈포제,라로슈포제 NEW 시카플라스트 밤B5+ 100ml 기획(+시카밤 3ml * 2 증정),https://www.oliveyoung.co.kr/store/goods/getGoodsDetail.do?goodsNo=A000000190425&dispCatNo=90000010009&trackingCd=Best_Sellingbest&t_page=랭킹&t_click=판매랭킹_더모 코스메틱_상품상세&t_number=1
더모 코스메틱,2,에스트라,[NEW] 에스트라 아토베리어365 크림 80ml 더블 기획,https://www.oliveyoung.co.kr/store/goods/getGoodsDetail.do?goodsNo=A000000199473&dispCatNo=90000010009&trackingCd=Best_Sellingbest&t_page=랭킹&t_click=판매랭킹_더모 코스메틱_상품상세&t_number=2
더모 코스메틱,3,라로슈포제,[NEW] 라로슈포제 에빠끌라 듀오+ M 에센스 40ml 기획,https://www.oliveyoung.co.kr/store/goods/getGoodsDetail.do?goodsNo=A000000202509&dispCatNo=90000010009&trackingCd=Best_Sellingbest&t_page=랭킹&t_click=판매랭킹_더모 코스메틱_상품상세&t_number=3
더모 코스메틱,4,에스트라,에스트라 에이시카365 흔적진정세럼 40ml 기획/단품,https://www.oliveyoung.co.kr/store/goods/getGoodsDetail.do?goodsNo=A000000186994&dispCatNo=90000010009&trackingCd=Best_Sellingbest&t_page=랭킹&t_click=판매랭킹_더모 코스메틱_상품상세&t_number=4
더모 코스메틱,5,라로슈포제,라로슈포제 에빠끌라 딥클렌징포밍크림 125ml 더블 기획(+에빠끌라 폼 15ml 증정),https://www.oliveyoung.co.kr/store/goods/getGoodsDetail.do?goodsNo=A000000202900&dispCatNo=90000010009&trackingCd=Best_Sellingbest&t_page=랭킹&t_click=판매랭킹_더모 코스메틱_상품상세&t_number=5
더모 코스메틱,6,바이오더마,[올리브영 단독/화장솜 20매 증정] 센시비오 H2O 850ml,https://www.oliveyoung.co.kr/store/goods/getGoodsDetail.do?goodsNo=A000000130319&dispCatNo=90000010009&trackingCd=Best_Sellingbest&t_page=랭킹&t_click=판매랭킹_더모 코스메틱_상품상세&t_number=6
더모 코스메틱,7,바이오더마,바이오더마 센시비오 H2O 500ml,https://www.oliveyoung.co.kr/store/goods/getGoodsDetail.do?goodsNo=A000000002654&dispCatNo=90000010009&trackingCd=Best_Sellingbest&t_page=랭킹&t_click=판매랭킹_더모 코스메틱_상품상세&t_number=7
더모 코스메틱,8,셀퓨전씨,[급속쿨링] 셀퓨전씨 포스트 알파 퍼스트 쿨링 마스크 1P,https://www.oliveyoung.co.kr/store/goods/getGoodsDetail.do?goodsNo=A000000114176&dispCatNo=90000010009&trackingCd=Best_Sellingbest&t_page=랭킹&t_click=판매랭킹_더모 코스메틱_상품상세&t_number=8
더모 코스메틱,9,라로슈포제,라로슈포제 시카플라스트 멀티 리페어 크림 100ml 기획 (+시카토너 50ml 증정),https://www.oliveyoung.co.kr/store/goods/getGoodsDetail.do?goodsNo=A000000190436&dispCatNo=90000010009&trackingCd=Best_Sellingbest&t_page=랭킹&t_click=판매랭킹_더모 코스메틱_상품상세&t_number=9
더모 코스메틱,10,유세린,[디렉터파이 PICK] 유세린 하이알루론 3X 나이트크림 50ML,https://www.oliveyoung.co.kr/store/goods/getGoodsDetail.do?goodsNo=A000000112172&dispCatNo=90000010009&trackingCd=Best_Sellingbest&t_page=랭킹&t_click=판매랭킹_더모 코스메틱_상품상세&t_number=10
더모 코스메틱,11,라로슈포제,라로슈포제 유비데아 안뗄리오스 톤업 선크림 30ml 기획 (클리어 / 로지 택1),https://www.oliveyoung.co.kr/store/goods/getGoodsDetail.do?goodsNo=A000000198379&dispCatNo=90000010009&trackingCd=Best_Sellingbest&t_page=랭킹&t_click=판매랭킹_더모 코스메틱_상품상세&t_number=11
더모 코스메틱,12,에스트라,[NEW] 에스트라 아토베리어365 로션 150ml+150ml 리필 기획,https://www.oliveyoung.co.kr/store/goods/getGoodsDetail.do?goodsNo=A000000199495&dispCatNo=90000010009&trackingCd=Best_Sellingbest&t_page=랭킹&t_click=판매랭킹_더모 코스메틱_상품상세&t_number=12
더모 코스메틱,13,피지오겔,[한정기획] 피지오겔 DMT 페이셜 로션 200ml+토너 50ml 증정 기획,https://www.oliveyoung.co.kr/store/goods/getGoodsDetail.do?goodsNo=A000000203070&dispCatNo=90000010009&trackingCd=Best_Sellingbest&t_page=랭킹&t_click=판매랭킹_더모 코스메틱_상품상세&t_number=13
더모 코스메틱,14,셀퓨전씨,[베스트/밀착톤업] 셀퓨전씨 토닝 썬스크린 35ml 1+1 기획세트,https://www.oliveyoung.co.kr/store/goods/getGoodsDetail.do?goodsNo=A000000121852&dispCatNo=90000010009&trackingCd=Best_Sellingbest&t_page=랭킹&t_click=판매랭킹_더모 코스메틱_상품상세&t_number=14
더모 코스메틱,15,유리아쥬,유리아쥬 스틱레브르 오리지널 보습 립밤 더블기획 (4g +4g),https://www.oliveyoung.co.kr/store/goods/getGoodsDetail.do?goodsNo=A000000130833&dispCatNo=90000010009&trackingCd=Best_Sellingbest&t_page=랭킹&t_click=판매랭킹_더모 코스메틱_상품상세&t_number=15
더모 코스메틱,16,바이오더마,[온라인 단독기획] 바이오더마 하이드라비오 에센스로션 더블기획(200ml+200ml),https://www.oliveyoung.co.kr/store/goods/getGoodsDetail.do?goodsNo=A000000142694&dispCatNo=90000010009&trackingCd=Best_Sellingbest&t_page=랭킹&t_click=판매랭킹_더모 코스메틱_상품상세&t_number=16
더모 코스메틱,17,에스트라,에스트라 아토베리어365 하이드로 수딩크림 60ml,https://www.oliveyoung.co.kr/store/goods/getGoodsDetail.do?goodsNo=A000000150890&dispCatNo=90000010009&trackingCd=Best_Sellingbest&t_page=랭킹&t_click=판매랭킹_더모 코스메틱_상품상세&t_number=17
더모 코스메틱,18,바이오더마,바이오더마 하이드라비오 토너 250ml,https://www.oliveyoung.co.kr/store/goods/getGoodsDetail.do?goodsNo=A000000004434&dispCatNo=90000010009&trackingCd=Best_Sellingbest&t_page=랭킹&t_click=판매랭킹_더모 코스메틱_상품상세&t_number=18
더모 코스메틱,19,피지오겔,[대용량 초특가] 피지오겔 DMT 페이셜 크림 200ml 대용량 한정기획,https://www.oliveyoung.co.kr/store/goods/getGoodsDetail.do?goodsNo=A000000200465&dispCatNo=90000010009&trackingCd=Best_Sellingbest&t_page=랭킹&t_click=판매랭킹_더모 코스메틱_상품상세&t_number=19
더모 코스메틱,20,피지오겔,[NEW] 피지오겔 디멜라나이저 토닝 미백 앰플 잡티 세럼 20ml+4ml 한정 기획,https://www.oliveyoung.co.kr/store/goods/getGoodsDetail.do?goodsNo=A000000200444&dispCatNo=90000010009&trackingCd=Best_Sellingbest&t_page=랭킹&t_click=판매랭킹_더모 코스메틱_상품상세&t_number=20
더모 코스메틱,21,바이오더마,[샘플 3종 증정/한정기획]바이오더마 하이드라비오 히알루+ 세럼 30ml 기획 (+4ml+울트라 크림 8ml),https://www.oliveyoung.co.kr/store/goods/getGoodsDetail.do?goodsNo=A000000199210&dispCatNo=90000010009&trackingCd=Best_Sellingbest&t_page=랭킹&t_click=판매랭킹_더모 코스메틱_상품상세&t_number=21
더모 코스메틱,22,셀퓨전씨,[빙하수쿨링] 셀퓨전씨 포스트 알파 쿨링 패드 70매,https://www.oliveyoung.co.kr/store/goods/getGoodsDetail.do?goodsNo=A000000167203&dispCatNo=90000010009&trackingCd=Best_Sellingbest&t_page=랭킹&t_click=판매랭킹_더모 코스메틱_상품상세&t_number=22
더모 코스메틱,23,아벤느,아벤느 클리낭스 클렌징 젤 400ml 더블 기획,https://www.oliveyoung.co.kr/store/goods/getGoodsDetail.do?goodsNo=A000000200713&dispCatNo=90000010009&trackingCd=Best_Sellingbest&t_page=랭킹&t_click=판매랭킹_더모 코스메틱_상품상세&t_number=23
더모 코스메틱,24,에스트라,에스트라 에이시카365 수분진정결토너 250ml 기획(+토너 50ml 증정),https://www.oliveyoung.co.kr/store/goods/getGoodsDetail.do?goodsNo=A000000178002&dispCatNo=90000010009&trackingCd=Best_Sellingbest&t_page=랭킹&t_click=판매랭킹_더모 코스메틱_상품상세&t_number=24
더모 코스메틱,25,리쥬란,[단독기획] 리쥬란 힐러 턴오버 앰플 듀얼 이펙트 30ml+7ml 증정 기획,https://www.oliveyoung.co.kr/store/goods/getGoodsDetail.do?goodsNo=A000000183707&dispCatNo=90000010009&trackingCd=Best_Sellingbest&t_page=랭킹&t_click=판매랭킹_더모 코스메틱_상품상세&t_number=25
더모 코스메틱,26,라로슈포제,라로슈포제 에빠끌라 울트라 컨센트레이티드 세럼 30ml 기획 (+에빠끌라 폼 15ml+에빠끌라 세럼 3ml 증정),https://www.oliveyoung.co.kr/store/goods/getGoodsDetail.do?goodsNo=A000000202898&dispCatNo=90000010009&trackingCd=Best_Sellingbest&t_page=랭킹&t_click=판매랭킹_더모 코스메틱_상품상세&t_number=26
더모 코스메틱,27,아벤느,아벤느 오 떼르말 300ml 2입 기획,https://www.oliveyoung.co.kr/store/goods/getGoodsDetail.do?goodsNo=A000000010498&dispCatNo=90000010009&trackingCd=Best_Sellingbest&t_page=랭킹&t_click=판매랭킹_더모 코스메틱_상품상세&t_number=27
더모 코스메틱,28,셀퓨전씨,[베스트/밀착수분] 셀퓨전씨 아쿠아티카 썬스크린 35ml 1+1 기획세트,https://www.oliveyoung.co.kr/store/goods/getGoodsDetail.do?goodsNo=A000000164410&dispCatNo=90000010009&trackingCd=Best_Sellingbest&t_page=랭킹&t_click=판매랭킹_더모 코스메틱_상품상세&t_number=28
더모 코스메틱,29,바이오더마,[온라인몰 단독기획]바이오더마 하이드라비오 세럼 더블기획(40ml+40ml),https://www.oliveyoung.co.kr/store/goods/getGoodsDetail.do?goodsNo=A000000156315&dispCatNo=90000010009&trackingCd=Best_Sellingbest&t_page=랭킹&t_click=판매랭킹_더모 코스메틱_상품상세&t_number=29
더모 코스메틱,30,센텔리안24,[인보라PICK] 센텔리안24 마데카 크림 타임 리버스 단독 기획(15ml*2개+마스크팩3매),https://www.oliveyoung.co.kr/store/goods/getGoodsDetail.do?goodsNo=A000000199664&dispCatNo=90000010009&trackingCd=Best_Sellingbest&t_page=랭킹&t_click=판매랭킹_더모 코스메틱_상품상세&t_number=30
더모 코스메틱,31,아벤느,아벤느 시칼파트 플러스 S.O.S 크림 100ml 기획 (+40ml),https://www.oliveyoung.co.kr/store/goods/getGoodsDetail.do?goodsNo=A000000200725&dispCatNo=90000010009&trackingCd=Best_Sellingbest&t_page=랭킹&t_click=판매랭킹_더모 코스메틱_상품상세&t_number=31
더모 코스메틱,32,바이오더마,바이오더마 하이드라비오 세럼 40ml,https://www.oliveyoung.co.kr/store/goods/getGoodsDetail.do?goodsNo=A000000005336&dispCatNo=90000010009&trackingCd=Best_Sellingbest&t_page=랭킹&t_click=판매랭킹_더모 코스메틱_상품상세&t_number=32
더모 코스메틱,33,라로슈포제,라로슈포제 히알루 B5 세럼 기획 (세럼 30ml+1.5ml+똘러리앙로션15ml),https://www.oliveyoung.co.kr/store/goods/getGoodsDetail.do?goodsNo=A000000160470&dispCatNo=90000010009&trackingCd=Best_Sellingbest&t_page=랭킹&t_click=판매랭킹_더모 코스메틱_상품상세&t_number=33
더모 코스메틱,34,에스트라,에스트라 에이시카365 수분 진정 크림 60ml,https://www.oliveyoung.co.kr/store/goods/getGoodsDetail.do?goodsNo=A000000162949&dispCatNo=90000010009&trackingCd=Best_Sellingbest&t_page=랭킹&t_click=판매랭킹_더모 코스메틱_상품상세&t_number=34
더모 코스메틱,35,셀퓨전씨,[All New/리뉴얼] 셀퓨전씨 레이저 UV 썬스크린 35ml 1+1 기획세트,https://www.oliveyoung.co.kr/store/goods/getGoodsDetail.do?goodsNo=A000000198739&dispCatNo=90000010009&trackingCd=Best_Sellingbest&t_page=랭킹&t_click=판매랭킹_더모 코스메틱_상품상세&t_number=35
더모 코스메틱,36,피지오겔,[한정기획] 피지오겔 데일리뮨 앰플 세럼 20ml+4ml+마스크팩1매 증정 기획,https://www.oliveyoung.co.kr/store/goods/getGoodsDetail.do?goodsNo=A000000198128&dispCatNo=90000010009&trackingCd=Best_Sellingbest&t_page=랭킹&t_click=판매랭킹_더모 코스메틱_상품상세&t_number=36
더모 코스메틱,37,후시다인,후시다인 더마 트러블 징크 카밍 선크림 50ml 1+1기획,https://www.oliveyoung.co.kr/store/goods/getGoodsDetail.do?goodsNo=A000000201387&dispCatNo=90000010009&trackingCd=Best_Sellingbest&t_page=랭킹&t_click=판매랭킹_더모 코스메틱_상품상세&t_number=37
더모 코스메틱,38,센텔리안24,[잡티앰플]센텔리안24 엑스퍼트 마데카 멜라 캡처 앰플 맥스 15ml 더블기획 (+1ml*3 증정),https://www.oliveyoung.co.kr/store/goods/getGoodsDetail.do?goodsNo=A000000191798&dispCatNo=90000010009&trackingCd=Best_Sellingbest&t_page=랭킹&t_click=판매랭킹_더모 코스메틱_상품상세&t_number=38
더모 코스메틱,39,이지듀,[한가인PICK] 이지듀 EGF 멜라토닝 기미잡티 앰플 12ml+1ml 기획,https://www.oliveyoung.co.kr/store/goods/getGoodsDetail.do?goodsNo=A000000188493&dispCatNo=90000010009&trackingCd=Best_Sellingbest&t_page=랭킹&t_click=판매랭킹_더모 코스메틱_상품상세&t_number=39
더모 코스메틱,40,라로슈포제,라로슈포제 똘러리앙 포밍클렌저 125ml 기획 (+시카밤 3ml 증정),https://www.oliveyoung.co.kr/store/goods/getGoodsDetail.do?goodsNo=A000000201403&dispCatNo=90000010009&trackingCd=Best_Sellingbest&t_page=랭킹&t_click=판매랭킹_더모 코스메틱_상품상세&t_number=40
더모 코스메틱,41,아벤느,아벤느 이드랑스 에센스 인 로션 200ml 더블기획,https://www.oliveyoung.co.kr/store/goods/getGoodsDetail.do?goodsNo=A000000187040&dispCatNo=90000010009&trackingCd=Best_Sellingbest&t_page=랭킹&t_click=판매랭킹_더모 코스메틱_상품상세&t_number=41
더모 코스메틱,42,리쥬란,[리쥬란 독자소재_저자극 안심성분] 리쥬란 더마 힐러 모이스처 트리트먼트 앰플 30ml 기획,https://www.oliveyoung.co.kr/store/goods/getGoodsDetail.do?goodsNo=A000000180409&dispCatNo=90000010009&trackingCd=Best_Sellingbest&t_page=랭킹&t_click=판매랭킹_더모 코스메틱_상품상세&t_number=42
더모 코스메틱,43,유세린,[1+1/아이크림1등] 유세린 하이알루론 3X 아이크림 더블기획 (15ml+15ml),https://www.oliveyoung.co.kr/store/goods/getGoodsDetail.do?goodsNo=A000000118803&dispCatNo=90000010009&trackingCd=Best_Sellingbest&t_page=랭킹&t_click=판매랭킹_더모 코스메틱_상품상세&t_number=43
더모 코스메틱,44,바이오더마,[재유PICK/토심이 스티커]바이오더마 아토덤 울트라 크림 500ml 기획(+200ml+핸드크림 50ml+스티커),https://www.oliveyoung.co.kr/store/goods/getGoodsDetail.do?goodsNo=A000000199468&dispCatNo=90000010009&trackingCd=Best_Sellingbest&t_page=랭킹&t_click=판매랭킹_더모 코스메틱_상품상세&t_number=44
더모 코스메틱,45,피지오겔,[NEW] 피지오겔 레드 수딩 AI 리페어 크림 100ml,https://www.oliveyoung.co.kr/store/goods/getGoodsDetail.do?goodsNo=A000000199737&dispCatNo=90000010009&trackingCd=Best_Sellingbest&t_page=랭킹&t_click=판매랭킹_더모 코스메틱_상품상세&t_number=45
더모 코스메틱,46,바이오더마,[샘플 2종 증정]바이오더마 아토덤 울트라 크림 200ml,https://www.oliveyoung.co.kr/store/goods/getGoodsDetail.do?goodsNo=A000000172171&dispCatNo=90000010009&trackingCd=Best_Sellingbest&t_page=랭킹&t_click=판매랭킹_더모 코스메틱_상품상세&t_number=46
더모 코스메틱,47,유리아쥬,[심톨PICK] 유리아쥬 진피 마일드 젤 200ml+50ml 증정 기획,https://www.oliveyoung.co.kr/store/goods/getGoodsDetail.do?goodsNo=A000000113494&dispCatNo=90000010009&trackingCd=Best_Sellingbest&t_page=랭킹&t_click=판매랭킹_더모 코스메틱_상품상세&t_number=47
더모 코스메틱,48,닥터디퍼런트,닥터디퍼런트 씨이큐 안티옥시던트 세럼 15ml 2개입,https://www.oliveyoung.co.kr/store/goods/getGoodsDetail.do?goodsNo=A000000159467&dispCatNo=90000010009&trackingCd=Best_Sellingbest&t_page=랭킹&t_click=판매랭킹_더모 코스메틱_상품상세&t_number=48
더모 코스메틱,49,유리아쥬,유리아쥬 진피 마일드 젤 500ml,https://www.oliveyoung.co.kr/store/goods/getGoodsDetail.do?goodsNo=A000000120689&dispCatNo=90000010009&trackingCd=Best_Sellingbest&t_page=랭킹&t_click=판매랭킹_더모 코스메틱_상품상세&t_number=49
더모 코스메틱,50,피지오겔,피지오겔 레드수딩 AI 진정보습 로션 200ml,https://www.oliveyoung.co.kr/store/goods/getGoodsDetail.do?goodsNo=A000000129771&dispCatNo=90000010009&trackingCd=Best_Sellingbest&t_page=랭킹&t_click=판매랭킹_더모 코스메틱_상품상세&t_number=50
더모 코스메틱,51,바이오더마,[1+1기획]바이오더마 아토덤 립스틱 1+1 기획,https://www.oliveyoung.co.kr/store/goods/getGoodsDetail.do?goodsNo=A000000171113&dispCatNo=90000010009&trackingCd=Best_Sellingbest&t_page=랭킹&t_click=판매랭킹_더모 코스메틱_상품상세&t_number=51
더모 코스메틱,52,에스트라,[NEW/리뉴얼] 에스트라 아토베리어365 로션 150ml,https://www.oliveyoung.co.kr/store/goods/getGoodsDetail.do?goodsNo=A000000198321&dispCatNo=90000010009&trackingCd=Best_Sellingbest&t_page=랭킹&t_click=판매랭킹_더모 코스메틱_상품상세&t_number=52
더모 코스메틱,53,바이오더마,바이오더마 세비엄 H2O 500ml,https://www.oliveyoung.co.kr/store/goods/getGoodsDetail.do?goodsNo=A000000002846&dispCatNo=90000010009&trackingCd=Best_Sellingbest&t_page=랭킹&t_click=판매랭킹_더모 코스메틱_상품상세&t_number=53
더모 코스메틱,54,에스트라,에스트라 아토베리어365 하이드로 에센스 200ml,https://www.oliveyoung.co.kr/store/goods/getGoodsDetail.do?goodsNo=A000000171710&dispCatNo=90000010009&trackingCd=Best_Sellingbest&t_page=랭킹&t_click=판매랭킹_더모 코스메틱_상품상세&t_number=54
더모 코스메틱,55,아벤느,아벤느 오 떼르말 300ml*2 + 50ml 기획,https://www.oliveyoung.co.kr/store/goods/getGoodsDetail.do?goodsNo=A000000166436&dispCatNo=90000010009&trackingCd=Best_Sellingbest&t_page=랭킹&t_click=판매랭킹_더모 코스메틱_상품상세&t_number=55
더모 코스메틱,56,더말로지카,[대용량] 더말로지카 데일리 마이크로폴리언트 74g,https://www.oliveyoung.co.kr/store/goods/getGoodsDetail.do?goodsNo=A000000155409&dispCatNo=90000010009&trackingCd=Best_Sellingbest&t_page=랭킹&t_click=판매랭킹_더모 코스메틱_상품상세&t_number=56
더모 코스메틱,57,닥터디퍼런트,[한정수량]닥터디퍼런트 비타리프트 에이 더블 기획,https://www.oliveyoung.co.kr/store/goods/getGoodsDetail.do?goodsNo=A000000183425&dispCatNo=90000010009&trackingCd=Best_Sellingbest&t_page=랭킹&t_click=판매랭킹_더모 코스메틱_상품상세&t_number=57
더모 코스메틱,58,유리아쥬,유리아쥬 스틱레브르 무향 더블기획 (4g+4g),https://www.oliveyoung.co.kr/store/goods/getGoodsDetail.do?goodsNo=A000000120127&dispCatNo=90000010009&trackingCd=Best_Sellingbest&t_page=랭킹&t_click=판매랭킹_더모 코스메틱_상품상세&t_number=58
더모 코스메틱,59,피지오겔,피지오겔 DMT 바디로션 400ml,https://www.oliveyoung.co.kr/store/goods/getGoodsDetail.do?goodsNo=A000000123568&dispCatNo=90000010009&trackingCd=Best_Sellingbest&t_page=랭킹&t_click=판매랭킹_더모 코스메틱_상품상세&t_number=59
더모 코스메틱,60,유리아쥬,유리아쥬 미셀라 클렌징 워터 센서티브 더블 기획 (500ml+500ml),https://www.oliveyoung.co.kr/store/goods/getGoodsDetail.do?goodsNo=A000000128988&dispCatNo=90000010009&trackingCd=Best_Sellingbest&t_page=랭킹&t_click=판매랭킹_더모 코스메틱_상품상세&t_number=60
더모 코스메틱,61,바이오더마,바이오더마 하이드라비오 토너 500ml,https://www.oliveyoung.co.kr/store/goods/getGoodsDetail.do?goodsNo=A000000174370&dispCatNo=90000010009&trackingCd=Best_Sellingbest&t_page=랭킹&t_click=판매랭킹_더모 코스메틱_상품상세&t_number=61
더모 코스메틱,62,바이오더마,바이오더마 센시비오 H2O eye 125ml (립앤아이리무버),https://www.oliveyoung.co.kr/store/goods/getGoodsDetail.do?goodsNo=A000000166033&dispCatNo=90000010009&trackingCd=Best_Sellingbest&t_page=랭킹&t_click=판매랭킹_더모 코스메틱_상품상세&t_number=62
더모 코스메틱,63,이지듀,이지듀 아크네 클리어 여드름 기능성 클렌저 100ml,https://www.oliveyoung.co.kr/store/goods/getGoodsDetail.do?goodsNo=A000000191769&dispCatNo=90000010009&trackingCd=Best_Sellingbest&t_page=랭킹&t_click=판매랭킹_더모 코스메틱_상품상세&t_number=63
더모 코스메틱,64,피지오겔,피지오겔 레드수딩 시카밸런스 토너 200ml,https://www.oliveyoung.co.kr/store/goods/getGoodsDetail.do?goodsNo=A000000164211&dispCatNo=90000010009&trackingCd=Best_Sellingbest&t_page=랭킹&t_click=판매랭킹_더모 코스메틱_상품상세&t_number=64
더모 코스메틱,65,셀퓨전씨,[단독기획] 셀퓨전씨 더마 릴리프 썬스크린 더블 기획 (35ml + 35ml),https://www.oliveyoung.co.kr/store/goods/getGoodsDetail.do?goodsNo=A000000136546&dispCatNo=90000010009&trackingCd=Best_Sellingbest&t_page=랭킹&t_click=판매랭킹_더모 코스메틱_상품상세&t_number=65
더모 코스메틱,66,닥터디퍼런트,닥터디퍼런트 카밍 앤 모이스처 마스크 5매,https://www.oliveyoung.co.kr/store/goods/getGoodsDetail.do?goodsNo=A000000145283&dispCatNo=90000010009&trackingCd=Best_Sellingbest&t_page=랭킹&t_click=판매랭킹_더모 코스메틱_상품상세&t_number=66
더모 코스메틱,67,유세린,유세린 하이알루론 3X 아이 크림 15ml,https://www.oliveyoung.co.kr/store/goods/getGoodsDetail.do?goodsNo=A000000112173&dispCatNo=90000010009&trackingCd=Best_Sellingbest&t_page=랭킹&t_click=판매랭킹_더모 코스메틱_상품상세&t_number=67
더모 코스메틱,68,눅스,[소의튜브PICK/한정기획] 눅스 윌 프로디쥬스 멀티 드라이 오일 100ml 기획 (+프리미엄 우드 괄사),https://www.oliveyoung.co.kr/store/goods/getGoodsDetail.do?goodsNo=A000000197820&dispCatNo=90000010009&trackingCd=Best_Sellingbest&t_page=랭킹&t_click=판매랭킹_더모 코스메틱_상품상세&t_number=68
더모 코스메틱,69,바이오더마,[온라인몰 한정기획]바이오더마 하이드라비오 젤크림 40ml + 40ml 듀오기획,https://www.oliveyoung.co.kr/store/goods/getGoodsDetail.do?goodsNo=A000000182739&dispCatNo=90000010009&trackingCd=Best_Sellingbest&t_page=랭킹&t_click=판매랭킹_더모 코스메틱_상품상세&t_number=69
더모 코스메틱,70,에스테덤,[수분멜팅 크림]에스테덤 셀룰러 워터 크림 50ml (주름개선기능성),https://www.oliveyoung.co.kr/store/goods/getGoodsDetail.do?goodsNo=A000000149882&dispCatNo=90000010009&trackingCd=Best_Sellingbest&t_page=랭킹&t_click=판매랭킹_더모 코스메틱_상품상세&t_number=70
더모 코스메틱,71,라로슈포제,라로슈포제 퓨어비타민C10 세럼,https://www.oliveyoung.co.kr/store/goods/getGoodsDetail.do?goodsNo=A000000131745&dispCatNo=90000010009&trackingCd=Best_Sellingbest&t_page=랭킹&t_click=판매랭킹_더모 코스메틱_상품상세&t_number=71
더모 코스메틱,72,바이오더마,[디렉터파이 PICK/한정기획]바이오더마 센시비오 미셀라 클렌징 오일 150ml 더블기획,https://www.oliveyoung.co.kr/store/goods/getGoodsDetail.do?goodsNo=A000000191659&dispCatNo=90000010009&trackingCd=Best_Sellingbest&t_page=랭킹&t_click=판매랭킹_더모 코스메틱_상품상세&t_number=72
더모 코스메틱,73,에스트라,에스트라 아토베리어365 크림미스트 120ml,https://www.oliveyoung.co.kr/store/goods/getGoodsDetail.do?goodsNo=A000000130138&dispCatNo=90000010009&trackingCd=Best_Sellingbest&t_page=랭킹&t_click=판매랭킹_더모 코스메틱_상품상세&t_number=73
더모 코스메틱,74,아벤느,아벤느 오떼르말 50ml 더블 기획,https://www.oliveyoung.co.kr/store/goods/getGoodsDetail.do?goodsNo=A000000200724&dispCatNo=90000010009&trackingCd=Best_Sellingbest&t_page=랭킹&t_click=판매랭킹_더모 코스메틱_상품상세&t_number=74
더모 코스메틱,75,셀퓨전씨,셀퓨전씨 레이저 리쥬버네이션 크림 (본품 50ml+20ml 추가 증정),https://www.oliveyoung.co.kr/store/goods/getGoodsDetail.do?goodsNo=A000000131012&dispCatNo=90000010009&trackingCd=Best_Sellingbest&t_page=랭킹&t_click=판매랭킹_더모 코스메틱_상품상세&t_number=75
더모 코스메틱,76,유세린,유세린 볼륨 리프팅 아이크림 15ml,https://www.oliveyoung.co.kr/store/goods/getGoodsDetail.do?goodsNo=A000000116135&dispCatNo=90000010009&trackingCd=Best_Sellingbest&t_page=랭킹&t_click=판매랭킹_더모 코스메틱_상품상세&t_number=76
더모 코스메틱,77,라로슈포제,라로슈포제 똘러리앙 울트라 로션 400ML,https://www.oliveyoung.co.kr/store/goods/getGoodsDetail.do?goodsNo=A000000139348&dispCatNo=90000010009&trackingCd=Best_Sellingbest&t_page=랭킹&t_click=판매랭킹_더모 코스메틱_상품상세&t_number=77
더모 코스메틱,78,아벤느,아벤느 시칼파트 플러스 S.O.S 크림 100ml+100ml 더블 기획,https://www.oliveyoung.co.kr/store/goods/getGoodsDetail.do?goodsNo=A000000184198&dispCatNo=90000010009&trackingCd=Best_Sellingbest&t_page=랭킹&t_click=판매랭킹_더모 코스메틱_상품상세&t_number=78
더모 코스메틱,79,셀퓨전씨,셀퓨전씨 포스트알파 카밍 다운 크림 50ml,https://www.oliveyoung.co.kr/store/goods/getGoodsDetail.do?goodsNo=A000000115417&dispCatNo=90000010009&trackingCd=Best_Sellingbest&t_page=랭킹&t_click=판매랭킹_더모 코스메틱_상품상세&t_number=79
더모 코스메틱,80,바이오더마,[샘플 3종 증정]바이오더마 센시비오 디펜시브 세럼 30ml,https://www.oliveyoung.co.kr/store/goods/getGoodsDetail.do?goodsNo=A000000182480&dispCatNo=90000010009&trackingCd=Best_Sellingbest&t_page=랭킹&t_click=판매랭킹_더모 코스메틱_상품상세&t_number=80
더모 코스메틱,81,바이오더마,바이오더마 하이드라비오 에센스로션 200ml 기획 (+미니시트팩 20매),https://www.oliveyoung.co.kr/store/goods/getGoodsDetail.do?goodsNo=A000000199485&dispCatNo=90000010009&trackingCd=Best_Sellingbest&t_page=랭킹&t_click=판매랭킹_더모 코스메틱_상품상세&t_number=81
더모 코스메틱,82,아벤느,아벤느 이드랑스 부스트 세럼 30ml 한정기획 (+이드랑스 에센스인로션 100ml) (와다다곰 콜라보),https://www.oliveyoung.co.kr/store/goods/getGoodsDetail.do?goodsNo=A000000198439&dispCatNo=90000010009&trackingCd=Best_Sellingbest&t_page=랭킹&t_click=판매랭킹_더모 코스메틱_상품상세&t_number=82
더모 코스메틱,83,아벤느,아벤느 이드랑스 에센스인로션 200ml 한정기획 (+젠틀토닝로션 200ml),https://www.oliveyoung.co.kr/store/goods/getGoodsDetail.do?goodsNo=A000000198420&dispCatNo=90000010009&trackingCd=Best_Sellingbest&t_page=랭킹&t_click=판매랭킹_더모 코스메틱_상품상세&t_number=83
더모 코스메틱,84,에스트라,[NEW]에스트라 아토베리어365 크림 80ml,https://www.oliveyoung.co.kr/store/goods/getGoodsDetail.do?goodsNo=A000000198320&dispCatNo=90000010009&trackingCd=Best_Sellingbest&t_page=랭킹&t_click=판매랭킹_더모 코스메틱_상품상세&t_number=84
더모 코스메틱,85,리쥬란,리쥬란 힐러 턴오버 액티브 크림 50ml 기획(+턴오버 앰플 3ml 증정),https://www.oliveyoung.co.kr/store/goods/getGoodsDetail.do?goodsNo=A000000188548&dispCatNo=90000010009&trackingCd=Best_Sellingbest&t_page=랭킹&t_click=판매랭킹_더모 코스메틱_상품상세&t_number=85
더모 코스메틱,86,리쥬란,[리쥬란 독자성분 PDRx]리쥬란 더마 힐러 모이스처 크림 60g,https://www.oliveyoung.co.kr/store/goods/getGoodsDetail.do?goodsNo=A000000175203&dispCatNo=90000010009&trackingCd=Best_Sellingbest&t_page=랭킹&t_click=판매랭킹_더모 코스메틱_상품상세&t_number=86
더모 코스메틱,87,이지듀,이지듀 베리어 리페어 보습케어 크림 105ml,https://www.oliveyoung.co.kr/store/goods/getGoodsDetail.do?goodsNo=A000000188495&dispCatNo=90000010009&trackingCd=Best_Sellingbest&t_page=랭킹&t_click=판매랭킹_더모 코스메틱_상품상세&t_number=87
더모 코스메틱,88,아벤느,아벤느 이드랑스 아쿠아 크림-인-젤 EX 50ml 한정기획 (+이드랑스 에센스인로션 100ml),https://www.oliveyoung.co.kr/store/goods/getGoodsDetail.do?goodsNo=A000000198421&dispCatNo=90000010009&trackingCd=Best_Sellingbest&t_page=랭킹&t_click=판매랭킹_더모 코스메틱_상품상세&t_number=88
더모 코스메틱,89,테라로직,테라로직 마데셀 더마 리페어 B5 크림 80ml,https://www.oliveyoung.co.kr/store/goods/getGoodsDetail.do?goodsNo=A000000198833&dispCatNo=90000010009&trackingCd=Best_Sellingbest&t_page=랭킹&t_click=판매랭킹_더모 코스메틱_상품상세&t_number=89
더모 코스메틱,90,이지듀,이지듀 EGF 멜라토닝 기미잡티 케어 크림 105ml,https://www.oliveyoung.co.kr/store/goods/getGoodsDetail.do?goodsNo=A000000191762&dispCatNo=90000010009&trackingCd=Best_Sellingbest&t_page=랭킹&t_click=판매랭킹_더모 코스메틱_상품상세&t_number=90
더모 코스메틱,91,유리아쥬,유리아쥬 제모스 토너 500ml,https://www.oliveyoung.co.kr/store/goods/getGoodsDetail.do?goodsNo=A000000116659&dispCatNo=90000010009&trackingCd=Best_Sellingbest&t_page=랭킹&t_click=판매랭킹_더모 코스메틱_상품상세&t_number=91
더모 코스메틱,92,피지오겔,피지오겔 DMT 인텐시브크림 100ml,https://www.oliveyoung.co.kr/store/goods/getGoodsDetail.do?goodsNo=A000000012755&dispCatNo=90000010009&trackingCd=Best_Sellingbest&t_page=랭킹&t_click=판매랭킹_더모 코스메틱_상품상세&t_number=92
더모 코스메틱,93,유리아쥬,유리아쥬 스틱레브르 오리지널 4g,https://www.oliveyoung.co.kr/store/goods/getGoodsDetail.do?goodsNo=A000000002345&dispCatNo=90000010009&trackingCd=Best_Sellingbest&t_page=랭킹&t_click=판매랭킹_더모 코스메틱_상품상세&t_number=93
더모 코스메틱,94,에스트라,에스트라 아토베리어365 하이드로에센스 200ml 기획 (+크림 30ml+무기자차선크림3ml 증정),https://www.oliveyoung.co.kr/store/goods/getGoodsDetail.do?goodsNo=A000000184191&dispCatNo=90000010009&trackingCd=Best_Sellingbest&t_page=랭킹&t_click=판매랭킹_더모 코스메틱_상품상세&t_number=94
더모 코스메틱,95,피지오겔,피지오겔 레드수딩 AI 진정보습 크림 100ml,https://www.oliveyoung.co.kr/store/goods/getGoodsDetail.do?goodsNo=A000000129774&dispCatNo=90000010009&trackingCd=Best_Sellingbest&t_page=랭킹&t_click=판매랭킹_더모 코스메틱_상품상세&t_number=95
더모 코스메틱,96,유세린,[1+1/모공케어] 유세린 더머토클린 클래리파잉 토너 더블기획 (200ml+200ml),https://www.oliveyoung.co.kr/store/goods/getGoodsDetail.do?goodsNo=A000000141900&dispCatNo=90000010009&trackingCd=Best_Sellingbest&t_page=랭킹&t_click=판매랭킹_더모 코스메틱_상품상세&t_number=96
더모 코스메틱,97,에스트라,에스트라 아토베리어365 바디로션 400ml,https://www.oliveyoung.co.kr/store/goods/getGoodsDetail.do?goodsNo=A000000161165&dispCatNo=90000010009&trackingCd=Best_Sellingbest&t_page=랭킹&t_click=판매랭킹_더모 코스메틱_상품상세&t_number=97
더모 코스메틱,98,피지오겔,피지오겔 DMT UV 썬로션 100ml,https://www.oliveyoung.co.kr/store/goods/getGoodsDetail.do?goodsNo=A000000164409&dispCatNo=90000010009&trackingCd=Best_Sellingbest&t_page=랭킹&t_click=판매랭킹_더모 코스메틱_상품상세&t_number=98
더모 코스메틱,99,에스트라,에스트라 테라크네365 수딩 액티브 모이스처라이저 60ml,https://www.oliveyoung.co.kr/store/goods/getGoodsDetail.do?goodsNo=A000000182685&dispCatNo=90000010009&trackingCd=Best_Sellingbest&t_page=랭킹&t_click=판매랭킹_더모 코스메틱_상품상세&t_number=99
더모 코스메틱,100,셀퓨전씨,[3일잡티개선] 셀퓨전씨 토닝 C 잡티세럼 30ml+20ml 기획,https://www.oliveyoung.co.kr/store/goods/getGoodsDetail.do?goodsNo=A000000188002&dispCatNo=90000010009&trackingCd=Best_Sellingbest&t_page=랭킹&t_click=판매랭킹_더모 코스메틱_상품상세&t_number=100
맨즈케어,1,포맨트,포맨트 시그니처 퍼퓸 코튼허그 50ml 기획(+핸드크림 30ml 증정),https://www.oliveyoung.co.kr/store/goods/getGoodsDetail.do?goodsNo=A000000179263&dispCatNo=90000010009&trackingCd=Best_Sellingbest&t_page=랭킹&t_click=판매랭킹_맨즈케어_상품상세&t_number=1
맨즈케어,2,아이디얼포맨,[5년연속1위]아이디얼 포 맨 퍼펙트 올인원 어워즈 한정 기획,https://www.oliveyoung.co.kr/store/goods/getGoodsDetail.do?goodsNo=A000000192486&dispCatNo=90000010009&trackingCd=Best_Sellingbest&t_page=랭킹&t_click=판매랭킹_맨즈케어_상품상세&t_number=2
맨즈케어,3,오브제,[덱스 PICK] 오브제 내추럴 커버 파운데이션 기획세트(+클렌징폼 50ml),https://www.oliveyoung.co.kr/store/goods/getGoodsDetail.do?goodsNo=A000000198001&dispCatNo=90000010009&trackingCd=Best_Sellingbest&t_page=랭킹&t_click=판매랭킹_맨즈케어_상품상세&t_number=3
맨즈케어,4,포맨트,포맨트 올인원 퍼퓸샤워 500ml (3종 택1),https://www.oliveyoung.co.kr/store/goods/getGoodsDetail.do?goodsNo=A000000167168&dispCatNo=90000010009&trackingCd=Best_Sellingbest&t_page=랭킹&t_click=판매랭킹_맨즈케어_상품상세&t_number=4
맨즈케어,5,라운드랩,라운드랩 포 맨 자작나무 토너/로션 200ml 2종세트 (쉐이빙폼 40ml증정),https://www.oliveyoung.co.kr/store/goods/getGoodsDetail.do?goodsNo=A000000187675&dispCatNo=90000010009&trackingCd=Best_Sellingbest&t_page=랭킹&t_click=판매랭킹_맨즈케어_상품상세&t_number=5
맨즈케어,6,우르오스,우르오스 스킨워시 500ml,https://www.oliveyoung.co.kr/store/goods/getGoodsDetail.do?goodsNo=A000000006563&dispCatNo=90000010009&trackingCd=Best_Sellingbest&t_page=랭킹&t_click=판매랭킹_맨즈케어_상품상세&t_number=6
맨즈케어,7,피지오겔,[한정기획] 피지오겔 DMT포맨 증정 기획세트 2종 (플루이드 or 크림),https://www.oliveyoung.co.kr/store/goods/getGoodsDetail.do?goodsNo=A000000179227&dispCatNo=90000010009&trackingCd=Best_Sellingbest&t_page=랭킹&t_click=판매랭킹_맨즈케어_상품상세&t_number=7
맨즈케어,8,아이디얼포맨,[주우재PICK]아이디얼포맨 퍼펙트 올인원 HDEX콜라보 더블기획,https://www.oliveyoung.co.kr/store/goods/getGoodsDetail.do?goodsNo=A000000198890&dispCatNo=90000010009&trackingCd=Best_Sellingbest&t_page=랭킹&t_click=판매랭킹_맨즈케어_상품상세&t_number=8
맨즈케어,9,질레트,질레트 대용량 면도날 16개입 (옐로우/칠/스킨텍),https://www.oliveyoung.co.kr/store/goods/getGoodsDetail.do?goodsNo=A000000174119&dispCatNo=90000010009&trackingCd=Best_Sellingbest&t_page=랭킹&t_click=판매랭킹_맨즈케어_상품상세&t_number=9
맨즈케어,10,오브제,[덱스 PICK]오브제 무드체인지 립밤 3g 2종 택1,https://www.oliveyoung.co.kr/store/goods/getGoodsDetail.do?goodsNo=A000000161007&dispCatNo=90000010009&trackingCd=Best_Sellingbest&t_page=랭킹&t_click=판매랭킹_맨즈케어_상품상세&t_number=10
맨즈케어,11,그라펜,[누적판매130만] 그라펜 트리플립 핸섬립/컬러립/립센스/네이키드 립밤 (4종 택1),https://www.oliveyoung.co.kr/store/goods/getGoodsDetail.do?goodsNo=A000000200228&dispCatNo=90000010009&trackingCd=Best_Sellingbest&t_page=랭킹&t_click=판매랭킹_맨즈케어_상품상세&t_number=11
맨즈케어,12,비레디,[트러블진정]비레디 시카페인 트러블 리셋 세럼 40ml 기획 (+크림 20ml*2 증정),https://www.oliveyoung.co.kr/store/goods/getGoodsDetail.do?goodsNo=A000000198624&dispCatNo=90000010009&trackingCd=Best_Sellingbest&t_page=랭킹&t_click=판매랭킹_맨즈케어_상품상세&t_number=12
맨즈케어,13,히든,[4월 올영픽] 히든 퍼퓸 스프레이 바디로션 단품/기획 5종,https://www.oliveyoung.co.kr/store/goods/getGoodsDetail.do?goodsNo=A000000182127&dispCatNo=90000010009&trackingCd=Best_Sellingbest&t_page=랭킹&t_click=판매랭킹_맨즈케어_상품상세&t_number=13
맨즈케어,14,라운드랩,라운드랩 포 맨 소나무 진정 시카 토너 200ml,https://www.oliveyoung.co.kr/store/goods/getGoodsDetail.do?goodsNo=A000000199153&dispCatNo=90000010009&trackingCd=Best_Sellingbest&t_page=랭킹&t_click=판매랭킹_맨즈케어_상품상세&t_number=14
맨즈케어,15,닥터지,닥터지 레드 블레미쉬 포 맨 올인원 플루이드 150ml+75ml 기획,https://www.oliveyoung.co.kr/store/goods/getGoodsDetail.do?goodsNo=A000000179655&dispCatNo=90000010009&trackingCd=Best_Sellingbest&t_page=랭킹&t_click=판매랭킹_맨즈케어_상품상세&t_number=15
맨즈케어,16,우르오스,우르오스 올인원 200ml 2종 택 1,https://www.oliveyoung.co.kr/store/goods/getGoodsDetail.do?goodsNo=A000000117541&dispCatNo=90000010009&trackingCd=Best_Sellingbest&t_page=랭킹&t_click=판매랭킹_맨즈케어_상품상세&t_number=16
맨즈케어,17,비레디,비레디 생기 립밤 3g 2종,https://www.oliveyoung.co.kr/store/goods/getGoodsDetail.do?goodsNo=A000000137549&dispCatNo=90000010009&trackingCd=Best_Sellingbest&t_page=랭킹&t_click=판매랭킹_맨즈케어_상품상세&t_number=17
맨즈케어,18,포맨트,포맨트 시그니처 퍼퓸 50ml (코튼허그),https://www.oliveyoung.co.kr/store/goods/getGoodsDetail.do?goodsNo=A000000161747&dispCatNo=90000010009&trackingCd=Best_Sellingbest&t_page=랭킹&t_click=판매랭킹_맨즈케어_상품상세&t_number=18
맨즈케어,19,버버리,[한정특가] 버버리 위크엔드 포맨 EDT 30ml,https://www.oliveyoung.co.kr/store/goods/getGoodsDetail.do?goodsNo=A000000186172&dispCatNo=90000010009&trackingCd=Best_Sellingbest&t_page=랭킹&t_click=판매랭킹_맨즈케어_상품상세&t_number=19
맨즈케어,20,포뷰트,포뷰트 시그니처 헤어퍼퓸 50ml 애프터선셋,https://www.oliveyoung.co.kr/store/goods/getGoodsDetail.do?goodsNo=A000000200808&dispCatNo=90000010009&trackingCd=Best_Sellingbest&t_page=랭킹&t_click=판매랭킹_맨즈케어_상품상세&t_number=20
맨즈케어,21,비레디,비레디 무드 스타일링 퍼퓸(레이지화이트/위시블루)기획 (+핸드크림 30ml 증정),https://www.oliveyoung.co.kr/store/goods/getGoodsDetail.do?goodsNo=A000000185134&dispCatNo=90000010009&trackingCd=Best_Sellingbest&t_page=랭킹&t_click=판매랭킹_맨즈케어_상품상세&t_number=21
맨즈케어,22,바버501,바버501 쉐이빙 부스터 스무디 300ml 4종 택1,https://www.oliveyoung.co.kr/store/goods/getGoodsDetail.do?goodsNo=A000000181254&dispCatNo=90000010009&trackingCd=Best_Sellingbest&t_page=랭킹&t_click=판매랭킹_맨즈케어_상품상세&t_number=22
맨즈케어,23,아이오페,[단독기획] 아이오페 맨 올데이 퍼펙트 올인원 120ml 기획(+30ml 증정),https://www.oliveyoung.co.kr/store/goods/getGoodsDetail.do?goodsNo=A000000184697&dispCatNo=90000010009&trackingCd=Best_Sellingbest&t_page=랭킹&t_click=판매랭킹_맨즈케어_상품상세&t_number=23
맨즈케어,24,다슈,[종석 pick] 다슈 맨즈 비타붐 톤업크림 50ml,https://www.oliveyoung.co.kr/store/goods/getGoodsDetail.do?goodsNo=A000000138949&dispCatNo=90000010009&trackingCd=Best_Sellingbest&t_page=랭킹&t_click=판매랭킹_맨즈케어_상품상세&t_number=24
맨즈케어,25,오브제,[덱스 PICK]오브제 퍼펙트 옴므 쿠션 15g (SPF50+PA++++),https://www.oliveyoung.co.kr/store/goods/getGoodsDetail.do?goodsNo=A000000161006&dispCatNo=90000010009&trackingCd=Best_Sellingbest&t_page=랭킹&t_click=판매랭킹_맨즈케어_상품상세&t_number=25
맨즈케어,26,갸스비,[NEW] 갸스비 메타러버 왁스 하드 65g,https://www.oliveyoung.co.kr/store/goods/getGoodsDetail.do?goodsNo=A000000183666&dispCatNo=90000010009&trackingCd=Best_Sellingbest&t_page=랭킹&t_click=판매랭킹_맨즈케어_상품상세&t_number=26
맨즈케어,27,다슈,[용주 Pick] 다슈 포 맨 퍼펙트 다운텍 오리지널,https://www.oliveyoung.co.kr/store/goods/getGoodsDetail.do?goodsNo=A000000200280&dispCatNo=90000010009&trackingCd=Best_Sellingbest&t_page=랭킹&t_click=판매랭킹_맨즈케어_상품상세&t_number=27
맨즈케어,28,리우젤,리우젤 그루밍 토닉 11.8oz/350ml,https://www.oliveyoung.co.kr/store/goods/getGoodsDetail.do?goodsNo=A000000130518&dispCatNo=90000010009&trackingCd=Best_Sellingbest&t_page=랭킹&t_click=판매랭킹_맨즈케어_상품상세&t_number=28
맨즈케어,29,포맨트,포맨트 시그니처 코튼 스프레이 200ml (코튼허그),https://www.oliveyoung.co.kr/store/goods/getGoodsDetail.do?goodsNo=A000000161034&dispCatNo=90000010009&trackingCd=Best_Sellingbest&t_page=랭킹&t_click=판매랭킹_맨즈케어_상품상세&t_number=29
맨즈케어,30,닥터지,닥터지 레드 블레미쉬 포 맨 올인원 오일컷 로션 150ml 기획(+30ml 추가증정),https://www.oliveyoung.co.kr/store/goods/getGoodsDetail.do?goodsNo=A000000185235&dispCatNo=90000010009&trackingCd=Best_Sellingbest&t_page=랭킹&t_click=판매랭킹_맨즈케어_상품상세&t_number=30
맨즈케어,31,우르오스,우르오스 페이스워시 100g,https://www.oliveyoung.co.kr/store/goods/getGoodsDetail.do?goodsNo=A000000114688&dispCatNo=90000010009&trackingCd=Best_Sellingbest&t_page=랭킹&t_click=판매랭킹_맨즈케어_상품상세&t_number=31
맨즈케어,32,오브제,[덱스 PICK]오브제 멀티 텍스처 컬크림 150ml,https://www.oliveyoung.co.kr/store/goods/getGoodsDetail.do?goodsNo=A000000172994&dispCatNo=90000010009&trackingCd=Best_Sellingbest&t_page=랭킹&t_click=판매랭킹_맨즈케어_상품상세&t_number=32
맨즈케어,33,비레디,비레디 블루쿠션 SPF 34 PA++/15g (본품/리필 택1),https://www.oliveyoung.co.kr/store/goods/getGoodsDetail.do?goodsNo=A000000167431&dispCatNo=90000010009&trackingCd=Best_Sellingbest&t_page=랭킹&t_click=판매랭킹_맨즈케어_상품상세&t_number=33
맨즈케어,34,다슈,[종석 Pick]다슈 포맨 밤부 포레스트 메가 하드 스프레이 180ml,https://www.oliveyoung.co.kr/store/goods/getGoodsDetail.do?goodsNo=A000000161439&dispCatNo=90000010009&trackingCd=Best_Sellingbest&t_page=랭킹&t_click=판매랭킹_맨즈케어_상품상세&t_number=34
맨즈케어,35,버버리,버버리 터치 포 맨 EDT 30ml,https://www.oliveyoung.co.kr/store/goods/getGoodsDetail.do?goodsNo=A000000183801&dispCatNo=90000010009&trackingCd=Best_Sellingbest&t_page=랭킹&t_click=판매랭킹_맨즈케어_상품상세&t_number=35
맨즈케어,36,다슈,다슈 클래식 하드와이어 킵 스프레이 250ml,https://www.oliveyoung.co.kr/store/goods/getGoodsDetail.do?goodsNo=A000000012916&dispCatNo=90000010009&trackingCd=Best_Sellingbest&t_page=랭킹&t_click=판매랭킹_맨즈케어_상품상세&t_number=36
맨즈케어,37,오브제,오브제 매직 타투 브로우 내추럴 그레이 2ml,https://www.oliveyoung.co.kr/store/goods/getGoodsDetail.do?goodsNo=A000000161008&dispCatNo=90000010009&trackingCd=Best_Sellingbest&t_page=랭킹&t_click=판매랭킹_맨즈케어_상품상세&t_number=37
맨즈케어,38,라운드랩,라운드랩 포 맨 1025 독도 올인원 플루이드 200ml,https://www.oliveyoung.co.kr/store/goods/getGoodsDetail.do?goodsNo=A000000183230&dispCatNo=90000010009&trackingCd=Best_Sellingbest&t_page=랭킹&t_click=판매랭킹_맨즈케어_상품상세&t_number=38
맨즈케어,39,랩시리즈,랩시리즈 데일리 레스큐 워터로션 200ml 기획(+워터로션 30ml+페이스로션 20ml) (2402),https://www.oliveyoung.co.kr/store/goods/getGoodsDetail.do?goodsNo=A000000199824&dispCatNo=90000010009&trackingCd=Best_Sellingbest&t_page=랭킹&t_click=판매랭킹_맨즈케어_상품상세&t_number=39
맨즈케어,40,다슈,[종석 Pick]다슈 포맨 프리미엄 메가 홀드 슈퍼 스프레이 250ml,https://www.oliveyoung.co.kr/store/goods/getGoodsDetail.do?goodsNo=A000000012910&dispCatNo=90000010009&trackingCd=Best_Sellingbest&t_page=랭킹&t_click=판매랭킹_맨즈케어_상품상세&t_number=40
맨즈케어,41,다슈,[종석 pick] 다슈 맨즈 듀얼 트릭 스틱 (컨실러+쉐딩 2 in 1),https://www.oliveyoung.co.kr/store/goods/getGoodsDetail.do?goodsNo=A000000131799&dispCatNo=90000010009&trackingCd=Best_Sellingbest&t_page=랭킹&t_click=판매랭킹_맨즈케어_상품상세&t_number=41
맨즈케어,42,비레디,[2023 어워즈]  비레디 트루 톤 로션 33ml 리필 어워즈 한정기획 (본품+리필),https://www.oliveyoung.co.kr/store/goods/getGoodsDetail.do?goodsNo=A000000192866&dispCatNo=90000010009&trackingCd=Best_Sellingbest&t_page=랭킹&t_click=판매랭킹_맨즈케어_상품상세&t_number=42
맨즈케어,43,오브제,"[덱스 PICK] 오브제 내추럴 커버 파운데이션 13g (SPF50+, PA++++)",https://www.oliveyoung.co.kr/store/goods/getGoodsDetail.do?goodsNo=A000000161010&dispCatNo=90000010009&trackingCd=Best_Sellingbest&t_page=랭킹&t_click=판매랭킹_맨즈케어_상품상세&t_number=43
맨즈케어,44,비레디,비레디 무드업음영아이팔레트포히어로즈 7g,https://www.oliveyoung.co.kr/store/goods/getGoodsDetail.do?goodsNo=A000000137554&dispCatNo=90000010009&trackingCd=Best_Sellingbest&t_page=랭킹&t_click=판매랭킹_맨즈케어_상품상세&t_number=44
맨즈케어,45,리우젤,리우젤 그루밍 토닉 3.38oz/100ml,https://www.oliveyoung.co.kr/store/goods/getGoodsDetail.do?goodsNo=A000000130508&dispCatNo=90000010009&trackingCd=Best_Sellingbest&t_page=랭킹&t_click=판매랭킹_맨즈케어_상품상세&t_number=45
맨즈케어,46,라끌랑,라끌랑 내츄럴 커버 옴므쿠션 3종 택1,https://www.oliveyoung.co.kr/store/goods/getGoodsDetail.do?goodsNo=A000000130814&dispCatNo=90000010009&trackingCd=Best_Sellingbest&t_page=랭킹&t_click=판매랭킹_맨즈케어_상품상세&t_number=46
맨즈케어,47,질레트,질레트 프로쉴드 옐로우 면도날 8개입,https://www.oliveyoung.co.kr/store/goods/getGoodsDetail.do?goodsNo=A000000199501&dispCatNo=90000010009&trackingCd=Best_Sellingbest&t_page=랭킹&t_click=판매랭킹_맨즈케어_상품상세&t_number=47
맨즈케어,48,질레트,질레트 랩스 딥클렌징바 면도날 [4입/8입/10입],https://www.oliveyoung.co.kr/store/goods/getGoodsDetail.do?goodsNo=A000000203644&dispCatNo=90000010009&trackingCd=Best_Sellingbest&t_page=랭킹&t_click=판매랭킹_맨즈케어_상품상세&t_number=48
맨즈케어,49,다슈,[2023 어워즈] 다슈 클래식 스타일 그루밍 토닉 200ml 어워즈 한정기획 (본품+그루밍 토닉 100ml+메가 홀드,https://www.oliveyoung.co.kr/store/goods/getGoodsDetail.do?goodsNo=A000000192690&dispCatNo=90000010009&trackingCd=Best_Sellingbest&t_page=랭킹&t_click=판매랭킹_맨즈케어_상품상세&t_number=49
맨즈케어,50,라운드랩,[보습진정] 라운드랩 포 맨 소나무 진정 토너/크림 2종세트(+클렌저 40ml 증정),https://www.oliveyoung.co.kr/store/goods/getGoodsDetail.do?goodsNo=A000000199169&dispCatNo=90000010009&trackingCd=Best_Sellingbest&t_page=랭킹&t_click=판매랭킹_맨즈케어_상품상세&t_number=50
맨즈케어,51,라끌랑,라끌랑 올데이 파워 픽스쿠션 3종 택1,https://www.oliveyoung.co.kr/store/goods/getGoodsDetail.do?goodsNo=A000000184127&dispCatNo=90000010009&trackingCd=Best_Sellingbest&t_page=랭킹&t_click=판매랭킹_맨즈케어_상품상세&t_number=51
맨즈케어,52,닥터지,닥터지 레드 블레미쉬 포맨 젠틀 클렌징 폼 150ml,https://www.oliveyoung.co.kr/store/goods/getGoodsDetail.do?goodsNo=A000000160397&dispCatNo=90000010009&trackingCd=Best_Sellingbest&t_page=랭킹&t_click=판매랭킹_맨즈케어_상품상세&t_number=52
맨즈케어,53,다슈,다슈 데일리 비타플렉스 올인원 바디워시 기획세트 (본품500ml+50ml 증정),https://www.oliveyoung.co.kr/store/goods/getGoodsDetail.do?goodsNo=A000000152332&dispCatNo=90000010009&trackingCd=Best_Sellingbest&t_page=랭킹&t_click=판매랭킹_맨즈케어_상품상세&t_number=53
맨즈케어,54,바버501,바버501 쉐이빙 부스터 밤 3종 택1,https://www.oliveyoung.co.kr/store/goods/getGoodsDetail.do?goodsNo=A000000187267&dispCatNo=90000010009&trackingCd=Best_Sellingbest&t_page=랭킹&t_click=판매랭킹_맨즈케어_상품상세&t_number=54
맨즈케어,55,미프,[김지훈 Pick] 미프 비타맥스 올인원 로션 리필 세트 기획 (본품 200ml+리필 150ml*2ea),https://www.oliveyoung.co.kr/store/goods/getGoodsDetail.do?goodsNo=A000000173672&dispCatNo=90000010009&trackingCd=Best_Sellingbest&t_page=랭킹&t_click=판매랭킹_맨즈케어_상품상세&t_number=55
맨즈케어,56,클럽맨피노드,클럽맨피노드 오리지날 에프터쉐이브로션 370ml,https://www.oliveyoung.co.kr/store/goods/getGoodsDetail.do?goodsNo=A000000154375&dispCatNo=90000010009&trackingCd=Best_Sellingbest&t_page=랭킹&t_click=판매랭킹_맨즈케어_상품상세&t_number=56
맨즈케어,57,다슈,[종석 pick]다슈 맨즈 아쿠아 토너/로션 153ml 2종 세트(+토너&로션&클렌징 30ml증정),https://www.oliveyoung.co.kr/store/goods/getGoodsDetail.do?goodsNo=A000000176675&dispCatNo=90000010009&trackingCd=Best_Sellingbest&t_page=랭킹&t_click=판매랭킹_맨즈케어_상품상세&t_number=57
맨즈케어,58,포뷰트,포뷰트 쉐도우 헤어 브러쉬,https://www.oliveyoung.co.kr/store/goods/getGoodsDetail.do?goodsNo=A000000201674&dispCatNo=90000010009&trackingCd=Best_Sellingbest&t_page=랭킹&t_click=판매랭킹_맨즈케어_상품상세&t_number=58
맨즈케어,59,도루코,도루코 센서티브 쉐이빙폼 210ml 더블기획(+인텐시브 쉐이빙폼 74ml 증정),https://www.oliveyoung.co.kr/store/goods/getGoodsDetail.do?goodsNo=A000000187785&dispCatNo=90000010009&trackingCd=Best_Sellingbest&t_page=랭킹&t_click=판매랭킹_맨즈케어_상품상세&t_number=59
맨즈케어,60,폴미첼,[첫구매 전용] 폴미첼 프리즈 앤 샤인 슈퍼 스프레이 50ml,https://www.oliveyoung.co.kr/store/goods/getGoodsDetail.do?goodsNo=A000000198879&dispCatNo=90000010009&trackingCd=Best_Sellingbest&t_page=랭킹&t_click=판매랭킹_맨즈케어_상품상세&t_number=60
맨즈케어,61,다슈,다슈 프리미엄 퍼퓸 50ml 5종 택1 (아쿠아 다이브 외),https://www.oliveyoung.co.kr/store/goods/getGoodsDetail.do?goodsNo=A000000154028&dispCatNo=90000010009&trackingCd=Best_Sellingbest&t_page=랭킹&t_click=판매랭킹_맨즈케어_상품상세&t_number=61
맨즈케어,62,다슈,다슈 퍼퓸 기획 3종 택1 (+솔리드퍼퓸 15ml 증정),https://www.oliveyoung.co.kr/store/goods/getGoodsDetail.do?goodsNo=A000000191254&dispCatNo=90000010009&trackingCd=Best_Sellingbest&t_page=랭킹&t_click=판매랭킹_맨즈케어_상품상세&t_number=62
맨즈케어,63,AHC,[단독기획]  AHC 온리포맨 포어 프레쉬 올인원에센스 더블 기획 (120ml+120ml),https://www.oliveyoung.co.kr/store/goods/getGoodsDetail.do?goodsNo=A000000149214&dispCatNo=90000010009&trackingCd=Best_Sellingbest&t_page=랭킹&t_click=판매랭킹_맨즈케어_상품상세&t_number=63
맨즈케어,64,라끌랑,라끌랑 옴므퍼퓸 50ml 2종 택1,https://www.oliveyoung.co.kr/store/goods/getGoodsDetail.do?goodsNo=A000000149707&dispCatNo=90000010009&trackingCd=Best_Sellingbest&t_page=랭킹&t_click=판매랭킹_맨즈케어_상품상세&t_number=64
맨즈케어,65,피지오겔,피지오겔 DMT 포맨 페이셜 크림 80ml,https://www.oliveyoung.co.kr/store/goods/getGoodsDetail.do?goodsNo=A000000169180&dispCatNo=90000010009&trackingCd=Best_Sellingbest&t_page=랭킹&t_click=판매랭킹_맨즈케어_상품상세&t_number=65
맨즈케어,66,포뷰트,포뷰트 드롭셋,https://www.oliveyoung.co.kr/store/goods/getGoodsDetail.do?goodsNo=A000000177072&dispCatNo=90000010009&trackingCd=Best_Sellingbest&t_page=랭킹&t_click=판매랭킹_맨즈케어_상품상세&t_number=66
맨즈케어,67,아이소이,아이소이 포맨 아크니 닥터 올인원 100ml 기획 (+진정 올인원 15ml),https://www.oliveyoung.co.kr/store/goods/getGoodsDetail.do?goodsNo=A000000195679&dispCatNo=90000010009&trackingCd=Best_Sellingbest&t_page=랭킹&t_click=판매랭킹_맨즈케어_상품상세&t_number=67
맨즈케어,68,포맨트,포맨트 시그니처 올인원 에센스 96ml,https://www.oliveyoung.co.kr/store/goods/getGoodsDetail.do?goodsNo=A000000155994&dispCatNo=90000010009&trackingCd=Best_Sellingbest&t_page=랭킹&t_click=판매랭킹_맨즈케어_상품상세&t_number=68
맨즈케어,69,우르오스,우르오스 스칼프샴푸 500ml,https://www.oliveyoung.co.kr/store/goods/getGoodsDetail.do?goodsNo=A000000006568&dispCatNo=90000010009&trackingCd=Best_Sellingbest&t_page=랭킹&t_click=판매랭킹_맨즈케어_상품상세&t_number=69
맨즈케어,70,닥터지,닥터지 레드 블레미쉬 포 맨 올인원 크림 150ml 기획세트(+30ml증정),https://www.oliveyoung.co.kr/store/goods/getGoodsDetail.do?goodsNo=A000000171651&dispCatNo=90000010009&trackingCd=Best_Sellingbest&t_page=랭킹&t_click=판매랭킹_맨즈케어_상품상세&t_number=70
맨즈케어,71,닥터지,닥터지 레드 블레미쉬 포 맨 젠틀 포인트 클렌저 150mL,https://www.oliveyoung.co.kr/store/goods/getGoodsDetail.do?goodsNo=A000000153504&dispCatNo=90000010009&trackingCd=Best_Sellingbest&t_page=랭킹&t_click=판매랭킹_맨즈케어_상품상세&t_number=71
맨즈케어,72,닥터지,닥터지 레드 블레미쉬 포 맨 멀티 수딩 토너 200ml 보습기획세트 (+올인원크림 30ml),https://www.oliveyoung.co.kr/store/goods/getGoodsDetail.do?goodsNo=A000000170518&dispCatNo=90000010009&trackingCd=Best_Sellingbest&t_page=랭킹&t_click=판매랭킹_맨즈케어_상품상세&t_number=72
맨즈케어,73,포맨트,포맨트 올인원 퍼퓸샤워 500ml (코튼허그),https://www.oliveyoung.co.kr/store/goods/getGoodsDetail.do?goodsNo=A000000154400&dispCatNo=90000010009&trackingCd=Best_Sellingbest&t_page=랭킹&t_click=판매랭킹_맨즈케어_상품상세&t_number=73
맨즈케어,74,포맨트,포맨트 퍼퓸 바디로션 300ml (코튼허그),https://www.oliveyoung.co.kr/store/goods/getGoodsDetail.do?goodsNo=A000000162186&dispCatNo=90000010009&trackingCd=Best_Sellingbest&t_page=랭킹&t_click=판매랭킹_맨즈케어_상품상세&t_number=74
맨즈케어,75,포맨트,포맨트 올인원 퍼퓸샤워 500ml (코튼메모리),https://www.oliveyoung.co.kr/store/goods/getGoodsDetail.do?goodsNo=A000000164111&dispCatNo=90000010009&trackingCd=Best_Sellingbest&t_page=랭킹&t_click=판매랭킹_맨즈케어_상품상세&t_number=75
맨즈케어,76,아이디얼포맨,[스킨+로션+선크림]아이디얼 포 맨 선디펜스 올인원 기획(120ml+50ml)(2023),https://www.oliveyoung.co.kr/store/goods/getGoodsDetail.do?goodsNo=A000000191771&dispCatNo=90000010009&trackingCd=Best_Sellingbest&t_page=랭킹&t_click=판매랭킹_맨즈케어_상품상세&t_number=76
맨즈케어,77,다슈,[종석 Pick]다슈 프로 에어리 폴리쉬 오일 100ml 기획세트(+10ml 증정),https://www.oliveyoung.co.kr/store/goods/getGoodsDetail.do?goodsNo=A000000182577&dispCatNo=90000010009&trackingCd=Best_Sellingbest&t_page=랭킹&t_click=판매랭킹_맨즈케어_상품상세&t_number=77
맨즈케어,78,아이디얼포맨,[피부진정/잡티완화]아이디얼 포맨 시카 흔적 올인원 플루이드 한정기획(75mL 증정),https://www.oliveyoung.co.kr/store/goods/getGoodsDetail.do?goodsNo=A000000188808&dispCatNo=90000010009&trackingCd=Best_Sellingbest&t_page=랭킹&t_click=판매랭킹_맨즈케어_상품상세&t_number=78
맨즈케어,79,클럽맨피노드,클럽맨리저브 데킬라티즈 에프터쉐이브 177ml,https://www.oliveyoung.co.kr/store/goods/getGoodsDetail.do?goodsNo=A000000167841&dispCatNo=90000010009&trackingCd=Best_Sellingbest&t_page=랭킹&t_click=판매랭킹_맨즈케어_상품상세&t_number=79
맨즈케어,80,박준뷰티랩,박준뷰티랩 멀티 트리머 (코털/눈썹 정리),https://www.oliveyoung.co.kr/store/goods/getGoodsDetail.do?goodsNo=A000000146238&dispCatNo=90000010009&trackingCd=Best_Sellingbest&t_page=랭킹&t_click=판매랭킹_맨즈케어_상품상세&t_number=80
맨즈케어,81,도루코,도루코 PACE7II FRESH 면도기+면도날 7입,https://www.oliveyoung.co.kr/store/goods/getGoodsDetail.do?goodsNo=A000000162607&dispCatNo=90000010009&trackingCd=Best_Sellingbest&t_page=랭킹&t_click=판매랭킹_맨즈케어_상품상세&t_number=81
맨즈케어,82,질레트,질레트 스킨텍 면도날 4입,https://www.oliveyoung.co.kr/store/goods/getGoodsDetail.do?goodsNo=A000000159298&dispCatNo=90000010009&trackingCd=Best_Sellingbest&t_page=랭킹&t_click=판매랭킹_맨즈케어_상품상세&t_number=82
맨즈케어,83,질레트,질레트 스킨텍 파워 면도날 4입,https://www.oliveyoung.co.kr/store/goods/getGoodsDetail.do?goodsNo=A000000159301&dispCatNo=90000010009&trackingCd=Best_Sellingbest&t_page=랭킹&t_click=판매랭킹_맨즈케어_상품상세&t_number=83
맨즈케어,84,다슈,다슈 데일리 볼륨업 컬크림 더블 기획 (150ml+150ml),https://www.oliveyoung.co.kr/store/goods/getGoodsDetail.do?goodsNo=A000000139081&dispCatNo=90000010009&trackingCd=Best_Sellingbest&t_page=랭킹&t_click=판매랭킹_맨즈케어_상품상세&t_number=84
맨즈케어,85,플리프,플리프 시카-알로에 카밍 올인원 로션 (200ml+50ml),https://www.oliveyoung.co.kr/store/goods/getGoodsDetail.do?goodsNo=A000000145840&dispCatNo=90000010009&trackingCd=Best_Sellingbest&t_page=랭킹&t_click=판매랭킹_맨즈케어_상품상세&t_number=85
맨즈케어,86,아이디얼포맨,아이디얼 포 맨 베러톤 커버 쿠션 기획 2종(+톤로션 10mL),https://www.oliveyoung.co.kr/store/goods/getGoodsDetail.do?goodsNo=A000000202405&dispCatNo=90000010009&trackingCd=Best_Sellingbest&t_page=랭킹&t_click=판매랭킹_맨즈케어_상품상세&t_number=86
맨즈케어,87,라운드랩,라운드랩 포 맨 소나무 진정 시카 로션 200ml,https://www.oliveyoung.co.kr/store/goods/getGoodsDetail.do?goodsNo=A000000199154&dispCatNo=90000010009&trackingCd=Best_Sellingbest&t_page=랭킹&t_click=판매랭킹_맨즈케어_상품상세&t_number=87
맨즈케어,88,언라이프,언라이프 엑스퍼트 내추럴 스타일링 젤 80g,https://www.oliveyoung.co.kr/store/goods/getGoodsDetail.do?goodsNo=A000000192343&dispCatNo=90000010009&trackingCd=Best_Sellingbest&t_page=랭킹&t_click=판매랭킹_맨즈케어_상품상세&t_number=88
맨즈케어,89,방탄꼭지,방탄꼭지 에어니플 카이 2종 택1(30mm/35mm),https://www.oliveyoung.co.kr/store/goods/getGoodsDetail.do?goodsNo=A000000163361&dispCatNo=90000010009&trackingCd=Best_Sellingbest&t_page=랭킹&t_click=판매랭킹_맨즈케어_상품상세&t_number=89
맨즈케어,90,라운드랩,[NEW] 라운드랩 포 맨 1025 독도 올인원 젤 로션 200ml,https://www.oliveyoung.co.kr/store/goods/getGoodsDetail.do?goodsNo=A000000197722&dispCatNo=90000010009&trackingCd=Best_Sellingbest&t_page=랭킹&t_click=판매랭킹_맨즈케어_상품상세&t_number=90
맨즈케어,91,닥터방기원,[대용량]닥터방기원 시카마이드 블레미쉬 카밍 올인원 300ml,https://www.oliveyoung.co.kr/store/goods/getGoodsDetail.do?goodsNo=B000000184084&dispCatNo=90000010009&trackingCd=Best_Sellingbest&t_page=랭킹&t_click=판매랭킹_맨즈케어_상품상세&t_number=91
맨즈케어,92,닥터지,닥터지 레드 블레미쉬 포 맨 올인원 플루이드 150ml,https://www.oliveyoung.co.kr/store/goods/getGoodsDetail.do?goodsNo=A000000131849&dispCatNo=90000010009&trackingCd=Best_Sellingbest&t_page=랭킹&t_click=판매랭킹_맨즈케어_상품상세&t_number=92
맨즈케어,93,바른생각,바른생각 슈퍼 쿨 워시 포 맨 200ml,https://www.oliveyoung.co.kr/store/goods/getGoodsDetail.do?goodsNo=A000000152383&dispCatNo=90000010009&trackingCd=Best_Sellingbest&t_page=랭킹&t_click=판매랭킹_맨즈케어_상품상세&t_number=93
맨즈케어,94,그라펜,그라펜 제주 해수 메가 홀드 스프레이 250ml (인체용 DME 가스스프레이),https://www.oliveyoung.co.kr/store/goods/getGoodsDetail.do?goodsNo=A000000169744&dispCatNo=90000010009&trackingCd=Best_Sellingbest&t_page=랭킹&t_click=판매랭킹_맨즈케어_상품상세&t_number=94
맨즈케어,95,VT,VT 슈퍼 히알론 올인원 에센스 150ml,https://www.oliveyoung.co.kr/store/goods/getGoodsDetail.do?goodsNo=A000000146315&dispCatNo=90000010009&trackingCd=Best_Sellingbest&t_page=랭킹&t_click=판매랭킹_맨즈케어_상품상세&t_number=95
맨즈케어,96,그라펜,그라펜 제주 해수 세럼 토닉 100ml/300ml,https://www.oliveyoung.co.kr/store/goods/getGoodsDetail.do?goodsNo=A000000169749&dispCatNo=90000010009&trackingCd=Best_Sellingbest&t_page=랭킹&t_click=판매랭킹_맨즈케어_상품상세&t_number=96
맨즈케어,97,질레트,질레트 프로쉴드 옐로우 파워 면도기 (핸들+1입날) [저자극+밀착 면도],https://www.oliveyoung.co.kr/store/goods/getGoodsDetail.do?goodsNo=A000000144150&dispCatNo=90000010009&trackingCd=Best_Sellingbest&t_page=랭킹&t_click=판매랭킹_맨즈케어_상품상세&t_number=97
맨즈케어,98,그라펜,그라펜 두피 브러쉬 엣지핑거 2color,https://www.oliveyoung.co.kr/store/goods/getGoodsDetail.do?goodsNo=A000000116182&dispCatNo=90000010009&trackingCd=Best_Sellingbest&t_page=랭킹&t_click=판매랭킹_맨즈케어_상품상세&t_number=98
맨즈케어,99,그라펜,그라펜 해수 컬크림 100g,https://www.oliveyoung.co.kr/store/goods/getGoodsDetail.do?goodsNo=A000000151481&dispCatNo=90000010009&trackingCd=Best_Sellingbest&t_page=랭킹&t_click=판매랭킹_맨즈케어_상품상세&t_number=99
맨즈케어,100,그라펜,[머슐랭PICK] 그라펜 해수 포마드 100g증정기획(+그루밍 토닉 100ml 증정),https://www.oliveyoung.co.kr/store/goods/getGoodsDetail.do?goodsNo=A000000170168&dispCatNo=90000010009&trackingCd=Best_Sellingbest&t_page=랭킹&t_click=판매랭킹_맨즈케어_상품상세&t_number=100
향수,1,포맨트,포맨트 시그니처 퍼퓸 코튼허그 50ml 기획(+핸드크림 30ml 증정),https://www.oliveyoung.co.kr/store/goods/getGoodsDetail.do?goodsNo=A000000179263&dispCatNo=90000010009&trackingCd=Best_Sellingbest&t_page=랭킹&t_click=판매랭킹_향수_상품상세&t_number=1
향수,2,모멘센트,[NEW] 모멘센트 크림퍼퓸 30ml 3종 택1 (님트리/레인보우온즈/르몽쿠아),https://www.oliveyoung.co.kr/store/goods/getGoodsDetail.do?goodsNo=A000000203277&dispCatNo=90000010009&trackingCd=Best_Sellingbest&t_page=랭킹&t_click=판매랭킹_향수_상품상세&t_number=2
향수,3,아로,[NEW] 아로 EDT 50ml 4종 택 1,https://www.oliveyoung.co.kr/store/goods/getGoodsDetail.do?goodsNo=A000000202455&dispCatNo=90000010009&trackingCd=Best_Sellingbest&t_page=랭킹&t_click=판매랭킹_향수_상품상세&t_number=3
향수,4,랑방,랑방 에끌라 드 아르페쥬 EDP 50ml,https://www.oliveyoung.co.kr/store/goods/getGoodsDetail.do?goodsNo=A000000000445&dispCatNo=90000010009&trackingCd=Best_Sellingbest&t_page=랭킹&t_click=판매랭킹_향수_상품상세&t_number=4
향수,5,포맨트,포맨트 시그니처 퍼퓸 50ml (코튼메모리),https://www.oliveyoung.co.kr/store/goods/getGoodsDetail.do?goodsNo=A000000161624&dispCatNo=90000010009&trackingCd=Best_Sellingbest&t_page=랭킹&t_click=판매랭킹_향수_상품상세&t_number=5
향수,6,포맨트,포맨트 시그니처 퍼퓸 코튼배쓰 50ml 기획 (+핸드크림 30ml 증정),https://www.oliveyoung.co.kr/store/goods/getGoodsDetail.do?goodsNo=A000000199212&dispCatNo=90000010009&trackingCd=Best_Sellingbest&t_page=랭킹&t_click=판매랭킹_향수_상품상세&t_number=6
향수,7,애프터블로우,[엔조이 커플 PICK]애프터블로우 오 드 퍼퓸 25ml (미니듀오 기획/단품),https://www.oliveyoung.co.kr/store/goods/getGoodsDetail.do?goodsNo=A000000181494&dispCatNo=90000010009&trackingCd=Best_Sellingbest&t_page=랭킹&t_click=판매랭킹_향수_상품상세&t_number=7
향수,8,끌로에,끌로에 로즈 드 끌로에 EDT 30ml,https://www.oliveyoung.co.kr/store/goods/getGoodsDetail.do?goodsNo=A000000172596&dispCatNo=90000010009&trackingCd=Best_Sellingbest&t_page=랭킹&t_click=판매랭킹_향수_상품상세&t_number=8
향수,9,에이딕트,에이딕트 보이드우드 EDP 50ml,https://www.oliveyoung.co.kr/store/goods/getGoodsDetail.do?goodsNo=A000000154886&dispCatNo=90000010009&trackingCd=Best_Sellingbest&t_page=랭킹&t_click=판매랭킹_향수_상품상세&t_number=9
향수,10,나르시소 로드리게즈,나르시소 로드리게즈 머스크 누와르 로제 EDP 30ml,https://www.oliveyoung.co.kr/store/goods/getGoodsDetail.do?goodsNo=A000000162384&dispCatNo=90000010009&trackingCd=Best_Sellingbest&t_page=랭킹&t_click=판매랭킹_향수_상품상세&t_number=10
향수,11,포맨트,포맨트 시그니처 퍼퓸 50ml (코튼허그),https://www.oliveyoung.co.kr/store/goods/getGoodsDetail.do?goodsNo=A000000161747&dispCatNo=90000010009&trackingCd=Best_Sellingbest&t_page=랭킹&t_click=판매랭킹_향수_상품상세&t_number=11
향수,12,버버리,[한정특가] 버버리 위크엔드 포맨 EDT 30ml,https://www.oliveyoung.co.kr/store/goods/getGoodsDetail.do?goodsNo=A000000186172&dispCatNo=90000010009&trackingCd=Best_Sellingbest&t_page=랭킹&t_click=판매랭킹_향수_상품상세&t_number=12
향수,13,비레디,비레디 무드 스타일링 퍼퓸(레이지화이트/위시블루)기획 (+핸드크림 30ml 증정),https://www.oliveyoung.co.kr/store/goods/getGoodsDetail.do?goodsNo=A000000185134&dispCatNo=90000010009&trackingCd=Best_Sellingbest&t_page=랭킹&t_click=판매랭킹_향수_상품상세&t_number=13
향수,14,버버리,버버리 브릿쉬어 EDT 50ml,https://www.oliveyoung.co.kr/store/goods/getGoodsDetail.do?goodsNo=A000000190020&dispCatNo=90000010009&trackingCd=Best_Sellingbest&t_page=랭킹&t_click=판매랭킹_향수_상품상세&t_number=14
향수,15,랄프로렌,랄프로렌 폴로 블랙 EDT 75ml,https://www.oliveyoung.co.kr/store/goods/getGoodsDetail.do?goodsNo=A000000142169&dispCatNo=90000010009&trackingCd=Best_Sellingbest&t_page=랭킹&t_click=판매랭킹_향수_상품상세&t_number=15
향수,16,코치,코치 드림 선셋 EDP 60ml,https://www.oliveyoung.co.kr/store/goods/getGoodsDetail.do?goodsNo=A000000157509&dispCatNo=90000010009&trackingCd=Best_Sellingbest&t_page=랭킹&t_click=판매랭킹_향수_상품상세&t_number=16
향수,17,존바바토스,존바바토스 아티산블랙 EDT 125ml,https://www.oliveyoung.co.kr/store/goods/getGoodsDetail.do?goodsNo=A000000006791&dispCatNo=90000010009&trackingCd=Best_Sellingbest&t_page=랭킹&t_click=판매랭킹_향수_상품상세&t_number=17
향수,18,롱테이크,[LOLO에디션] 롱테이크 오드 퍼퓸 중 택1,https://www.oliveyoung.co.kr/store/goods/getGoodsDetail.do?goodsNo=A000000199288&dispCatNo=90000010009&trackingCd=Best_Sellingbest&t_page=랭킹&t_click=판매랭킹_향수_상품상세&t_number=18
향수,19,모멘센트,[NEW]모멘센트 르몽쿠아 오드퍼퓸 50ml,https://www.oliveyoung.co.kr/store/goods/getGoodsDetail.do?goodsNo=A000000201189&dispCatNo=90000010009&trackingCd=Best_Sellingbest&t_page=랭킹&t_click=판매랭킹_향수_상품상세&t_number=19
향수,20,아로,아로 아이리스 솝 EDT 50ml,https://www.oliveyoung.co.kr/store/goods/getGoodsDetail.do?goodsNo=A000000202709&dispCatNo=90000010009&trackingCd=Best_Sellingbest&t_page=랭킹&t_click=판매랭킹_향수_상품상세&t_number=20
향수,21,겐조,플라워바이겐조 EDP 50ml 기획(+4ml 미니어처),https://www.oliveyoung.co.kr/store/goods/getGoodsDetail.do?goodsNo=A000000183841&dispCatNo=90000010009&trackingCd=Best_Sellingbest&t_page=랭킹&t_click=판매랭킹_향수_상품상세&t_number=21
향수,22,버버리,버버리 터치 포 맨 EDT 30ml,https://www.oliveyoung.co.kr/store/goods/getGoodsDetail.do?goodsNo=A000000183801&dispCatNo=90000010009&trackingCd=Best_Sellingbest&t_page=랭킹&t_click=판매랭킹_향수_상품상세&t_number=22
향수,23,포맨트,[1등향수] 포맨트 시그니처 퍼퓸 코튼허그&코튼메모리 50ml (단품/기획),https://www.oliveyoung.co.kr/store/goods/getGoodsDetail.do?goodsNo=A000000201060&dispCatNo=90000010009&trackingCd=Best_Sellingbest&t_page=랭킹&t_click=판매랭킹_향수_상품상세&t_number=23
향수,24,헉슬리,[NEW]헉슬리 퍼퓸 15ml 단품/기획(+왁스타블렛) 6종 택1,https://www.oliveyoung.co.kr/store/goods/getGoodsDetail.do?goodsNo=A000000176260&dispCatNo=90000010009&trackingCd=Best_Sellingbest&t_page=랭킹&t_click=판매랭킹_향수_상품상세&t_number=24
향수,25,끌로에,끌로에 EDP (단품/기획/디스커버리 세트),https://www.oliveyoung.co.kr/store/goods/getGoodsDetail.do?goodsNo=A000000189177&dispCatNo=90000010009&trackingCd=Best_Sellingbest&t_page=랭킹&t_click=판매랭킹_향수_상품상세&t_number=25
향수,26,클린,[2023 어워즈] 클린 웜코튼 EDP 30ml 기획 (+롤러볼 10ml),https://www.oliveyoung.co.kr/store/goods/getGoodsDetail.do?goodsNo=A000000192526&dispCatNo=90000010009&trackingCd=Best_Sellingbest&t_page=랭킹&t_click=판매랭킹_향수_상품상세&t_number=26
향수,27,클린,클린 웜코튼/쿨코튼 EDP 기프트세트 4종 중 택 1,https://www.oliveyoung.co.kr/store/goods/getGoodsDetail.do?goodsNo=A000000198600&dispCatNo=90000010009&trackingCd=Best_Sellingbest&t_page=랭킹&t_click=판매랭킹_향수_상품상세&t_number=27
향수,28,아뜰리에페이,아뜰리에페이 퍼퓸 데이오프 30ml,https://www.oliveyoung.co.kr/store/goods/getGoodsDetail.do?goodsNo=A000000202394&dispCatNo=90000010009&trackingCd=Best_Sellingbest&t_page=랭킹&t_click=판매랭킹_향수_상품상세&t_number=28
향수,29,롱테이크,[키PICK] 롱테이크 EDP 2ml*3 디스커버리 세트,https://www.oliveyoung.co.kr/store/goods/getGoodsDetail.do?goodsNo=A000000192014&dispCatNo=90000010009&trackingCd=Best_Sellingbest&t_page=랭킹&t_click=판매랭킹_향수_상품상세&t_number=29
향수,30,롱테이크,롱테이크 솔리드 퍼퓸 30ml 3종(샌달우드/블랙티/바질) 택 1,https://www.oliveyoung.co.kr/store/goods/getGoodsDetail.do?goodsNo=A000000192015&dispCatNo=90000010009&trackingCd=Best_Sellingbest&t_page=랭킹&t_click=판매랭킹_향수_상품상세&t_number=30
향수,31,아뜰리에페이,[단독선런칭] 아뜰리에페이 퍼퓸 오스만투스 러브2 30ml,https://www.oliveyoung.co.kr/store/goods/getGoodsDetail.do?goodsNo=A000000202391&dispCatNo=90000010009&trackingCd=Best_Sellingbest&t_page=랭킹&t_click=판매랭킹_향수_상품상세&t_number=31
향수,32,다슈,다슈 프리미엄 퍼퓸 50ml 5종 택1 (아쿠아 다이브 외),https://www.oliveyoung.co.kr/store/goods/getGoodsDetail.do?goodsNo=A000000154028&dispCatNo=90000010009&trackingCd=Best_Sellingbest&t_page=랭킹&t_click=판매랭킹_향수_상품상세&t_number=32
향수,33,다슈,다슈 퍼퓸 기획 3종 택1 (+솔리드퍼퓸 15ml 증정),https://www.oliveyoung.co.kr/store/goods/getGoodsDetail.do?goodsNo=A000000191254&dispCatNo=90000010009&trackingCd=Best_Sellingbest&t_page=랭킹&t_click=판매랭킹_향수_상품상세&t_number=33
향수,34,모멘센트,[NEW]모멘센트 르몽쿠아 크림퍼퓸 30ml,https://www.oliveyoung.co.kr/store/goods/getGoodsDetail.do?goodsNo=A000000201191&dispCatNo=90000010009&trackingCd=Best_Sellingbest&t_page=랭킹&t_click=판매랭킹_향수_상품상세&t_number=34
향수,35,4711,[NEW]4711 아쿠아콜로니아 피오니앤샌달우드 EDC 50ml,https://www.oliveyoung.co.kr/store/goods/getGoodsDetail.do?goodsNo=A000000200394&dispCatNo=90000010009&trackingCd=Best_Sellingbest&t_page=랭킹&t_click=판매랭킹_향수_상품상세&t_number=35
향수,36,4711,[NEW]4711 아쿠아콜로니아 핑크페퍼앤그레이프플룻 EDC 50ml,https://www.oliveyoung.co.kr/store/goods/getGoodsDetail.do?goodsNo=A000000200395&dispCatNo=90000010009&trackingCd=Best_Sellingbest&t_page=랭킹&t_click=판매랭킹_향수_상품상세&t_number=36
향수,37,라끌랑,라끌랑 옴므퍼퓸 기획 2종 택 1(본품50ml+블루2.7ml+코튼2.7ml),https://www.oliveyoung.co.kr/store/goods/getGoodsDetail.do?goodsNo=A000000196079&dispCatNo=90000010009&trackingCd=Best_Sellingbest&t_page=랭킹&t_click=판매랭킹_향수_상품상세&t_number=37
향수,38,클린,클린 스프링 브리즈 EDP 30ml,https://www.oliveyoung.co.kr/store/goods/getGoodsDetail.do?goodsNo=A000000203960&dispCatNo=90000010009&trackingCd=Best_Sellingbest&t_page=랭킹&t_click=판매랭킹_향수_상품상세&t_number=38
향수,39,클린,클린 스프링 브리즈 EDP 60ml,https://www.oliveyoung.co.kr/store/goods/getGoodsDetail.do?goodsNo=A000000203957&dispCatNo=90000010009&trackingCd=Best_Sellingbest&t_page=랭킹&t_click=판매랭킹_향수_상품상세&t_number=39
향수,40,끌로에,[NEW] 끌로에 노마드 EDP 30ml,https://www.oliveyoung.co.kr/store/goods/getGoodsDetail.do?goodsNo=A000000203627&dispCatNo=90000010009&trackingCd=Best_Sellingbest&t_page=랭킹&t_click=판매랭킹_향수_상품상세&t_number=40
향수,41,,토리버치 디바인 문 EDP 10ml,https://www.oliveyoung.co.kr/store/goods/getGoodsDetail.do?goodsNo=A000000203619&dispCatNo=90000010009&trackingCd=Best_Sellingbest&t_page=랭킹&t_click=판매랭킹_향수_상품상세&t_number=41
향수,42,,토리버치 디바인 문 EDP 50ml,https://www.oliveyoung.co.kr/store/goods/getGoodsDetail.do?goodsNo=A000000203618&dispCatNo=90000010009&trackingCd=Best_Sellingbest&t_page=랭킹&t_click=판매랭킹_향수_상품상세&t_number=42
향수,43,,토리버치 디바인 문 EDP 90ml,https://www.oliveyoung.co.kr/store/goods/getGoodsDetail.do?goodsNo=A000000203617&dispCatNo=90000010009&trackingCd=Best_Sellingbest&t_page=랭킹&t_click=판매랭킹_향수_상품상세&t_number=43
향수,44,,토리버치 미스틱 제라늄 EDP 10ml,https://www.oliveyoung.co.kr/store/goods/getGoodsDetail.do?goodsNo=A000000203616&dispCatNo=90000010009&trackingCd=Best_Sellingbest&t_page=랭킹&t_click=판매랭킹_향수_상품상세&t_number=44
향수,45,,토리버치 미스틱 제라늄 EDP 50ml,https://www.oliveyoung.co.kr/store/goods/getGoodsDetail.do?goodsNo=A000000203615&dispCatNo=90000010009&trackingCd=Best_Sellingbest&t_page=랭킹&t_click=판매랭킹_향수_상품상세&t_number=45
향수,46,,토리버치 미스틱 제라늄 EDP 90ml,https://www.oliveyoung.co.kr/store/goods/getGoodsDetail.do?goodsNo=A000000203612&dispCatNo=90000010009&trackingCd=Best_Sellingbest&t_page=랭킹&t_click=판매랭킹_향수_상품상세&t_number=46
향수,47,,토리버치 수블림 로즈 EDP 50ml,https://www.oliveyoung.co.kr/store/goods/getGoodsDetail.do?goodsNo=A000000203611&dispCatNo=90000010009&trackingCd=Best_Sellingbest&t_page=랭킹&t_click=판매랭킹_향수_상품상세&t_number=47
향수,48,,토리버치 수블림 로즈 EDP 90ml,https://www.oliveyoung.co.kr/store/goods/getGoodsDetail.do?goodsNo=A000000203610&dispCatNo=90000010009&trackingCd=Best_Sellingbest&t_page=랭킹&t_click=판매랭킹_향수_상품상세&t_number=48
향수,49,,토리버치 수블림 로즈 EDP 10ml,https://www.oliveyoung.co.kr/store/goods/getGoodsDetail.do?goodsNo=A000000203609&dispCatNo=90000010009&trackingCd=Best_Sellingbest&t_page=랭킹&t_click=판매랭킹_향수_상품상세&t_number=49
향수,50,,토리버치 일렉트릭 스카이 EDP 10ml,https://www.oliveyoung.co.kr/store/goods/getGoodsDetail.do?goodsNo=A000000203607&dispCatNo=90000010009&trackingCd=Best_Sellingbest&t_page=랭킹&t_click=판매랭킹_향수_상품상세&t_number=50
향수,51,,토리버치 일렉트릭 스카이 EDP 50ml,https://www.oliveyoung.co.kr/store/goods/getGoodsDetail.do?goodsNo=A000000203606&dispCatNo=90000010009&trackingCd=Best_Sellingbest&t_page=랭킹&t_click=판매랭킹_향수_상품상세&t_number=51
향수,52,,토리버치 일렉트릭 스카이 EDP 90ml,https://www.oliveyoung.co.kr/store/goods/getGoodsDetail.do?goodsNo=A000000203605&dispCatNo=90000010009&trackingCd=Best_Sellingbest&t_page=랭킹&t_click=판매랭킹_향수_상품상세&t_number=52
향수,53,,토리버치 코스믹 우드 EDP 10ml,https://www.oliveyoung.co.kr/store/goods/getGoodsDetail.do?goodsNo=A000000203604&dispCatNo=90000010009&trackingCd=Best_Sellingbest&t_page=랭킹&t_click=판매랭킹_향수_상품상세&t_number=53
향수,54,,토리버치 코스믹 우드 EDP 50ml,https://www.oliveyoung.co.kr/store/goods/getGoodsDetail.do?goodsNo=A000000203603&dispCatNo=90000010009&trackingCd=Best_Sellingbest&t_page=랭킹&t_click=판매랭킹_향수_상품상세&t_number=54
향수,55,,토리버치 코스믹 우드 EDP 90ml,https://www.oliveyoung.co.kr/store/goods/getGoodsDetail.do?goodsNo=A000000203601&dispCatNo=90000010009&trackingCd=Best_Sellingbest&t_page=랭킹&t_click=판매랭킹_향수_상품상세&t_number=55
향수,56,필로소피,[NEW] 필로소피 어메이징 그레이스 발레로즈 EDT 60ml 기획 (+어메이징 그레이스 set 증정),https://www.oliveyoung.co.kr/store/goods/getGoodsDetail.do?goodsNo=A000000203594&dispCatNo=90000010009&trackingCd=Best_Sellingbest&t_page=랭킹&t_click=판매랭킹_향수_상품상세&t_number=56
향수,57,이세이미야케,이세이미야케 남성 향수 베스트&NEW(베티버/라벤더/로디세이 옴므),https://www.oliveyoung.co.kr/store/goods/getGoodsDetail.do?goodsNo=A000000203346&dispCatNo=90000010009&trackingCd=Best_Sellingbest&t_page=랭킹&t_click=판매랭킹_향수_상품상세&t_number=57
향수,58,나르시소 로드리게즈,나르시소 로드리게즈 남성향수 베스트&NEW (블루느와르/베티버 머스크),https://www.oliveyoung.co.kr/store/goods/getGoodsDetail.do?goodsNo=A000000203344&dispCatNo=90000010009&trackingCd=Best_Sellingbest&t_page=랭킹&t_click=판매랭킹_향수_상품상세&t_number=58
향수,59,끌로에,끌로에 루미네즈 EDP 50ml,https://www.oliveyoung.co.kr/store/goods/getGoodsDetail.do?goodsNo=A000000203086&dispCatNo=90000010009&trackingCd=Best_Sellingbest&t_page=랭킹&t_click=판매랭킹_향수_상품상세&t_number=59
향수,60,끌로에,끌로에 루미네즈 EDP 30ml,https://www.oliveyoung.co.kr/store/goods/getGoodsDetail.do?goodsNo=A000000203085&dispCatNo=90000010009&trackingCd=Best_Sellingbest&t_page=랭킹&t_click=판매랭킹_향수_상품상세&t_number=60
향수,61,끌로에,끌로에 루미네즈 EDP 3종 택1 (10ml/30ml/50ml),https://www.oliveyoung.co.kr/store/goods/getGoodsDetail.do?goodsNo=A000000203084&dispCatNo=90000010009&trackingCd=Best_Sellingbest&t_page=랭킹&t_click=판매랭킹_향수_상품상세&t_number=61
향수,62,나르시소 로드리게즈,나르시소 로드리게즈 포 힘 베티버 머스크 EDT 50ml,https://www.oliveyoung.co.kr/store/goods/getGoodsDetail.do?goodsNo=A000000203018&dispCatNo=90000010009&trackingCd=Best_Sellingbest&t_page=랭킹&t_click=판매랭킹_향수_상품상세&t_number=62
향수,63,이세이미야케,이세이미야케 로디세이 뿌르 옴므 솔라 라벤더 EDTI 50ml,https://www.oliveyoung.co.kr/store/goods/getGoodsDetail.do?goodsNo=A000000203017&dispCatNo=90000010009&trackingCd=Best_Sellingbest&t_page=랭킹&t_click=판매랭킹_향수_상품상세&t_number=63
향수,64,이세이미야케,이세이미야케 로디세이 솔라 바이올렛 EDTI 50ml,https://www.oliveyoung.co.kr/store/goods/getGoodsDetail.do?goodsNo=A000000203016&dispCatNo=90000010009&trackingCd=Best_Sellingbest&t_page=랭킹&t_click=판매랭킹_향수_상품상세&t_number=64
향수,65,로맨띠끄,[NEW] 로맨띠끄 오리진 레더 퍼퓸 50ml,https://www.oliveyoung.co.kr/store/goods/getGoodsDetail.do?goodsNo=A000000202753&dispCatNo=90000010009&trackingCd=Best_Sellingbest&t_page=랭킹&t_click=판매랭킹_향수_상품상세&t_number=65
향수,66,로맨띠끄,[NEW] 로맨띠끄 블루 드 옴므 퍼퓸 50ml,https://www.oliveyoung.co.kr/store/goods/getGoodsDetail.do?goodsNo=A000000202752&dispCatNo=90000010009&trackingCd=Best_Sellingbest&t_page=랭킹&t_click=판매랭킹_향수_상품상세&t_number=66
향수,67,아로,아로 니티 허그 EDT 50ml,https://www.oliveyoung.co.kr/store/goods/getGoodsDetail.do?goodsNo=A000000202712&dispCatNo=90000010009&trackingCd=Best_Sellingbest&t_page=랭킹&t_click=판매랭킹_향수_상품상세&t_number=67
향수,68,아로,아로 라잉 아카시아 EDT 50ml,https://www.oliveyoung.co.kr/store/goods/getGoodsDetail.do?goodsNo=A000000202711&dispCatNo=90000010009&trackingCd=Best_Sellingbest&t_page=랭킹&t_click=판매랭킹_향수_상품상세&t_number=68
향수,69,아로,아로 풀 문 블로썸 EDT 50ml,https://www.oliveyoung.co.kr/store/goods/getGoodsDetail.do?goodsNo=A000000202710&dispCatNo=90000010009&trackingCd=Best_Sellingbest&t_page=랭킹&t_click=판매랭킹_향수_상품상세&t_number=69
향수,70,플르부아,플르부아 오드퍼퓸 EDP 30ml 4종 택1,https://www.oliveyoung.co.kr/store/goods/getGoodsDetail.do?goodsNo=A000000202539&dispCatNo=90000010009&trackingCd=Best_Sellingbest&t_page=랭킹&t_click=판매랭킹_향수_상품상세&t_number=70
향수,71,아뜰리에페이,[NEW] 아뜰리에페이 퍼퓸 5종 택 1,https://www.oliveyoung.co.kr/store/goods/getGoodsDetail.do?goodsNo=A000000202395&dispCatNo=90000010009&trackingCd=Best_Sellingbest&t_page=랭킹&t_click=판매랭킹_향수_상품상세&t_number=71
향수,72,아뜰리에페이,아뜰리에페이 퍼퓸 블랙 우드 30ml,https://www.oliveyoung.co.kr/store/goods/getGoodsDetail.do?goodsNo=A000000202393&dispCatNo=90000010009&trackingCd=Best_Sellingbest&t_page=랭킹&t_click=판매랭킹_향수_상품상세&t_number=72
향수,73,아뜰리에페이,아뜰리에페이 퍼퓸 베이비 피치 30ml,https://www.oliveyoung.co.kr/store/goods/getGoodsDetail.do?goodsNo=A000000202392&dispCatNo=90000010009&trackingCd=Best_Sellingbest&t_page=랭킹&t_click=판매랭킹_향수_상품상세&t_number=73
향수,74,아뜰리에페이,아뜰리에페이 퍼퓸 피그 티 30ml,https://www.oliveyoung.co.kr/store/goods/getGoodsDetail.do?goodsNo=A000000202390&dispCatNo=90000010009&trackingCd=Best_Sellingbest&t_page=랭킹&t_click=판매랭킹_향수_상품상세&t_number=74
향수,75,이세이미야케,[첫구매전용]이세이미야케 로디세이 뿌르 옴므 베티버 EDT 엥땅스 100ml,https://www.oliveyoung.co.kr/store/goods/getGoodsDetail.do?goodsNo=A000000201750&dispCatNo=90000010009&trackingCd=Best_Sellingbest&t_page=랭킹&t_click=판매랭킹_향수_상품상세&t_number=75
향수,76,이세이미야케,[첫구매전용]이세이미야케 로디세이 뿌르 옴므 오&세드르 EDT 엥땅스 50ml,https://www.oliveyoung.co.kr/store/goods/getGoodsDetail.do?goodsNo=A000000201749&dispCatNo=90000010009&trackingCd=Best_Sellingbest&t_page=랭킹&t_click=판매랭킹_향수_상품상세&t_number=76
향수,77,리베르,리베르 오 드 퍼퓸 플라워 소사이어티 30ml,https://www.oliveyoung.co.kr/store/goods/getGoodsDetail.do?goodsNo=A000000201228&dispCatNo=90000010009&trackingCd=Best_Sellingbest&t_page=랭킹&t_click=판매랭킹_향수_상품상세&t_number=77
향수,78,리베르,리베르 오 드 퍼퓸 티 슬로우 30ml,https://www.oliveyoung.co.kr/store/goods/getGoodsDetail.do?goodsNo=A000000201227&dispCatNo=90000010009&trackingCd=Best_Sellingbest&t_page=랭킹&t_click=판매랭킹_향수_상품상세&t_number=78
향수,79,리베르,리베르 오 드 퍼퓸 스팀 글로스 30ml,https://www.oliveyoung.co.kr/store/goods/getGoodsDetail.do?goodsNo=A000000201216&dispCatNo=90000010009&trackingCd=Best_Sellingbest&t_page=랭킹&t_click=판매랭킹_향수_상품상세&t_number=79
향수,80,리베르,리베르  오 드 퍼퓸 아트 북 30ml,https://www.oliveyoung.co.kr/store/goods/getGoodsDetail.do?goodsNo=A000000201215&dispCatNo=90000010009&trackingCd=Best_Sellingbest&t_page=랭킹&t_click=판매랭킹_향수_상품상세&t_number=80
향수,81,모멘센트,[NEW]모멘센트 레인온보우즈 크림퍼퓸 30ml,https://www.oliveyoung.co.kr/store/goods/getGoodsDetail.do?goodsNo=A000000201190&dispCatNo=90000010009&trackingCd=Best_Sellingbest&t_page=랭킹&t_click=판매랭킹_향수_상품상세&t_number=81
향수,82,모멘센트,[NEW]모멘센트 님트리 크림퍼퓸 30ml,https://www.oliveyoung.co.kr/store/goods/getGoodsDetail.do?goodsNo=A000000201171&dispCatNo=90000010009&trackingCd=Best_Sellingbest&t_page=랭킹&t_click=판매랭킹_향수_상품상세&t_number=82
향수,83,모멘센트,[NEW]모멘센트 레인온보우즈 오드퍼퓸 50ml,https://www.oliveyoung.co.kr/store/goods/getGoodsDetail.do?goodsNo=A000000201170&dispCatNo=90000010009&trackingCd=Best_Sellingbest&t_page=랭킹&t_click=판매랭킹_향수_상품상세&t_number=83
향수,84,모멘센트,[NEW]모멘센트 님트리 오드퍼퓸 50ml,https://www.oliveyoung.co.kr/store/goods/getGoodsDetail.do?goodsNo=A000000201168&dispCatNo=90000010009&trackingCd=Best_Sellingbest&t_page=랭킹&t_click=판매랭킹_향수_상품상세&t_number=84
향수,85,헉슬리,[NEW]헉슬리 퍼퓸 로즈 피커 15ml (단품/기획),https://www.oliveyoung.co.kr/store/goods/getGoodsDetail.do?goodsNo=A000000201147&dispCatNo=90000010009&trackingCd=Best_Sellingbest&t_page=랭킹&t_click=판매랭킹_향수_상품상세&t_number=85
향수,86,헉슬리,[NEW]헉슬리 퍼퓸 선셋포그 15ml (단품/기획),https://www.oliveyoung.co.kr/store/goods/getGoodsDetail.do?goodsNo=A000000201146&dispCatNo=90000010009&trackingCd=Best_Sellingbest&t_page=랭킹&t_click=판매랭킹_향수_상품상세&t_number=86
향수,87,헉슬리,[NEW]헉슬리 퍼퓸 포트브레스 15ml (단품/기획),https://www.oliveyoung.co.kr/store/goods/getGoodsDetail.do?goodsNo=A000000201145&dispCatNo=90000010009&trackingCd=Best_Sellingbest&t_page=랭킹&t_click=판매랭킹_향수_상품상세&t_number=87
향수,88,4711,[NEW] 4711 EDC 50ml 4종 택 1,https://www.oliveyoung.co.kr/store/goods/getGoodsDetail.do?goodsNo=A000000201105&dispCatNo=90000010009&trackingCd=Best_Sellingbest&t_page=랭킹&t_click=판매랭킹_향수_상품상세&t_number=88
향수,89,모멘센트,[NEW]모멘센트 오드퍼퓸 50ml 3종 택1,https://www.oliveyoung.co.kr/store/goods/getGoodsDetail.do?goodsNo=A000000200995&dispCatNo=90000010009&trackingCd=Best_Sellingbest&t_page=랭킹&t_click=판매랭킹_향수_상품상세&t_number=89
향수,90,캘빈클라인,CK 캘빈클라인 에브리원 EDT 50ml,https://www.oliveyoung.co.kr/store/goods/getGoodsDetail.do?goodsNo=A000000200781&dispCatNo=90000010009&trackingCd=Best_Sellingbest&t_page=랭킹&t_click=판매랭킹_향수_상품상세&t_number=90
향수,91,캘빈클라인,CK 캘빈클라인 에브리원 EDT 100ml,https://www.oliveyoung.co.kr/store/goods/getGoodsDetail.do?goodsNo=A000000200799&dispCatNo=90000010009&trackingCd=Best_Sellingbest&t_page=랭킹&t_click=판매랭킹_향수_상품상세&t_number=91
향수,92,끌로에,끌로에 노마드 EDT 50ml,https://www.oliveyoung.co.kr/store/goods/getGoodsDetail.do?goodsNo=A000000200780&dispCatNo=90000010009&trackingCd=Best_Sellingbest&t_page=랭킹&t_click=판매랭킹_향수_상품상세&t_number=92
향수,93,아리아나그란데,[NEW]아리아나그란데 클라우드 핑크 EDP 30ml,https://www.oliveyoung.co.kr/store/goods/getGoodsDetail.do?goodsNo=A000000200753&dispCatNo=90000010009&trackingCd=Best_Sellingbest&t_page=랭킹&t_click=판매랭킹_향수_상품상세&t_number=93
향수,94,오브제,"오브제 퍼퓸 50ml 3종 택 1 (스모키 레더, 재즈머스크, 베르가못 레인)",https://www.oliveyoung.co.kr/store/goods/getGoodsDetail.do?goodsNo=A000000200751&dispCatNo=90000010009&trackingCd=Best_Sellingbest&t_page=랭킹&t_click=판매랭킹_향수_상품상세&t_number=94
향수,95,아닐로,[기프트백 포함]아닐로 엠버528 센트밤 5g,https://www.oliveyoung.co.kr/store/goods/getGoodsDetail.do?goodsNo=B000000200479&dispCatNo=90000010009&trackingCd=Best_Sellingbest&t_page=랭킹&t_click=판매랭킹_향수_상품상세&t_number=95
향수,96,아닐로,[기프트백 포함]아닐로 피그위스키 센트밤 5g,https://www.oliveyoung.co.kr/store/goods/getGoodsDetail.do?goodsNo=B000000200478&dispCatNo=90000010009&trackingCd=Best_Sellingbest&t_page=랭킹&t_click=판매랭킹_향수_상품상세&t_number=96
향수,97,아닐로,[기프트백 포함]아닐로 센트밤 5g 2종 중 택1 (엠버528/피그위스키),https://www.oliveyoung.co.kr/store/goods/getGoodsDetail.do?goodsNo=B000000200470&dispCatNo=90000010009&trackingCd=Best_Sellingbest&t_page=랭킹&t_click=판매랭킹_향수_상품상세&t_number=97
향수,98,나르시소 로드리게즈,나르시소 로드리게즈 베스트&NEW (퓨어머스크 / 머스크 누드 택 1),https://www.oliveyoung.co.kr/store/goods/getGoodsDetail.do?goodsNo=A000000200411&dispCatNo=90000010009&trackingCd=Best_Sellingbest&t_page=랭킹&t_click=판매랭킹_향수_상품상세&t_number=98
향수,99,나르시소 로드리게즈,나르시소 로드리게즈 머스크 누드 포 허 EDP (30ml/50ml),https://www.oliveyoung.co.kr/store/goods/getGoodsDetail.do?goodsNo=A000000200410&dispCatNo=90000010009&trackingCd=Best_Sellingbest&t_page=랭킹&t_click=판매랭킹_향수_상품상세&t_number=99
향수,100,나르시소 로드리게즈,나르시소 로드리게즈 머스크 누드 포 허 EDP 50ml,https://www.oliveyoung.co.kr/store/goods/getGoodsDetail.do?goodsNo=A000000200408&dispCatNo=90000010009&trackingCd=Best_Sellingbest&t_page=랭킹&t_click=판매랭킹_향수_상품상세&t_number=100
헤어케어,1,바이브랩,[4월 올영픽/홍현희 PICK] 바이브랩 리바이브 테라피 헤어 스칼프 앤 브로우 앰플 더블기획,https://www.oliveyoung.co.kr/store/goods/getGoodsDetail.do?goodsNo=A000000202370&dispCatNo=90000010009&trackingCd=Best_Sellingbest&t_page=랭킹&t_click=판매랭킹_헤어케어_상품상세&t_number=1
헤어케어,2,어노브,[헤어케어 1위] 어노브 대용량 딥 데미지 트리트먼트 EX 더블/듀오 기획 3종 택1(텐더블룸/웜페탈),https://www.oliveyoung.co.kr/store/goods/getGoodsDetail.do?goodsNo=A000000171423&dispCatNo=90000010009&trackingCd=Best_Sellingbest&t_page=랭킹&t_click=판매랭킹_헤어케어_상품상세&t_number=2
헤어케어,3,아로마티카,[4월올영픽/1+1] 아로마티카 로즈마리 스칼프 스케일링 샴푸 400ml+400ml 더블기획,https://www.oliveyoung.co.kr/store/goods/getGoodsDetail.do?goodsNo=A000000202497&dispCatNo=90000010009&trackingCd=Best_Sellingbest&t_page=랭킹&t_click=판매랭킹_헤어케어_상품상세&t_number=3
헤어케어,4,어노브,[2023 어워즈 헤어케어 1위]어노브 딥 데미지 트리트먼트 EX (본품207ml+100ml 추가 증정),https://www.oliveyoung.co.kr/store/goods/getGoodsDetail.do?goodsNo=A000000154169&dispCatNo=90000010009&trackingCd=Best_Sellingbest&t_page=랭킹&t_click=판매랭킹_헤어케어_상품상세&t_number=4
헤어케어,5,미쟝센,[카리나PICK] 미쟝센 살롱10 프로페셔널 시카 프로틴 트리트먼트 215ml*2입 더블기획,https://www.oliveyoung.co.kr/store/goods/getGoodsDetail.do?goodsNo=A000000200540&dispCatNo=90000010009&trackingCd=Best_Sellingbest&t_page=랭킹&t_click=판매랭킹_헤어케어_상품상세&t_number=5
헤어케어,6,라보에이치,[4월 올영픽]라보에이치 두피강화클리닉 샴푸 탈모증상완화 750ml 기획(+100ml 증정),https://www.oliveyoung.co.kr/store/goods/getGoodsDetail.do?goodsNo=A000000202412&dispCatNo=90000010009&trackingCd=Best_Sellingbest&t_page=랭킹&t_click=판매랭킹_헤어케어_상품상세&t_number=6
헤어케어,7,바이브랩,[4월 올영픽/홍현희 PICK]바이브랩 리바이브 테라피 헤어 스칼프 인핸싱 폼 100ml 기획(+33ml 증정),https://www.oliveyoung.co.kr/store/goods/getGoodsDetail.do?goodsNo=A000000202357&dispCatNo=90000010009&trackingCd=Best_Sellingbest&t_page=랭킹&t_click=판매랭킹_헤어케어_상품상세&t_number=7
헤어케어,8,모로칸오일,[대용량] 모로칸오일 헤어 트리트먼트 100ml(펌프포함) 택1 (오리지널/라이트),https://www.oliveyoung.co.kr/store/goods/getGoodsDetail.do?goodsNo=A000000198526&dispCatNo=90000010009&trackingCd=Best_Sellingbest&t_page=랭킹&t_click=판매랭킹_헤어케어_상품상세&t_number=8
헤어케어,9,어노브,어노브 히팅 가드 노워시 트리트먼트 147ml (극손상모 헤어팩),https://www.oliveyoung.co.kr/store/goods/getGoodsDetail.do?goodsNo=A000000154190&dispCatNo=90000010009&trackingCd=Best_Sellingbest&t_page=랭킹&t_click=판매랭킹_헤어케어_상품상세&t_number=9
헤어케어,10,라보에이치,[4월 올영픽]라보에이치 두피강화클리닉 캡슐트리트먼트 탈모증상완화 200ml 더블기획(+50ml 증정),https://www.oliveyoung.co.kr/store/goods/getGoodsDetail.do?goodsNo=A000000202411&dispCatNo=90000010009&trackingCd=Best_Sellingbest&t_page=랭킹&t_click=판매랭킹_헤어케어_상품상세&t_number=10
헤어케어,11,라보에이치,[올영단독/대용량] 라보에이치 두피강화샴푸 탈모증상완화 750ML 리필 기획 (+600ML 리필),https://www.oliveyoung.co.kr/store/goods/getGoodsDetail.do?goodsNo=A000000197901&dispCatNo=90000010009&trackingCd=Best_Sellingbest&t_page=랭킹&t_click=판매랭킹_헤어케어_상품상세&t_number=11
헤어케어,12,어노브,[단독기획] 어노브 워터 에센스 미스트 200ml+30ml 증정 기획(뿌리는 에센스),https://www.oliveyoung.co.kr/store/goods/getGoodsDetail.do?goodsNo=A000000188767&dispCatNo=90000010009&trackingCd=Best_Sellingbest&t_page=랭킹&t_click=판매랭킹_헤어케어_상품상세&t_number=12
헤어케어,13,미쟝센,[염색약1위] [블랙핑크PICK] 미쟝센 헬로버블 13컬러 및 더블기획 2종,https://www.oliveyoung.co.kr/store/goods/getGoodsDetail.do?goodsNo=A000000168642&dispCatNo=90000010009&trackingCd=Best_Sellingbest&t_page=랭킹&t_click=판매랭킹_헤어케어_상품상세&t_number=13
헤어케어,14,달리프,[1등 헤어토닉]달리프 클로렐라 헤어토닉 더블 기획(100ml+100ml)(탈모증상완화),https://www.oliveyoung.co.kr/store/goods/getGoodsDetail.do?goodsNo=A000000180613&dispCatNo=90000010009&trackingCd=Best_Sellingbest&t_page=랭킹&t_click=판매랭킹_헤어케어_상품상세&t_number=14
헤어케어,15,츠바키,츠바키 프리미엄 EX 리페어 마스크 180g 더블기획,https://www.oliveyoung.co.kr/store/goods/getGoodsDetail.do?goodsNo=A000000187554&dispCatNo=90000010009&trackingCd=Best_Sellingbest&t_page=랭킹&t_click=판매랭킹_헤어케어_상품상세&t_number=15
헤어케어,16,힐링버드,[트와이스 나연PICK] 힐링버드 노워시 앰플 트리트먼트 본품 200ml+리필 200ml 한정 기획,https://www.oliveyoung.co.kr/store/goods/getGoodsDetail.do?goodsNo=A000000158128&dispCatNo=90000010009&trackingCd=Best_Sellingbest&t_page=랭킹&t_click=판매랭킹_헤어케어_상품상세&t_number=16
헤어케어,17,어노브,어노브 실크 오일 에센스 70ml (단백질 헤어 에센스),https://www.oliveyoung.co.kr/store/goods/getGoodsDetail.do?goodsNo=A000000154188&dispCatNo=90000010009&trackingCd=Best_Sellingbest&t_page=랭킹&t_click=판매랭킹_헤어케어_상품상세&t_number=17
헤어케어,18,라보에이치,[4월 올영픽]라보에이치 두피강화클리닉 앰플토닉 탈모증상완화 100ml 리필 기획,https://www.oliveyoung.co.kr/store/goods/getGoodsDetail.do?goodsNo=A000000202413&dispCatNo=90000010009&trackingCd=Best_Sellingbest&t_page=랭킹&t_click=판매랭킹_헤어케어_상품상세&t_number=18
헤어케어,19,라우쉬,[4월 올영픽] 라우쉬 콜츠푸트 안티-댄드러프 샴푸 200ml 듀오 기획,https://www.oliveyoung.co.kr/store/goods/getGoodsDetail.do?goodsNo=A000000181247&dispCatNo=90000010009&trackingCd=Best_Sellingbest&t_page=랭킹&t_click=판매랭킹_헤어케어_상품상세&t_number=19
헤어케어,20,미쟝센,[2023 어워즈 헤어염색 1위] 블랙핑크x미쟝센 헬로크림 단품 및 한정기획,https://www.oliveyoung.co.kr/store/goods/getGoodsDetail.do?goodsNo=A000000140284&dispCatNo=90000010009&trackingCd=Best_Sellingbest&t_page=랭킹&t_click=판매랭킹_헤어케어_상품상세&t_number=20
헤어케어,21,라보에이치,[대용량] 라보에이치 퍼퓸에디션 두피강화 샴푸 750ml/트리트먼트 200ml [페어앤프리지아/블랑쉬앤우디] 택1,https://www.oliveyoung.co.kr/store/goods/getGoodsDetail.do?goodsNo=A000000188089&dispCatNo=90000010009&trackingCd=Best_Sellingbest&t_page=랭킹&t_click=판매랭킹_헤어케어_상품상세&t_number=21
헤어케어,22,라보에이치,[4월 올영픽]라보에이치 두피강화클리닉 헤어라인앰플 탈모증상완화 더블기획,https://www.oliveyoung.co.kr/store/goods/getGoodsDetail.do?goodsNo=A000000202414&dispCatNo=90000010009&trackingCd=Best_Sellingbest&t_page=랭킹&t_click=판매랭킹_헤어케어_상품상세&t_number=22
헤어케어,23,어노브,어노브 딥 데미지 리페어 샴푸 500g (단백질 앰플 샴푸),https://www.oliveyoung.co.kr/store/goods/getGoodsDetail.do?goodsNo=A000000180872&dispCatNo=90000010009&trackingCd=Best_Sellingbest&t_page=랭킹&t_click=판매랭킹_헤어케어_상품상세&t_number=23
헤어케어,24,헤드앤숄더,헤드앤숄더 가려운 두피케어 샴푸 500ml 더블 기획,https://www.oliveyoung.co.kr/store/goods/getGoodsDetail.do?goodsNo=A000000192554&dispCatNo=90000010009&trackingCd=Best_Sellingbest&t_page=랭킹&t_click=판매랭킹_헤어케어_상품상세&t_number=24
헤어케어,25,츠바키,츠바키 프리미엄 볼륨 & 리페어 샴푸 컨디셔너 2종 세트(샴푸 리필 330ml 증정),https://www.oliveyoung.co.kr/store/goods/getGoodsDetail.do?goodsNo=A000000175017&dispCatNo=90000010009&trackingCd=Best_Sellingbest&t_page=랭킹&t_click=판매랭킹_헤어케어_상품상세&t_number=25
헤어케어,26,닥터포헤어,[두피 안티에이징]닥터포헤어 헤리티지 샴푸 300ml기획/750단품 6종 택1,https://www.oliveyoung.co.kr/store/goods/getGoodsDetail.do?goodsNo=A000000198974&dispCatNo=90000010009&trackingCd=Best_Sellingbest&t_page=랭킹&t_click=판매랭킹_헤어케어_상품상세&t_number=26
헤어케어,27,졸렌,졸렌 크림 블리치 마일드 (탈색),https://www.oliveyoung.co.kr/store/goods/getGoodsDetail.do?goodsNo=A000000103041&dispCatNo=90000010009&trackingCd=Best_Sellingbest&t_page=랭킹&t_click=판매랭킹_헤어케어_상품상세&t_number=27
헤어케어,28,박준뷰티랩,[3월 올영픽 단독기획] 박준뷰티랩 LPP 단백질 트리트먼트 1000ml+350ml (추가증정),https://www.oliveyoung.co.kr/store/goods/getGoodsDetail.do?goodsNo=A000000131515&dispCatNo=90000010009&trackingCd=Best_Sellingbest&t_page=랭킹&t_click=판매랭킹_헤어케어_상품상세&t_number=28
헤어케어,29,로레알,"[한소희PICK]로레알파리 엑셀랑스 크림 11 colors (염색,새치 겸용)",https://www.oliveyoung.co.kr/store/goods/getGoodsDetail.do?goodsNo=A000000134500&dispCatNo=90000010009&trackingCd=Best_Sellingbest&t_page=랭킹&t_click=판매랭킹_헤어케어_상품상세&t_number=29
헤어케어,30,에뛰드,에뛰드 팡팡 헤어 섀도우 3.5G [다크브라운/라이트브라운/블랙] 3종 택1,https://www.oliveyoung.co.kr/store/goods/getGoodsDetail.do?goodsNo=A000000173807&dispCatNo=90000010009&trackingCd=Best_Sellingbest&t_page=랭킹&t_click=판매랭킹_헤어케어_상품상세&t_number=30
헤어케어,31,미쟝센,미쟝센 퍼펙트 오리지널 세럼 110ML 더블 어워즈 한정기획(+세럼 30ML),https://www.oliveyoung.co.kr/store/goods/getGoodsDetail.do?goodsNo=A000000192833&dispCatNo=90000010009&trackingCd=Best_Sellingbest&t_page=랭킹&t_click=판매랭킹_헤어케어_상품상세&t_number=31
헤어케어,32,바이브랩,[4월 올영픽/홍현희 PICK] 바이브랩 리바이 솔루션 안티 헤어 로스 스칼프 샴푸 500ml,https://www.oliveyoung.co.kr/store/goods/getGoodsDetail.do?goodsNo=A000000202356&dispCatNo=90000010009&trackingCd=Best_Sellingbest&t_page=랭킹&t_click=판매랭킹_헤어케어_상품상세&t_number=32
헤어케어,33,커리쉴,커리쉴 에프터 살롱 케어 헤어 리페어 앰플 100ml,https://www.oliveyoung.co.kr/store/goods/getGoodsDetail.do?goodsNo=A000000202554&dispCatNo=90000010009&trackingCd=Best_Sellingbest&t_page=랭킹&t_click=판매랭킹_헤어케어_상품상세&t_number=33
헤어케어,34,아로마티카,[4월올영픽] 아로마티카 로즈마리 헤어 씨크닝 컨디셔너 400ml(NEW),https://www.oliveyoung.co.kr/store/goods/getGoodsDetail.do?goodsNo=A000000202498&dispCatNo=90000010009&trackingCd=Best_Sellingbest&t_page=랭킹&t_click=판매랭킹_헤어케어_상품상세&t_number=34
헤어케어,35,라우쉬,라우쉬 샴푸 200ml 8종 택1 (스위스허벌/윌로우바크/콜츠푸트/씨위드/멜로우/아보카도/에그오일),https://www.oliveyoung.co.kr/store/goods/getGoodsDetail.do?goodsNo=A000000186181&dispCatNo=90000010009&trackingCd=Best_Sellingbest&t_page=랭킹&t_click=판매랭킹_헤어케어_상품상세&t_number=35
헤어케어,36,아로마티카,[4월올영픽/1+1] 아로마티카 로즈마리 루트 인핸서 100ml+100ml 더블 기획,https://www.oliveyoung.co.kr/store/goods/getGoodsDetail.do?goodsNo=A000000189141&dispCatNo=90000010009&trackingCd=Best_Sellingbest&t_page=랭킹&t_click=판매랭킹_헤어케어_상품상세&t_number=36
헤어케어,37,코랩,[비건]코랩 드라이샴푸 유니콘 200ml(자두&바닐라향),https://www.oliveyoung.co.kr/store/goods/getGoodsDetail.do?goodsNo=A000000111827&dispCatNo=90000010009&trackingCd=Best_Sellingbest&t_page=랭킹&t_click=판매랭킹_헤어케어_상품상세&t_number=37
헤어케어,38,미쟝센,[NEW] 미쟝센 컬링에센스 2X 볼륨컬/내추럴컬 230ml 택1,https://www.oliveyoung.co.kr/store/goods/getGoodsDetail.do?goodsNo=A000000168640&dispCatNo=90000010009&trackingCd=Best_Sellingbest&t_page=랭킹&t_click=판매랭킹_헤어케어_상품상세&t_number=38
헤어케어,39,보다나,보다나 글램웨이브 봉고데기 36mm 아이보리무드,https://www.oliveyoung.co.kr/store/goods/getGoodsDetail.do?goodsNo=A000000155227&dispCatNo=90000010009&trackingCd=Best_Sellingbest&t_page=랭킹&t_click=판매랭킹_헤어케어_상품상세&t_number=39
헤어케어,40,닥터그루트,[김지영PICK] 닥터그루트 아쿠아 딥클린 탈모증상완화 샴푸 330ml+100ml 증정 기획 (지성두피/가려운두피),https://www.oliveyoung.co.kr/store/goods/getGoodsDetail.do?goodsNo=A000000202610&dispCatNo=90000010009&trackingCd=Best_Sellingbest&t_page=랭킹&t_click=판매랭킹_헤어케어_상품상세&t_number=40
헤어케어,41,로레알,[바다Pick]로레알파리 토탈리페어5 트리트먼트 헤어팩 3종 택1,https://www.oliveyoung.co.kr/store/goods/getGoodsDetail.do?goodsNo=A000000107336&dispCatNo=90000010009&trackingCd=Best_Sellingbest&t_page=랭킹&t_click=판매랭킹_헤어케어_상품상세&t_number=41
헤어케어,42,올라플렉스,올라플렉스 No.3 헤어 퍼펙터 100ml,https://www.oliveyoung.co.kr/store/goods/getGoodsDetail.do?goodsNo=A000000185282&dispCatNo=90000010009&trackingCd=Best_Sellingbest&t_page=랭킹&t_click=판매랭킹_헤어케어_상품상세&t_number=42
헤어케어,43,아로마티카,[4월올영픽] 아로마티카 로즈마리 솔트 스크럽 샴푸 300g 기획(+ 컨디셔너 100ml 증정),https://www.oliveyoung.co.kr/store/goods/getGoodsDetail.do?goodsNo=A000000189140&dispCatNo=90000010009&trackingCd=Best_Sellingbest&t_page=랭킹&t_click=판매랭킹_헤어케어_상품상세&t_number=43
헤어케어,44,로레알,[한소희PICK]로레알파리 헤어오일 9종,https://www.oliveyoung.co.kr/store/goods/getGoodsDetail.do?goodsNo=A000000140183&dispCatNo=90000010009&trackingCd=Best_Sellingbest&t_page=랭킹&t_click=판매랭킹_헤어케어_상품상세&t_number=44
헤어케어,45,에퓨놀,[단독기획] 에퓨놀 바이옴 샴푸 500ml+100ml 기획세트,https://www.oliveyoung.co.kr/store/goods/getGoodsDetail.do?goodsNo=A000000173174&dispCatNo=90000010009&trackingCd=Best_Sellingbest&t_page=랭킹&t_click=판매랭킹_헤어케어_상품상세&t_number=45
헤어케어,46,힐링버드,[리뉴얼] 힐링버드 리바이브 단백질 트리트먼트 200ml 1+1 기획세트,https://www.oliveyoung.co.kr/store/goods/getGoodsDetail.do?goodsNo=A000000200506&dispCatNo=90000010009&trackingCd=Best_Sellingbest&t_page=랭킹&t_click=판매랭킹_헤어케어_상품상세&t_number=46
헤어케어,47,닥터포헤어,닥터포헤어 폴리젠 토닉 120ml,https://www.oliveyoung.co.kr/store/goods/getGoodsDetail.do?goodsNo=A000000118209&dispCatNo=90000010009&trackingCd=Best_Sellingbest&t_page=랭킹&t_click=판매랭킹_헤어케어_상품상세&t_number=47
헤어케어,48,그로우어스,그로우어스 데미지 테라피 샴푸 500ml 기획(+크림트리트먼트 21ml 증정),https://www.oliveyoung.co.kr/store/goods/getGoodsDetail.do?goodsNo=A000000188580&dispCatNo=90000010009&trackingCd=Best_Sellingbest&t_page=랭킹&t_click=판매랭킹_헤어케어_상품상세&t_number=48
헤어케어,49,포뷰트,포뷰트 시그니처 헤어퍼퓸 50ml 애프터선셋,https://www.oliveyoung.co.kr/store/goods/getGoodsDetail.do?goodsNo=A000000200808&dispCatNo=90000010009&trackingCd=Best_Sellingbest&t_page=랭킹&t_click=판매랭킹_헤어케어_상품상세&t_number=49
헤어케어,50,어노브,[단독기획] 어노브 노워시 워터 앰플 트리트먼트 200ml+50ml증정 기획(뿌리는 헤어팩),https://www.oliveyoung.co.kr/store/goods/getGoodsDetail.do?goodsNo=A000000171425&dispCatNo=90000010009&trackingCd=Best_Sellingbest&t_page=랭킹&t_click=판매랭킹_헤어케어_상품상세&t_number=50
헤어케어,51,팬틴,팬틴 극손상케어&실키스무드케어 샴푸/린스 500ml (4종 택1),https://www.oliveyoung.co.kr/store/goods/getGoodsDetail.do?goodsNo=A000000015922&dispCatNo=90000010009&trackingCd=Best_Sellingbest&t_page=랭킹&t_click=판매랭킹_헤어케어_상품상세&t_number=51
헤어케어,52,려,려 우아채멋내기새치크림 (3회분/염색+새치겸용) 6종 택1,https://www.oliveyoung.co.kr/store/goods/getGoodsDetail.do?goodsNo=A000000136930&dispCatNo=90000010009&trackingCd=Best_Sellingbest&t_page=랭킹&t_click=판매랭킹_헤어케어_상품상세&t_number=52
헤어케어,53,클로란,클로란 피오니 두피팩 150ml 기획 (+키티버니포니 파우치),https://www.oliveyoung.co.kr/store/goods/getGoodsDetail.do?goodsNo=A000000200401&dispCatNo=90000010009&trackingCd=Best_Sellingbest&t_page=랭킹&t_click=판매랭킹_헤어케어_상품상세&t_number=53
헤어케어,54,미쟝센,[NEW] 미쟝센 퍼펙트 세럼 80ml [오리지널/스타일링/워터리/리치] 4종 택1,https://www.oliveyoung.co.kr/store/goods/getGoodsDetail.do?goodsNo=A000000164902&dispCatNo=90000010009&trackingCd=Best_Sellingbest&t_page=랭킹&t_click=판매랭킹_헤어케어_상품상세&t_number=54
헤어케어,55,저스트에즈아이엠,[4월올영픽/꼼나나PICK] 아이엠 샴푸 인텐시브 스칼프 케어 (480ml 3종/700ml 2종 택1),https://www.oliveyoung.co.kr/store/goods/getGoodsDetail.do?goodsNo=A000000182696&dispCatNo=90000010009&trackingCd=Best_Sellingbest&t_page=랭킹&t_click=판매랭킹_헤어케어_상품상세&t_number=55
헤어케어,56,제이숲,[유시은PICK] 제이숲 실크 케라틴 워터팩 2X 200g 기획(+워터팩 50g 증정),https://www.oliveyoung.co.kr/store/goods/getGoodsDetail.do?goodsNo=A000000199126&dispCatNo=90000010009&trackingCd=Best_Sellingbest&t_page=랭킹&t_click=판매랭킹_헤어케어_상품상세&t_number=56
헤어케어,57,클로란,클로란 네틀 노세범 샴푸 400ml (극지성두피),https://www.oliveyoung.co.kr/store/goods/getGoodsDetail.do?goodsNo=A000000152159&dispCatNo=90000010009&trackingCd=Best_Sellingbest&t_page=랭킹&t_click=판매랭킹_헤어케어_상품상세&t_number=57
헤어케어,58,로레알,"[한소희PICK]로레알파리 엑셀랑스 듀오크림 9 colors (염색,새치 겸용)",https://www.oliveyoung.co.kr/store/goods/getGoodsDetail.do?goodsNo=A000000135112&dispCatNo=90000010009&trackingCd=Best_Sellingbest&t_page=랭킹&t_click=판매랭킹_헤어케어_상품상세&t_number=58
헤어케어,59,미쟝센,미쟝센 살롱10염색약 8color (염색+새치겸용),https://www.oliveyoung.co.kr/store/goods/getGoodsDetail.do?goodsNo=A000000168645&dispCatNo=90000010009&trackingCd=Best_Sellingbest&t_page=랭킹&t_click=판매랭킹_헤어케어_상품상세&t_number=59
헤어케어,60,미쟝센,미쟝센 올뉴 쉽고 빠른 거품염색 80G 택1,https://www.oliveyoung.co.kr/store/goods/getGoodsDetail.do?goodsNo=A000000202416&dispCatNo=90000010009&trackingCd=Best_Sellingbest&t_page=랭킹&t_click=판매랭킹_헤어케어_상품상세&t_number=60
헤어케어,61,모로칸오일,모로칸오일 헤어 트리트먼트 라이트 50ml (펌프 포함),https://www.oliveyoung.co.kr/store/goods/getGoodsDetail.do?goodsNo=A000000145031&dispCatNo=90000010009&trackingCd=Best_Sellingbest&t_page=랭킹&t_click=판매랭킹_헤어케어_상품상세&t_number=61
헤어케어,62,리파,[엔믹스 Pick] 리파 하트 브러시 7종 택1,https://www.oliveyoung.co.kr/store/goods/getGoodsDetail.do?goodsNo=A000000189203&dispCatNo=90000010009&trackingCd=Best_Sellingbest&t_page=랭킹&t_click=판매랭킹_헤어케어_상품상세&t_number=62
헤어케어,63,헤어플러스,[앰플 15ml 2개 증정]헤어플러스 단백질 본드 워터에센스 기획세트(200ml+200ml),https://www.oliveyoung.co.kr/store/goods/getGoodsDetail.do?goodsNo=A000000190713&dispCatNo=90000010009&trackingCd=Best_Sellingbest&t_page=랭킹&t_click=판매랭킹_헤어케어_상품상세&t_number=63
헤어케어,64,츠바키,[1+1] 츠바키 프리미엄 볼륨&리페어 트리트먼트 180g (+하나 더 증정),https://www.oliveyoung.co.kr/store/goods/getGoodsDetail.do?goodsNo=A000000200627&dispCatNo=90000010009&trackingCd=Best_Sellingbest&t_page=랭킹&t_click=판매랭킹_헤어케어_상품상세&t_number=64
헤어케어,65,이지엔,이지엔 푸딩헤어컬러 2.1T 블루블랙,https://www.oliveyoung.co.kr/store/goods/getGoodsDetail.do?goodsNo=A000000189535&dispCatNo=90000010009&trackingCd=Best_Sellingbest&t_page=랭킹&t_click=판매랭킹_헤어케어_상품상세&t_number=65
헤어케어,66,헤어플러스,헤어플러스 단백질 본드 트리트먼트 210ml(손상모발케어),https://www.oliveyoung.co.kr/store/goods/getGoodsDetail.do?goodsNo=A000000117842&dispCatNo=90000010009&trackingCd=Best_Sellingbest&t_page=랭킹&t_click=판매랭킹_헤어케어_상품상세&t_number=66
헤어케어,67,박준뷰티랩,[3월 올영픽]박준뷰티랩 LPP 단백질 노워시 트리트먼트 헤어팩 200ml+ 80ml (증정기획),https://www.oliveyoung.co.kr/store/goods/getGoodsDetail.do?goodsNo=A000000172064&dispCatNo=90000010009&trackingCd=Best_Sellingbest&t_page=랭킹&t_click=판매랭킹_헤어케어_상품상세&t_number=67
헤어케어,68,갸스비,[NEW] 갸스비 메타러버 왁스 하드 65g,https://www.oliveyoung.co.kr/store/goods/getGoodsDetail.do?goodsNo=A000000183666&dispCatNo=90000010009&trackingCd=Best_Sellingbest&t_page=랭킹&t_click=판매랭킹_헤어케어_상품상세&t_number=68
헤어케어,69,다슈,[용주 Pick] 다슈 포 맨 퍼펙트 다운텍 오리지널,https://www.oliveyoung.co.kr/store/goods/getGoodsDetail.do?goodsNo=A000000200280&dispCatNo=90000010009&trackingCd=Best_Sellingbest&t_page=랭킹&t_click=판매랭킹_헤어케어_상품상세&t_number=69
헤어케어,70,헤드앤숄더,헤드앤숄더 퍼퓸/레몬 샴푸 750ml 택1,https://www.oliveyoung.co.kr/store/goods/getGoodsDetail.do?goodsNo=A000000149299&dispCatNo=90000010009&trackingCd=Best_Sellingbest&t_page=랭킹&t_click=판매랭킹_헤어케어_상품상세&t_number=70
헤어케어,71,팬틴,팬틴 실키 스무드케어 트리트먼트 220ml,https://www.oliveyoung.co.kr/store/goods/getGoodsDetail.do?goodsNo=A000000111969&dispCatNo=90000010009&trackingCd=Best_Sellingbest&t_page=랭킹&t_click=판매랭킹_헤어케어_상품상세&t_number=71
헤어케어,72,모레모 케라틴,모레모 케라틴 헤어 컬러 8종 택1,https://www.oliveyoung.co.kr/store/goods/getGoodsDetail.do?goodsNo=A000000161388&dispCatNo=90000010009&trackingCd=Best_Sellingbest&t_page=랭킹&t_click=판매랭킹_헤어케어_상품상세&t_number=72
헤어케어,73,차홍,차홍 인텐시브 드라이 에센스 80ml (열손상 보호 케어),https://www.oliveyoung.co.kr/store/goods/getGoodsDetail.do?goodsNo=A000000150043&dispCatNo=90000010009&trackingCd=Best_Sellingbest&t_page=랭킹&t_click=판매랭킹_헤어케어_상품상세&t_number=73
헤어케어,74,그로우어스,그로우어스 씨솔트 테라피 샴푸 500g 기획(+ 샴푸 21g 증정),https://www.oliveyoung.co.kr/store/goods/getGoodsDetail.do?goodsNo=A000000188582&dispCatNo=90000010009&trackingCd=Best_Sellingbest&t_page=랭킹&t_click=판매랭킹_헤어케어_상품상세&t_number=74
헤어케어,75,리우젤,리우젤 그루밍 토닉 11.8oz/350ml,https://www.oliveyoung.co.kr/store/goods/getGoodsDetail.do?goodsNo=A000000130518&dispCatNo=90000010009&trackingCd=Best_Sellingbest&t_page=랭킹&t_click=판매랭킹_헤어케어_상품상세&t_number=75
헤어케어,76,닥터포헤어,닥터포헤어 폴리젠 씨솔트 스케일러 300g (탈모기능성),https://www.oliveyoung.co.kr/store/goods/getGoodsDetail.do?goodsNo=A000000141338&dispCatNo=90000010009&trackingCd=Best_Sellingbest&t_page=랭킹&t_click=판매랭킹_헤어케어_상품상세&t_number=76
헤어케어,77,커리쉴,커리쉴 에프터 살롱 케어 헤어팩 트리트먼트 250ml,https://www.oliveyoung.co.kr/store/goods/getGoodsDetail.do?goodsNo=A000000178658&dispCatNo=90000010009&trackingCd=Best_Sellingbest&t_page=랭킹&t_click=판매랭킹_헤어케어_상품상세&t_number=77
헤어케어,78,쿤달,[용량UP]쿤달 허니앤마카다미아 트리트먼트 718ml 3종 택1,https://www.oliveyoung.co.kr/store/goods/getGoodsDetail.do?goodsNo=A000000181572&dispCatNo=90000010009&trackingCd=Best_Sellingbest&t_page=랭킹&t_click=판매랭킹_헤어케어_상품상세&t_number=78
헤어케어,79,실크테라피,[첫구매전용] 실크테라피 프리즈 컨트롤 헤어 크림 50ml,https://www.oliveyoung.co.kr/store/goods/getGoodsDetail.do?goodsNo=A000000202754&dispCatNo=90000010009&trackingCd=Best_Sellingbest&t_page=랭킹&t_click=판매랭킹_헤어케어_상품상세&t_number=79
헤어케어,80,라보에이치,라보에이치 두피강화 크림트리트먼트 탈모증상완화 200ml [블랑쉬앤우디/페어앤프리지아] 택1,https://www.oliveyoung.co.kr/store/goods/getGoodsDetail.do?goodsNo=A000000201603&dispCatNo=90000010009&trackingCd=Best_Sellingbest&t_page=랭킹&t_click=판매랭킹_헤어케어_상품상세&t_number=80
헤어케어,81,라보에이치,라보에이치 탈모증상완화 샴푸 두피강화 노세범 333+50ml,https://www.oliveyoung.co.kr/store/goods/getGoodsDetail.do?goodsNo=A000000166957&dispCatNo=90000010009&trackingCd=Best_Sellingbest&t_page=랭킹&t_click=판매랭킹_헤어케어_상품상세&t_number=81
헤어케어,82,보다나,[고윤정PICK/단독] 보다나 컴팩트 판고데기 28mm 스프링에디션,https://www.oliveyoung.co.kr/store/goods/getGoodsDetail.do?goodsNo=A000000200800&dispCatNo=90000010009&trackingCd=Best_Sellingbest&t_page=랭킹&t_click=판매랭킹_헤어케어_상품상세&t_number=82
헤어케어,83,포레스트스토리,포레스트스토리 슈퍼하드 워터스프레이 252ml,https://www.oliveyoung.co.kr/store/goods/getGoodsDetail.do?goodsNo=A000000007287&dispCatNo=90000010009&trackingCd=Best_Sellingbest&t_page=랭킹&t_click=판매랭킹_헤어케어_상품상세&t_number=83
헤어케어,84,힐링버드,[트와이스 나연PICK] 힐링버드 울트라 프로틴 퍼스트 헤어팩 330ml+리필 200ml 증정 기획,https://www.oliveyoung.co.kr/store/goods/getGoodsDetail.do?goodsNo=A000000179867&dispCatNo=90000010009&trackingCd=Best_Sellingbest&t_page=랭킹&t_click=판매랭킹_헤어케어_상품상세&t_number=84
헤어케어,85,바티스트,[2023 어워즈] 바티스트 드라이샴푸 오리지널 200ml,https://www.oliveyoung.co.kr/store/goods/getGoodsDetail.do?goodsNo=A000000009621&dispCatNo=90000010009&trackingCd=Best_Sellingbest&t_page=랭킹&t_click=판매랭킹_헤어케어_상품상세&t_number=85
헤어케어,86,박준뷰티랩,[3월올영픽]박준뷰티랩 LPP 단백질 헤어오일 105ml (단백질 헤어 에센스),https://www.oliveyoung.co.kr/store/goods/getGoodsDetail.do?goodsNo=A000000169580&dispCatNo=90000010009&trackingCd=Best_Sellingbest&t_page=랭킹&t_click=판매랭킹_헤어케어_상품상세&t_number=86
헤어케어,87,오브제,[덱스 PICK]오브제 멀티 텍스처 컬크림 150ml,https://www.oliveyoung.co.kr/store/goods/getGoodsDetail.do?goodsNo=A000000172994&dispCatNo=90000010009&trackingCd=Best_Sellingbest&t_page=랭킹&t_click=판매랭킹_헤어케어_상품상세&t_number=87
헤어케어,88,다슈,[종석 Pick]다슈 포맨 밤부 포레스트 메가 하드 스프레이 180ml,https://www.oliveyoung.co.kr/store/goods/getGoodsDetail.do?goodsNo=A000000161439&dispCatNo=90000010009&trackingCd=Best_Sellingbest&t_page=랭킹&t_click=판매랭킹_헤어케어_상품상세&t_number=88
헤어케어,89,제이숲,[올영 단독 튤립향 출시] 제이숲 헤어팩 트리트먼트 2X 500ml 기획(+100ml 증정),https://www.oliveyoung.co.kr/store/goods/getGoodsDetail.do?goodsNo=A000000191461&dispCatNo=90000010009&trackingCd=Best_Sellingbest&t_page=랭킹&t_click=판매랭킹_헤어케어_상품상세&t_number=89
헤어케어,90,헤어플러스,헤어플러스 단백질 본드 워터에센스 200ml(뿌리는 에센스),https://www.oliveyoung.co.kr/store/goods/getGoodsDetail.do?goodsNo=A000000122480&dispCatNo=90000010009&trackingCd=Best_Sellingbest&t_page=랭킹&t_click=판매랭킹_헤어케어_상품상세&t_number=90
헤어케어,91,저스트에즈아이엠,[4월올영픽/꼼나나PICK] 아이엠 헤어마스크 N1 데미지드 헤어 리페어 220ml,https://www.oliveyoung.co.kr/store/goods/getGoodsDetail.do?goodsNo=A000000203083&dispCatNo=90000010009&trackingCd=Best_Sellingbest&t_page=랭킹&t_click=판매랭킹_헤어케어_상품상세&t_number=91
헤어케어,92,다슈,다슈 클래식 하드와이어 킵 스프레이 250ml,https://www.oliveyoung.co.kr/store/goods/getGoodsDetail.do?goodsNo=A000000012916&dispCatNo=90000010009&trackingCd=Best_Sellingbest&t_page=랭킹&t_click=판매랭킹_헤어케어_상품상세&t_number=92
헤어케어,93,닥터그루트,[괄사 증정] 닥터그루트 아쿠아 두피 영양 토닉 100ml 한정기획,https://www.oliveyoung.co.kr/store/goods/getGoodsDetail.do?goodsNo=A000000203312&dispCatNo=90000010009&trackingCd=Best_Sellingbest&t_page=랭킹&t_click=판매랭킹_헤어케어_상품상세&t_number=93
헤어케어,94,트리셀,[장도연PICK/1+1기획]트리셀 데이/나이트 콜라겐 샴푸 더블 기획(360ml+360ml) 2종 택 1,https://www.oliveyoung.co.kr/store/goods/getGoodsDetail.do?goodsNo=A000000186200&dispCatNo=90000010009&trackingCd=Best_Sellingbest&t_page=랭킹&t_click=판매랭킹_헤어케어_상품상세&t_number=94
헤어케어,95,이지엔,이지엔 푸딩헤어컬러 옐로우아웃 애쉬토너(AD),https://www.oliveyoung.co.kr/store/goods/getGoodsDetail.do?goodsNo=A000000185472&dispCatNo=90000010009&trackingCd=Best_Sellingbest&t_page=랭킹&t_click=판매랭킹_헤어케어_상품상세&t_number=95
헤어케어,96,헤어플러스,[단독기획]헤어플러스 단백질 본드 앰플 에센스 더블 기획(70ml+70ml),https://www.oliveyoung.co.kr/store/goods/getGoodsDetail.do?goodsNo=A000000125539&dispCatNo=90000010009&trackingCd=Best_Sellingbest&t_page=랭킹&t_click=판매랭킹_헤어케어_상품상세&t_number=96
헤어케어,97,려,[염색후두피케어] 려 루트젠 탈모전문케어 두피에센스 80ml,https://www.oliveyoung.co.kr/store/goods/getGoodsDetail.do?goodsNo=A000000183495&dispCatNo=90000010009&trackingCd=Best_Sellingbest&t_page=랭킹&t_click=판매랭킹_헤어케어_상품상세&t_number=97
헤어케어,98,존프리다,존프리다 프리즈 이즈 미라큘러스 리커버리 샴푸 500mL,https://www.oliveyoung.co.kr/store/goods/getGoodsDetail.do?goodsNo=A000000134287&dispCatNo=90000010009&trackingCd=Best_Sellingbest&t_page=랭킹&t_click=판매랭킹_헤어케어_상품상세&t_number=98
헤어케어,99,존프리다,존프리다 프리즈 이즈 미라큘러스 리커버리 리페어링 컨디셔너 500mL,https://www.oliveyoung.co.kr/store/goods/getGoodsDetail.do?goodsNo=A000000134290&dispCatNo=90000010009&trackingCd=Best_Sellingbest&t_page=랭킹&t_click=판매랭킹_헤어케어_상품상세&t_number=99
헤어케어,100,닥터포헤어,[두피케어]닥터포헤어 피토프레시 스칼프 스케일러 200ml,https://www.oliveyoung.co.kr/store/goods/getGoodsDetail.do?goodsNo=A000000163100&dispCatNo=90000010009&trackingCd=Best_Sellingbest&t_page=랭킹&t_click=판매랭킹_헤어케어_상품상세&t_number=100
바디케어,1,포맨트,포맨트 올인원 퍼퓸샤워 500ml (3종 택1),https://www.oliveyoung.co.kr/store/goods/getGoodsDetail.do?goodsNo=A000000167168&dispCatNo=90000010009&trackingCd=Best_Sellingbest&t_page=랭킹&t_click=판매랭킹_바디케어_상품상세&t_number=1
바디케어,2,스킨유,[올영픽/슈야샤워볼증정] 스킨유 잔향코팅 퍼퓸샤워젤 500g 6종 택 1,https://www.oliveyoung.co.kr/store/goods/getGoodsDetail.do?goodsNo=A000000169834&dispCatNo=90000010009&trackingCd=Best_Sellingbest&t_page=랭킹&t_click=판매랭킹_바디케어_상품상세&t_number=2
바디케어,3,낫포유,[6년 연속 1위] 낫포유 클리어 바디미스트 200ml,https://www.oliveyoung.co.kr/store/goods/getGoodsDetail.do?goodsNo=A000000167213&dispCatNo=90000010009&trackingCd=Best_Sellingbest&t_page=랭킹&t_click=판매랭킹_바디케어_상품상세&t_number=3
바디케어,4,롱테이크,롱테이크 핸드크림 & 헤어오일 듀오세트 (샌달우드/블랙티앤피그) 택1,https://www.oliveyoung.co.kr/store/goods/getGoodsDetail.do?goodsNo=A000000183924&dispCatNo=90000010009&trackingCd=Best_Sellingbest&t_page=랭킹&t_click=판매랭킹_바디케어_상품상세&t_number=4
바디케어,5,일리윤,[3년연속/올영1위] 세라마이드아토로션 600+128,https://www.oliveyoung.co.kr/store/goods/getGoodsDetail.do?goodsNo=A000000157819&dispCatNo=90000010009&trackingCd=Best_Sellingbest&t_page=랭킹&t_click=판매랭킹_바디케어_상품상세&t_number=5
바디케어,6,아로마티카,[4월 올영픽/한정기획] 아로마티카 바디스크럽 250g 기획 3종 택1,https://www.oliveyoung.co.kr/store/goods/getGoodsDetail.do?goodsNo=A000000182477&dispCatNo=90000010009&trackingCd=Best_Sellingbest&t_page=랭킹&t_click=판매랭킹_바디케어_상품상세&t_number=6
바디케어,7,바이오더마,[1+1기획]바이오더마 아토덤 립스틱 1+1 기획,https://www.oliveyoung.co.kr/store/goods/getGoodsDetail.do?goodsNo=A000000171113&dispCatNo=90000010009&trackingCd=Best_Sellingbest&t_page=랭킹&t_click=판매랭킹_바디케어_상품상세&t_number=7
바디케어,8,존슨즈,[최저가 도전] 존슨즈베이비 베드타임 로션 더블 기획(500ml+500ml),https://www.oliveyoung.co.kr/store/goods/getGoodsDetail.do?goodsNo=A000000141052&dispCatNo=90000010009&trackingCd=Best_Sellingbest&t_page=랭킹&t_click=판매랭킹_바디케어_상품상세&t_number=8
바디케어,9,쉬크,쉬크 인튜이션 제모기(기+날2입) 2종 택 1,https://www.oliveyoung.co.kr/store/goods/getGoodsDetail.do?goodsNo=A000000164106&dispCatNo=90000010009&trackingCd=Best_Sellingbest&t_page=랭킹&t_click=판매랭킹_바디케어_상품상세&t_number=9
바디케어,10,니베아,니베아 데오드란트 스틱 50ml (드라이/브라이트/펄앤뷰티) 3종 택1,https://www.oliveyoung.co.kr/store/goods/getGoodsDetail.do?goodsNo=A000000182285&dispCatNo=90000010009&trackingCd=Best_Sellingbest&t_page=랭킹&t_click=판매랭킹_바디케어_상품상세&t_number=10
바디케어,11,아토팜,아토팜 야외놀이 선스틱 21g,https://www.oliveyoung.co.kr/store/goods/getGoodsDetail.do?goodsNo=A000000165846&dispCatNo=90000010009&trackingCd=Best_Sellingbest&t_page=랭킹&t_click=판매랭킹_바디케어_상품상세&t_number=11
바디케어,12,레이비,레이비 퍼퓸 바디로션 350ml 4종 택1,https://www.oliveyoung.co.kr/store/goods/getGoodsDetail.do?goodsNo=A000000160158&dispCatNo=90000010009&trackingCd=Best_Sellingbest&t_page=랭킹&t_click=판매랭킹_바디케어_상품상세&t_number=12
바디케어,13,타입넘버,[한정기획] 타입넘버 핸드크림 40ml 기획 3종 택 1 (+No.12 10ml 증정) [단품/기획],https://www.oliveyoung.co.kr/store/goods/getGoodsDetail.do?goodsNo=A000000200806&dispCatNo=90000010009&trackingCd=Best_Sellingbest&t_page=랭킹&t_click=판매랭킹_바디케어_상품상세&t_number=13
바디케어,14,에뛰드,[올영단독] 에뛰드 진저 슈가 립케어 3종 택1 (립마스크/립밤/스틱),https://www.oliveyoung.co.kr/store/goods/getGoodsDetail.do?goodsNo=A000000172128&dispCatNo=90000010009&trackingCd=Best_Sellingbest&t_page=랭킹&t_click=판매랭킹_바디케어_상품상세&t_number=14
바디케어,15,라네즈,라네즈 립 슬리핑 마스크 EX 20g,https://www.oliveyoung.co.kr/store/goods/getGoodsDetail.do?goodsNo=A000000156111&dispCatNo=90000010009&trackingCd=Best_Sellingbest&t_page=랭킹&t_click=판매랭킹_바디케어_상품상세&t_number=15
바디케어,16,해피바스,해피바스 딥클린 시카티트리 등드름 바디워시 900g 3종 택1,https://www.oliveyoung.co.kr/store/goods/getGoodsDetail.do?goodsNo=A000000202527&dispCatNo=90000010009&trackingCd=Best_Sellingbest&t_page=랭킹&t_click=판매랭킹_바디케어_상품상세&t_number=16
바디케어,17,스카이보틀,스카이보틀 퍼퓸 핸드크림 50ml 5종 택1,https://www.oliveyoung.co.kr/store/goods/getGoodsDetail.do?goodsNo=A000000144554&dispCatNo=90000010009&trackingCd=Best_Sellingbest&t_page=랭킹&t_click=판매랭킹_바디케어_상품상세&t_number=17
바디케어,18,비욘드,비욘드 클래식 핸드크림 30ml 7종 택1,https://www.oliveyoung.co.kr/store/goods/getGoodsDetail.do?goodsNo=A000000142761&dispCatNo=90000010009&trackingCd=Best_Sellingbest&t_page=랭킹&t_click=판매랭킹_바디케어_상품상세&t_number=18
바디케어,19,질레트 비너스,비너스 스월 면도기 (핸들1+날2),https://www.oliveyoung.co.kr/store/goods/getGoodsDetail.do?goodsNo=A000000169706&dispCatNo=90000010009&trackingCd=Best_Sellingbest&t_page=랭킹&t_click=판매랭킹_바디케어_상품상세&t_number=19
바디케어,20,씨퓨리,[수지 PICK / 모공&각질개선] 씨퓨리 바디미스트 200ml,https://www.oliveyoung.co.kr/store/goods/getGoodsDetail.do?goodsNo=A000000187940&dispCatNo=90000010009&trackingCd=Best_Sellingbest&t_page=랭킹&t_click=판매랭킹_바디케어_상품상세&t_number=20
바디케어,21,스카이보틀,스카이보틀 퍼퓸 헤어&바디미스트 100ml 5종 택1,https://www.oliveyoung.co.kr/store/goods/getGoodsDetail.do?goodsNo=A000000150593&dispCatNo=90000010009&trackingCd=Best_Sellingbest&t_page=랭킹&t_click=판매랭킹_바디케어_상품상세&t_number=21
바디케어,22,유리아쥬,유리아쥬 스틱레브르 오리지널 4g 2+1 한정기획 (2024),https://www.oliveyoung.co.kr/store/goods/getGoodsDetail.do?goodsNo=A000000200184&dispCatNo=90000010009&trackingCd=Best_Sellingbest&t_page=랭킹&t_click=판매랭킹_바디케어_상품상세&t_number=22
바디케어,23,더마비,더마비 프레쉬 모이스처 바디로션 더블 기획 (400ml+400ml),https://www.oliveyoung.co.kr/store/goods/getGoodsDetail.do?goodsNo=A000000152491&dispCatNo=90000010009&trackingCd=Best_Sellingbest&t_page=랭킹&t_click=판매랭킹_바디케어_상품상세&t_number=23
바디케어,24,트리헛,[7년연속 1위] 트리헛 시어 슈가 스크럽 510g 12종 택1,https://www.oliveyoung.co.kr/store/goods/getGoodsDetail.do?goodsNo=A000000148549&dispCatNo=90000010009&trackingCd=Best_Sellingbest&t_page=랭킹&t_click=판매랭킹_바디케어_상품상세&t_number=24
바디케어,25,쉬크,쉬크 인튜이션 면도날 3입 4종 택1 (레몬베리/내추럴/코코넛/혼합),https://www.oliveyoung.co.kr/store/goods/getGoodsDetail.do?goodsNo=A000000164107&dispCatNo=90000010009&trackingCd=Best_Sellingbest&t_page=랭킹&t_click=판매랭킹_바디케어_상품상세&t_number=25
바디케어,26,썸블라썸,썸블라썸 시카케어 바디워시 1000g,https://www.oliveyoung.co.kr/store/goods/getGoodsDetail.do?goodsNo=A000000135636&dispCatNo=90000010009&trackingCd=Best_Sellingbest&t_page=랭킹&t_click=판매랭킹_바디케어_상품상세&t_number=26
바디케어,27,더마비,[단독/대용량] 더마비 데일리 모이스처 바디로션 860ml,https://www.oliveyoung.co.kr/store/goods/getGoodsDetail.do?goodsNo=A000000180414&dispCatNo=90000010009&trackingCd=Best_Sellingbest&t_page=랭킹&t_click=판매랭킹_바디케어_상품상세&t_number=27
바디케어,28,질레트,질레트 랩스 딥클렌징바 면도날 [4입/8입/10입],https://www.oliveyoung.co.kr/store/goods/getGoodsDetail.do?goodsNo=A000000203644&dispCatNo=90000010009&trackingCd=Best_Sellingbest&t_page=랭킹&t_click=판매랭킹_바디케어_상품상세&t_number=28
바디케어,29,니베아,니베아 맨 센서티브 쉐이빙 폼 더블 기획 (200ml+200ml),https://www.oliveyoung.co.kr/store/goods/getGoodsDetail.do?goodsNo=A000000200149&dispCatNo=90000010009&trackingCd=Best_Sellingbest&t_page=랭킹&t_click=판매랭킹_바디케어_상품상세&t_number=29
바디케어,30,ms.44,MS44 슈퍼 쿨링 파우더 시트 15매 3종 택1,https://www.oliveyoung.co.kr/store/goods/getGoodsDetail.do?goodsNo=A000000127688&dispCatNo=90000010009&trackingCd=Best_Sellingbest&t_page=랭킹&t_click=판매랭킹_바디케어_상품상세&t_number=30
바디케어,31,쉬크,쉬크 인튜이션 쉐어버터 제모기 KIT1,https://www.oliveyoung.co.kr/store/goods/getGoodsDetail.do?goodsNo=A000000122760&dispCatNo=90000010009&trackingCd=Best_Sellingbest&t_page=랭킹&t_click=판매랭킹_바디케어_상품상세&t_number=31
바디케어,32,질레트 비너스,비너스 컴포트 글라이드 화이트티 면도기 (핸들+2입날) [비누바 부착],https://www.oliveyoung.co.kr/store/goods/getGoodsDetail.do?goodsNo=A000000152076&dispCatNo=90000010009&trackingCd=Best_Sellingbest&t_page=랭킹&t_click=판매랭킹_바디케어_상품상세&t_number=32
바디케어,33,질레트 비너스,비너스 컴포트 글라이드 화이트티 면도날 4입 (면도기 호환/비누바 부착),https://www.oliveyoung.co.kr/store/goods/getGoodsDetail.do?goodsNo=A000000152077&dispCatNo=90000010009&trackingCd=Best_Sellingbest&t_page=랭킹&t_click=판매랭킹_바디케어_상품상세&t_number=33
바디케어,34,바디판타지,바디판타지 모이스처라이징 바디로션 500ml 4종 택 1,https://www.oliveyoung.co.kr/store/goods/getGoodsDetail.do?goodsNo=A000000169687&dispCatNo=90000010009&trackingCd=Best_Sellingbest&t_page=랭킹&t_click=판매랭킹_바디케어_상품상세&t_number=34
바디케어,35,스킨유,[샤워젤 증정] 스킨유 끈적임 없는 머스크 퍼퓸 바디로션 350G 기획 외 단품 2종 택1,https://www.oliveyoung.co.kr/store/goods/getGoodsDetail.do?goodsNo=A000000174053&dispCatNo=90000010009&trackingCd=Best_Sellingbest&t_page=랭킹&t_click=판매랭킹_바디케어_상품상세&t_number=35
바디케어,36,더마비,더마비 데일리 모이스처 바디로션 500ml 기획 (500ml+80ml),https://www.oliveyoung.co.kr/store/goods/getGoodsDetail.do?goodsNo=A000000171916&dispCatNo=90000010009&trackingCd=Best_Sellingbest&t_page=랭킹&t_click=판매랭킹_바디케어_상품상세&t_number=36
바디케어,37,썸블라썸,썸블라썸 시카 케어 바디 미스트 300ml,https://www.oliveyoung.co.kr/store/goods/getGoodsDetail.do?goodsNo=A000000135635&dispCatNo=90000010009&trackingCd=Best_Sellingbest&t_page=랭킹&t_click=판매랭킹_바디케어_상품상세&t_number=37
바디케어,38,아벤느,아벤느 제라캄 뉴트리션 로션 400ml 한정기획 (+200ml) (와다다곰 콜라보),https://www.oliveyoung.co.kr/store/goods/getGoodsDetail.do?goodsNo=A000000198422&dispCatNo=90000010009&trackingCd=Best_Sellingbest&t_page=랭킹&t_click=판매랭킹_바디케어_상품상세&t_number=38
바디케어,39,라끄베르,라끄베르 때밀이 바디필링 살국수 300ml 3종 택1,https://www.oliveyoung.co.kr/store/goods/getGoodsDetail.do?goodsNo=A000000135939&dispCatNo=90000010009&trackingCd=Best_Sellingbest&t_page=랭킹&t_click=판매랭킹_바디케어_상품상세&t_number=39
바디케어,40,쉬크,쉬크 인튜이션 잔망루피에디션 제모기 2종 택1(기+날1입),https://www.oliveyoung.co.kr/store/goods/getGoodsDetail.do?goodsNo=A000000180358&dispCatNo=90000010009&trackingCd=Best_Sellingbest&t_page=랭킹&t_click=판매랭킹_바디케어_상품상세&t_number=40
바디케어,41,질레트,질레트 프로쉴드 옐로우 면도날 8개입,https://www.oliveyoung.co.kr/store/goods/getGoodsDetail.do?goodsNo=A000000199501&dispCatNo=90000010009&trackingCd=Best_Sellingbest&t_page=랭킹&t_click=판매랭킹_바디케어_상품상세&t_number=41
바디케어,42,바이오더마,[샘플 2종 증정/올리브영 단독기획]바이오더마 아토덤 울트라 크림 500ml+200ml,https://www.oliveyoung.co.kr/store/goods/getGoodsDetail.do?goodsNo=A000000168287&dispCatNo=90000010009&trackingCd=Best_Sellingbest&t_page=랭킹&t_click=판매랭킹_바디케어_상품상세&t_number=42
바디케어,43,바버501,바버501 쉐이빙 부스터 밤 3종 택1,https://www.oliveyoung.co.kr/store/goods/getGoodsDetail.do?goodsNo=A000000187267&dispCatNo=90000010009&trackingCd=Best_Sellingbest&t_page=랭킹&t_click=판매랭킹_바디케어_상품상세&t_number=43
바디케어,44,록시땅,록시땅 로즈 핸드 크림 75ml (2022),https://www.oliveyoung.co.kr/store/goods/getGoodsDetail.do?goodsNo=A000000166808&dispCatNo=90000010009&trackingCd=Best_Sellingbest&t_page=랭킹&t_click=판매랭킹_바디케어_상품상세&t_number=44
바디케어,45,아이소이,[한정기획] 아이소이 립 트리트먼트 밤(퓨어레드) 더블 기획,https://www.oliveyoung.co.kr/store/goods/getGoodsDetail.do?goodsNo=A000000202895&dispCatNo=90000010009&trackingCd=Best_Sellingbest&t_page=랭킹&t_click=판매랭킹_바디케어_상품상세&t_number=45
바디케어,46,오킵스,[극강보습] 오킵스 워킹핸즈 핸드크림 자(96g)/튜브(85g) 택1,https://www.oliveyoung.co.kr/store/goods/getGoodsDetail.do?goodsNo=A000000106944&dispCatNo=90000010009&trackingCd=Best_Sellingbest&t_page=랭킹&t_click=판매랭킹_바디케어_상품상세&t_number=46
바디케어,47,아로마티카,[4월 올영픽] 아로마티카 바디오일 100ml 리츄얼 기획(괄사 포함) 5종 택1,https://www.oliveyoung.co.kr/store/goods/getGoodsDetail.do?goodsNo=A000000163992&dispCatNo=90000010009&trackingCd=Best_Sellingbest&t_page=랭킹&t_click=판매랭킹_바디케어_상품상세&t_number=47
바디케어,48,피지오겔,피지오겔 DMT 바디로션 400ml,https://www.oliveyoung.co.kr/store/goods/getGoodsDetail.do?goodsNo=A000000123568&dispCatNo=90000010009&trackingCd=Best_Sellingbest&t_page=랭킹&t_click=판매랭킹_바디케어_상품상세&t_number=48
바디케어,49,아비노,[대용량]아비노 스트레스 릴리프 바디로션 532ml,https://www.oliveyoung.co.kr/store/goods/getGoodsDetail.do?goodsNo=A000000193459&dispCatNo=90000010009&trackingCd=Best_Sellingbest&t_page=랭킹&t_click=판매랭킹_바디케어_상품상세&t_number=49
바디케어,50,엄마의목욕탕레시피,[450만장판매]엄마의목욕탕레시피 바디필링패드 1매입,https://www.oliveyoung.co.kr/store/goods/getGoodsDetail.do?goodsNo=A000000184948&dispCatNo=90000010009&trackingCd=Best_Sellingbest&t_page=랭킹&t_click=판매랭킹_바디케어_상품상세&t_number=50
바디케어,51,Y.N.M,[솔로지옥3 혜선템] YNM 허니 립밤 4종 택1,https://www.oliveyoung.co.kr/store/goods/getGoodsDetail.do?goodsNo=A000000144067&dispCatNo=90000010009&trackingCd=Best_Sellingbest&t_page=랭킹&t_click=판매랭킹_바디케어_상품상세&t_number=51
바디케어,52,바디판타지,바디판타지 퓨어 프래그런스 바디 스프레이 118ml 5종 택 1,https://www.oliveyoung.co.kr/store/goods/getGoodsDetail.do?goodsNo=A000000132743&dispCatNo=90000010009&trackingCd=Best_Sellingbest&t_page=랭킹&t_click=판매랭킹_바디케어_상품상세&t_number=52
바디케어,53,아토팜,아토팜 판테놀 크림 80ml,https://www.oliveyoung.co.kr/store/goods/getGoodsDetail.do?goodsNo=A000000161996&dispCatNo=90000010009&trackingCd=Best_Sellingbest&t_page=랭킹&t_click=판매랭킹_바디케어_상품상세&t_number=53
바디케어,54,토리든,[단독더블기획] 토리든 솔리드인 세라마이드 립 에센스 11ml 더블 기획,https://www.oliveyoung.co.kr/store/goods/getGoodsDetail.do?goodsNo=A000000162092&dispCatNo=90000010009&trackingCd=Best_Sellingbest&t_page=랭킹&t_click=판매랭킹_바디케어_상품상세&t_number=54
바디케어,55,메디큐브,[화해1위/트러블 바디워시] 메디큐브 레드 아크네 바디워시 2.0 400g(등드름 바디워시),https://www.oliveyoung.co.kr/store/goods/getGoodsDetail.do?goodsNo=A000000187540&dispCatNo=90000010009&trackingCd=Best_Sellingbest&t_page=랭킹&t_click=판매랭킹_바디케어_상품상세&t_number=55
바디케어,56,바이오가,바이오가 멜크 스미얼 아기로션 500ml,https://www.oliveyoung.co.kr/store/goods/getGoodsDetail.do?goodsNo=A000000190627&dispCatNo=90000010009&trackingCd=Best_Sellingbest&t_page=랭킹&t_click=판매랭킹_바디케어_상품상세&t_number=56
바디케어,57,일리윤,일리윤 울트라 리페어 로션 350ml,https://www.oliveyoung.co.kr/store/goods/getGoodsDetail.do?goodsNo=A000000016376&dispCatNo=90000010009&trackingCd=Best_Sellingbest&t_page=랭킹&t_click=판매랭킹_바디케어_상품상세&t_number=57
바디케어,58,낫포유,낫포유 클리어 바디스크럽 250g,https://www.oliveyoung.co.kr/store/goods/getGoodsDetail.do?goodsNo=A000000185191&dispCatNo=90000010009&trackingCd=Best_Sellingbest&t_page=랭킹&t_click=판매랭킹_바디케어_상품상세&t_number=58
바디케어,59,식물나라,식물나라 순한 항균 버블 핸드워시 2종 택1,https://www.oliveyoung.co.kr/store/goods/getGoodsDetail.do?goodsNo=A000000150469&dispCatNo=90000010009&trackingCd=Best_Sellingbest&t_page=랭킹&t_click=판매랭킹_바디케어_상품상세&t_number=59
바디케어,60,포맨트,포맨트 올인원 퍼퓸샤워 500ml (코튼메모리),https://www.oliveyoung.co.kr/store/goods/getGoodsDetail.do?goodsNo=A000000164111&dispCatNo=90000010009&trackingCd=Best_Sellingbest&t_page=랭킹&t_click=판매랭킹_바디케어_상품상세&t_number=60
바디케어,61,바이오가,바이오가 모이스춰 바디워시 앤 헤어 1000ml,https://www.oliveyoung.co.kr/store/goods/getGoodsDetail.do?goodsNo=A000000190626&dispCatNo=90000010009&trackingCd=Best_Sellingbest&t_page=랭킹&t_click=판매랭킹_바디케어_상품상세&t_number=61
바디케어,62,에센허브,에센허브 티트리 아크네 데일리 워시 500ml 기획(+샤워볼 증정),https://www.oliveyoung.co.kr/store/goods/getGoodsDetail.do?goodsNo=A000000201400&dispCatNo=90000010009&trackingCd=Best_Sellingbest&t_page=랭킹&t_click=판매랭킹_바디케어_상품상세&t_number=62
바디케어,63,애프터블로우,[NEW] 애프터블로우 퍼퓸 핸드크림 50ml (6종 택1),https://www.oliveyoung.co.kr/store/goods/getGoodsDetail.do?goodsNo=A000000181413&dispCatNo=90000010009&trackingCd=Best_Sellingbest&t_page=랭킹&t_click=판매랭킹_바디케어_상품상세&t_number=63
바디케어,64,일리윤,일리윤 세라마이드 아토 로션 600ml 파워퍼프걸 에디션 기획(+미러브러쉬 증정),https://www.oliveyoung.co.kr/store/goods/getGoodsDetail.do?goodsNo=A000000201051&dispCatNo=90000010009&trackingCd=Best_Sellingbest&t_page=랭킹&t_click=판매랭킹_바디케어_상품상세&t_number=64
바디케어,65,아윌미백,[NEW] 아윌미백 브라이트닝 젤 크림 미백보습 300ml,https://www.oliveyoung.co.kr/store/goods/getGoodsDetail.do?goodsNo=A000000201735&dispCatNo=90000010009&trackingCd=Best_Sellingbest&t_page=랭킹&t_click=판매랭킹_바디케어_상품상세&t_number=65
바디케어,66,버츠비,버츠비 너리싱 베이비 오일 147ml,https://www.oliveyoung.co.kr/store/goods/getGoodsDetail.do?goodsNo=A000000007922&dispCatNo=90000010009&trackingCd=Best_Sellingbest&t_page=랭킹&t_click=판매랭킹_바디케어_상품상세&t_number=66
바디케어,67,벨레다,벨레다 카렌듈라 베이비 바디로션 200ml,https://www.oliveyoung.co.kr/store/goods/getGoodsDetail.do?goodsNo=A000000152934&dispCatNo=90000010009&trackingCd=Best_Sellingbest&t_page=랭킹&t_click=판매랭킹_바디케어_상품상세&t_number=67
바디케어,68,도루코,도루코 PACE7II FRESH 면도기+면도날 7입,https://www.oliveyoung.co.kr/store/goods/getGoodsDetail.do?goodsNo=A000000162607&dispCatNo=90000010009&trackingCd=Best_Sellingbest&t_page=랭킹&t_click=판매랭킹_바디케어_상품상세&t_number=68
바디케어,69,질레트,질레트 스킨텍 파워 면도날 4입,https://www.oliveyoung.co.kr/store/goods/getGoodsDetail.do?goodsNo=A000000159301&dispCatNo=90000010009&trackingCd=Best_Sellingbest&t_page=랭킹&t_click=판매랭킹_바디케어_상품상세&t_number=69
바디케어,70,소울,[단독기획] 소울 에버 모이스트 립밤 8g + 립브러쉬 증정,https://www.oliveyoung.co.kr/store/goods/getGoodsDetail.do?goodsNo=A000000188557&dispCatNo=90000010009&trackingCd=Best_Sellingbest&t_page=랭킹&t_click=판매랭킹_바디케어_상품상세&t_number=70
바디케어,71,메디포포,메디포포 레미디얼 크림 25g,https://www.oliveyoung.co.kr/store/goods/getGoodsDetail.do?goodsNo=A000000105413&dispCatNo=90000010009&trackingCd=Best_Sellingbest&t_page=랭킹&t_click=판매랭킹_바디케어_상품상세&t_number=71
바디케어,72,카밀,카밀 핸드앤네일 크림 11종 택1,https://www.oliveyoung.co.kr/store/goods/getGoodsDetail.do?goodsNo=A000000007046&dispCatNo=90000010009&trackingCd=Best_Sellingbest&t_page=랭킹&t_click=판매랭킹_바디케어_상품상세&t_number=72
바디케어,73,니베아,[대용량/독일 직수입] 니베아 크림 150ml,https://www.oliveyoung.co.kr/store/goods/getGoodsDetail.do?goodsNo=A000000008521&dispCatNo=90000010009&trackingCd=Best_Sellingbest&t_page=랭킹&t_click=판매랭킹_바디케어_상품상세&t_number=73
바디케어,74,일리윤,[가려움개선기능성] 일리윤 MD 레드이치 크림 330ML 기획(오일 20ML 증정),https://www.oliveyoung.co.kr/store/goods/getGoodsDetail.do?goodsNo=A000000179634&dispCatNo=90000010009&trackingCd=Best_Sellingbest&t_page=랭킹&t_click=판매랭킹_바디케어_상품상세&t_number=74
바디케어,75,일리윤,일리윤 MD 레드이치 케어크림 330ml 파워퍼프걸 에디션 (+파우치 증정),https://www.oliveyoung.co.kr/store/goods/getGoodsDetail.do?goodsNo=A000000201061&dispCatNo=90000010009&trackingCd=Best_Sellingbest&t_page=랭킹&t_click=판매랭킹_바디케어_상품상세&t_number=75
바디케어,76,질레트,질레트 프로글라이드 센서티브 폼 245g,https://www.oliveyoung.co.kr/store/goods/getGoodsDetail.do?goodsNo=A000000014000&dispCatNo=90000010009&trackingCd=Best_Sellingbest&t_page=랭킹&t_click=판매랭킹_바디케어_상품상세&t_number=76
바디케어,77,그라펜,[누적판매130만] 그라펜 트리플립 립센스/네이키드 립밤 2종,https://www.oliveyoung.co.kr/store/goods/getGoodsDetail.do?goodsNo=A000000133196&dispCatNo=90000010009&trackingCd=Best_Sellingbest&t_page=랭킹&t_click=판매랭킹_바디케어_상품상세&t_number=77
바디케어,78,버츠비,[화해1위] 버츠비 베이비 모이스쳐라이징 립밤 4.25g,https://www.oliveyoung.co.kr/store/goods/getGoodsDetail.do?goodsNo=A000000166940&dispCatNo=90000010009&trackingCd=Best_Sellingbest&t_page=랭킹&t_click=판매랭킹_바디케어_상품상세&t_number=78
바디케어,79,바이오더마,[선물세트/온라인 단독기획]바이오더마 아토덤 립앤핸드 기프트 세트(립스틱4g+핸드크림50ml),https://www.oliveyoung.co.kr/store/goods/getGoodsDetail.do?goodsNo=A000000182737&dispCatNo=90000010009&trackingCd=Best_Sellingbest&t_page=랭킹&t_click=판매랭킹_바디케어_상품상세&t_number=79
바디케어,80,세타필,"[키트 증정] 세타필 젠틀 바디워시 리프레싱 1,000ml",https://www.oliveyoung.co.kr/store/goods/getGoodsDetail.do?goodsNo=A000000135227&dispCatNo=90000010009&trackingCd=Best_Sellingbest&t_page=랭킹&t_click=판매랭킹_바디케어_상품상세&t_number=80
바디케어,81,토코보,토코보 비타 글레이즈드 립 마스크 20ml,https://www.oliveyoung.co.kr/store/goods/getGoodsDetail.do?goodsNo=A000000188867&dispCatNo=90000010009&trackingCd=Best_Sellingbest&t_page=랭킹&t_click=판매랭킹_바디케어_상품상세&t_number=81
바디케어,82,존슨즈,존슨즈베이비 핑크로션 500ml,https://www.oliveyoung.co.kr/store/goods/getGoodsDetail.do?goodsNo=A000000000749&dispCatNo=90000010009&trackingCd=Best_Sellingbest&t_page=랭킹&t_click=판매랭킹_바디케어_상품상세&t_number=82
바디케어,83,아비브,아비브 약산성 바디 클렌저 어성초 바디워시 470ml,https://www.oliveyoung.co.kr/store/goods/getGoodsDetail.do?goodsNo=A000000171617&dispCatNo=90000010009&trackingCd=Best_Sellingbest&t_page=랭킹&t_click=판매랭킹_바디케어_상품상세&t_number=83
바디케어,84,필립스,필립스 그루밍 멀티 트리머(NT1650/16),https://www.oliveyoung.co.kr/store/goods/getGoodsDetail.do?goodsNo=A000000146593&dispCatNo=90000010009&trackingCd=Best_Sellingbest&t_page=랭킹&t_click=판매랭킹_바디케어_상품상세&t_number=84
바디케어,85,소프리스,소프리스 핸드 더블에센스 마스크,https://www.oliveyoung.co.kr/store/goods/getGoodsDetail.do?goodsNo=A000000011143&dispCatNo=90000010009&trackingCd=Best_Sellingbest&t_page=랭킹&t_click=판매랭킹_바디케어_상품상세&t_number=85
바디케어,86,바디홀릭,바디홀릭 스테이누디 헤어&바디 미스트 100ml 3종 택1,https://www.oliveyoung.co.kr/store/goods/getGoodsDetail.do?goodsNo=A000000137068&dispCatNo=90000010009&trackingCd=Best_Sellingbest&t_page=랭킹&t_click=판매랭킹_바디케어_상품상세&t_number=86
바디케어,87,플루,[누적판매4600만개.그립톡&스티커 증정기획] 플루 오리지널 바디스크럽 더블기획 (200g+200g) 택 1,https://www.oliveyoung.co.kr/store/goods/getGoodsDetail.do?goodsNo=A000000150753&dispCatNo=90000010009&trackingCd=Best_Sellingbest&t_page=랭킹&t_click=판매랭킹_바디케어_상품상세&t_number=87
바디케어,88,쉬크,쉬크 인튜이션 면도기 버라이어티 기획 3종 택1,https://www.oliveyoung.co.kr/store/goods/getGoodsDetail.do?goodsNo=A000000151889&dispCatNo=90000010009&trackingCd=Best_Sellingbest&t_page=랭킹&t_click=판매랭킹_바디케어_상품상세&t_number=88
바디케어,89,우르오스,우르오스 스킨워시 500ml,https://www.oliveyoung.co.kr/store/goods/getGoodsDetail.do?goodsNo=A000000006563&dispCatNo=90000010009&trackingCd=Best_Sellingbest&t_page=랭킹&t_click=판매랭킹_바디케어_상품상세&t_number=89
바디케어,90,네츄럴샤인,네츄럴샤인 럭스 트리플 립큐어밤 글로시 5종 택1,https://www.oliveyoung.co.kr/store/goods/getGoodsDetail.do?goodsNo=A000000163227&dispCatNo=90000010009&trackingCd=Best_Sellingbest&t_page=랭킹&t_click=판매랭킹_바디케어_상품상세&t_number=90
바디케어,91,아트릭스,아트릭스 스트롱 프로텍션 크림 75ml,https://www.oliveyoung.co.kr/store/goods/getGoodsDetail.do?goodsNo=A000000000372&dispCatNo=90000010009&trackingCd=Best_Sellingbest&t_page=랭킹&t_click=판매랭킹_바디케어_상품상세&t_number=91
바디케어,92,블리스텍스,[NEW] 블리스텍스 딥리뉴얼 립밤 3.7g,https://www.oliveyoung.co.kr/store/goods/getGoodsDetail.do?goodsNo=A000000167717&dispCatNo=90000010009&trackingCd=Best_Sellingbest&t_page=랭킹&t_click=판매랭킹_바디케어_상품상세&t_number=92
바디케어,93,크리스탈,[대용량]크리스탈 천연데오드란트 스틱 120g,https://www.oliveyoung.co.kr/store/goods/getGoodsDetail.do?goodsNo=A000000177886&dispCatNo=90000010009&trackingCd=Best_Sellingbest&t_page=랭킹&t_click=판매랭킹_바디케어_상품상세&t_number=93
바디케어,94,바이오더마,바이오더마 아토덤 핸드&네일크림 더블 기획,https://www.oliveyoung.co.kr/store/goods/getGoodsDetail.do?goodsNo=A000000118831&dispCatNo=90000010009&trackingCd=Best_Sellingbest&t_page=랭킹&t_click=판매랭킹_바디케어_상품상세&t_number=94
바디케어,95,더마비,더마비 세라엠디 리페어 크림 워시 400ml,https://www.oliveyoung.co.kr/store/goods/getGoodsDetail.do?goodsNo=A000000159923&dispCatNo=90000010009&trackingCd=Best_Sellingbest&t_page=랭킹&t_click=판매랭킹_바디케어_상품상세&t_number=95
바디케어,96,립리프,립리프 스티밍 립 마스크,https://www.oliveyoung.co.kr/store/goods/getGoodsDetail.do?goodsNo=A000000163084&dispCatNo=90000010009&trackingCd=Best_Sellingbest&t_page=랭킹&t_click=판매랭킹_바디케어_상품상세&t_number=96
바디케어,97,그린핑거,그린핑거 촉촉선팩트 소프트블록 16g,https://www.oliveyoung.co.kr/store/goods/getGoodsDetail.do?goodsNo=A000000153777&dispCatNo=90000010009&trackingCd=Best_Sellingbest&t_page=랭킹&t_click=판매랭킹_바디케어_상품상세&t_number=97
바디케어,98,무스텔라,무스텔라 너리싱 스틱 위드 콜드크림 9.2g,https://www.oliveyoung.co.kr/store/goods/getGoodsDetail.do?goodsNo=A000000113478&dispCatNo=90000010009&trackingCd=Best_Sellingbest&t_page=랭킹&t_click=판매랭킹_바디케어_상품상세&t_number=98
바디케어,99,닥터자르트,닥터자르트 세라마이딘 핸드크림 100ml,https://www.oliveyoung.co.kr/store/goods/getGoodsDetail.do?goodsNo=A000000112929&dispCatNo=90000010009&trackingCd=Best_Sellingbest&t_page=랭킹&t_click=판매랭킹_바디케어_상품상세&t_number=99
바디케어,100,일리윤,[약산성] 일리윤 대용량 세라마이드 아토 6.0탑투토워시 1000ml,https://www.oliveyoung.co.kr/store/goods/getGoodsDetail.do?goodsNo=A000000163850&dispCatNo=90000010009&trackingCd=Best_Sellingbest&t_page=랭킹&t_click=판매랭킹_바디케어_상품상세&t_number=100
건강식품,1,마그랩,[4월 올영픽]마그랩 포 스트레스 글루콘산마그네슘 25ml*10+2입 기획세트,https://www.oliveyoung.co.kr/store/goods/getGoodsDetail.do?goodsNo=A000000189370&dispCatNo=90000010009&trackingCd=Best_Sellingbest&t_page=랭킹&t_click=판매랭킹_건강식품_상품상세&t_number=1
건강식품,2,정관장,정관장 홍삼정 에브리타임 밸런스핏 10ml x14포 (2주분),https://www.oliveyoung.co.kr/store/goods/getGoodsDetail.do?goodsNo=A000000143712&dispCatNo=90000010009&trackingCd=Best_Sellingbest&t_page=랭킹&t_click=판매랭킹_건강식품_상품상세&t_number=2
건강식품,3,비비랩,[2023어워즈/한정기획] [이효리 PICK]비비랩 저분자콜라겐S 30포 더블기획+10포 미니 증정,https://www.oliveyoung.co.kr/store/goods/getGoodsDetail.do?goodsNo=A000000193119&dispCatNo=90000010009&trackingCd=Best_Sellingbest&t_page=랭킹&t_click=판매랭킹_건강식품_상품상세&t_number=3
건강식품,4,헬스앤뷰티,헬스앤뷰티 장비움 프로젝트 6.5g 10포 (5일분),https://www.oliveyoung.co.kr/store/goods/getGoodsDetail.do?goodsNo=A000000176859&dispCatNo=90000010009&trackingCd=Best_Sellingbest&t_page=랭킹&t_click=판매랭킹_건강식품_상품상세&t_number=4
건강식품,5,오쏘몰,오쏘몰 이뮨 멀티비타민&미네랄 7입 (1주분),https://www.oliveyoung.co.kr/store/goods/getGoodsDetail.do?goodsNo=A000000142695&dispCatNo=90000010009&trackingCd=Best_Sellingbest&t_page=랭킹&t_click=판매랭킹_건강식품_상품상세&t_number=5
건강식품,6,그린몬스터,[단독기획] 그린몬스터 식전식후 바디관리세트 (28일분),https://www.oliveyoung.co.kr/store/goods/getGoodsDetail.do?goodsNo=A000000121790&dispCatNo=90000010009&trackingCd=Best_Sellingbest&t_page=랭킹&t_click=판매랭킹_건강식품_상품상세&t_number=6
건강식품,7,알디콤,[1+1] 알디콤 숙취해소제 15g,https://www.oliveyoung.co.kr/store/goods/getGoodsDetail.do?goodsNo=A000000169053&dispCatNo=90000010009&trackingCd=Best_Sellingbest&t_page=랭킹&t_click=판매랭킹_건강식품_상품상세&t_number=7
건강식품,8,생활약속,[단독기획]생활약속 기분전환 에스 (본품10포+1포 추가 증정),https://www.oliveyoung.co.kr/store/goods/getGoodsDetail.do?goodsNo=A000000180127&dispCatNo=90000010009&trackingCd=Best_Sellingbest&t_page=랭킹&t_click=판매랭킹_건강식품_상품상세&t_number=8
건강식품,9,고려은단,고려은단 멀티비타민 올인원 30정 (30일분),https://www.oliveyoung.co.kr/store/goods/getGoodsDetail.do?goodsNo=A000000166574&dispCatNo=90000010009&trackingCd=Best_Sellingbest&t_page=랭킹&t_click=판매랭킹_건강식품_상품상세&t_number=9
건강식품,10,바이탈뷰티,[NEW] 바이탈뷰티 메타그린 슬림업 14일,https://www.oliveyoung.co.kr/store/goods/getGoodsDetail.do?goodsNo=A000000203098&dispCatNo=90000010009&trackingCd=Best_Sellingbest&t_page=랭킹&t_click=판매랭킹_건강식품_상품상세&t_number=10
건강식품,11,줄리스초이스,[먹는광채스틱]줄리스초이스 에버글로우 피에스트로 30포 (30일분),https://www.oliveyoung.co.kr/store/goods/getGoodsDetail.do?goodsNo=A000000200790&dispCatNo=90000010009&trackingCd=Best_Sellingbest&t_page=랭킹&t_click=판매랭킹_건강식품_상품상세&t_number=11
건강식품,12,푸드올로지,[혈당/탄수화물/체지방CUT]콜레올로지 컷팅 젤리 10+2포(2포증정),https://www.oliveyoung.co.kr/store/goods/getGoodsDetail.do?goodsNo=A000000183645&dispCatNo=90000010009&trackingCd=Best_Sellingbest&t_page=랭킹&t_click=판매랭킹_건강식품_상품상세&t_number=12
건강식품,13,푸드올로지,[서현Pick]콜레올로지 600mgX60정(1개월분),https://www.oliveyoung.co.kr/store/goods/getGoodsDetail.do?goodsNo=A000000163046&dispCatNo=90000010009&trackingCd=Best_Sellingbest&t_page=랭킹&t_click=판매랭킹_건강식품_상품상세&t_number=13
건강식품,14,그린몬스터,[하루 한알 다이어트] 그린몬스터 지방타파 칼로아웃 잔티젠+ 14캡슐 (2주분),https://www.oliveyoung.co.kr/store/goods/getGoodsDetail.do?goodsNo=A000000129526&dispCatNo=90000010009&trackingCd=Best_Sellingbest&t_page=랭킹&t_click=판매랭킹_건강식품_상품상세&t_number=14
건강식품,15,바이너랩,바이너랩 겟마이비오틴 60정 (1개월분),https://www.oliveyoung.co.kr/store/goods/getGoodsDetail.do?goodsNo=A000000146563&dispCatNo=90000010009&trackingCd=Best_Sellingbest&t_page=랭킹&t_click=판매랭킹_건강식품_상품상세&t_number=15
건강식품,16,메디트리,메디트리 포켓 콤부 효소 30포(1개월분),https://www.oliveyoung.co.kr/store/goods/getGoodsDetail.do?goodsNo=A000000201718&dispCatNo=90000010009&trackingCd=Best_Sellingbest&t_page=랭킹&t_click=판매랭킹_건강식품_상품상세&t_number=16
건강식품,17,딥트3일,[주현영 애정템]딥트 3일 애플번 30정 (15일분),https://www.oliveyoung.co.kr/store/goods/getGoodsDetail.do?goodsNo=A000000191765&dispCatNo=90000010009&trackingCd=Best_Sellingbest&t_page=랭킹&t_click=판매랭킹_건강식품_상품상세&t_number=17
건강식품,18,생활약속,[단독기획]생활약속 기분전환 (본품10포+1포 추가 증정),https://www.oliveyoung.co.kr/store/goods/getGoodsDetail.do?goodsNo=A000000146052&dispCatNo=90000010009&trackingCd=Best_Sellingbest&t_page=랭킹&t_click=판매랭킹_건강식품_상품상세&t_number=18
건강식품,19,벨라미,[화수Pick] 벨라미 다이어트 젤리 25g*14포(2박스/4주분) 3종 중 택1,https://www.oliveyoung.co.kr/store/goods/getGoodsDetail.do?goodsNo=A000000202499&dispCatNo=90000010009&trackingCd=Best_Sellingbest&t_page=랭킹&t_click=판매랭킹_건강식품_상품상세&t_number=19
건강식품,20,칼로,경남 칼로 스탑PLUS 15포/칼로 컨트롤PLUS 15포 중 택1(칼로 스탑PLUS 15포/칼로 컨트롤PLUS 15포),https://www.oliveyoung.co.kr/store/goods/getGoodsDetail.do?goodsNo=A000000186228&dispCatNo=90000010009&trackingCd=Best_Sellingbest&t_page=랭킹&t_click=판매랭킹_건강식품_상품상세&t_number=20
건강식품,21,칼로,[첫구매전용]경남 칼로 슬림다운 7+1병 증정(8일분),https://www.oliveyoung.co.kr/store/goods/getGoodsDetail.do?goodsNo=A000000202483&dispCatNo=90000010009&trackingCd=Best_Sellingbest&t_page=랭킹&t_click=판매랭킹_건강식품_상품상세&t_number=21
건강식품,22,푸드올로지,[서현Pick]콜레올로지 티 하비탈출 15포 (15일분),https://www.oliveyoung.co.kr/store/goods/getGoodsDetail.do?goodsNo=A000000163044&dispCatNo=90000010009&trackingCd=Best_Sellingbest&t_page=랭킹&t_click=판매랭킹_건강식품_상품상세&t_number=22
건강식품,23,자로우 포뮬러스,자로우 우먼즈 펨 도피러스 30캡슐 (1개월분),https://www.oliveyoung.co.kr/store/goods/getGoodsDetail.do?goodsNo=A000000174993&dispCatNo=90000010009&trackingCd=Best_Sellingbest&t_page=랭킹&t_click=판매랭킹_건강식품_상품상세&t_number=23
건강식품,24,자로우 포뮬러스,자로우 우먼즈 펨 도피러스 (60캡슐 / 30캡슐 ) 중 택1,https://www.oliveyoung.co.kr/store/goods/getGoodsDetail.do?goodsNo=A000000183640&dispCatNo=90000010009&trackingCd=Best_Sellingbest&t_page=랭킹&t_click=판매랭킹_건강식품_상품상세&t_number=24
건강식품,25,트루알엑스,[희소PICK] 트루알엑스 그날 편한 보라지유 60캡슐 (30일분),https://www.oliveyoung.co.kr/store/goods/getGoodsDetail.do?goodsNo=A000000180164&dispCatNo=90000010009&trackingCd=Best_Sellingbest&t_page=랭킹&t_click=판매랭킹_건강식품_상품상세&t_number=25
건강식품,26,프레스샷,[4월 올영픽]프레스샷 올인원 토탈 영양 앰플 10개입 (10일분),https://www.oliveyoung.co.kr/store/goods/getGoodsDetail.do?goodsNo=A000000181033&dispCatNo=90000010009&trackingCd=Best_Sellingbest&t_page=랭킹&t_click=판매랭킹_건강식품_상품상세&t_number=26
건강식품,27,마그랩,마그랩 포 에너지 글루콘산마그네슘 25ml*10입 (10일분),https://www.oliveyoung.co.kr/store/goods/getGoodsDetail.do?goodsNo=A000000189372&dispCatNo=90000010009&trackingCd=Best_Sellingbest&t_page=랭킹&t_click=판매랭킹_건강식품_상품상세&t_number=27
건강식품,28,이영애의 건강美식,이영애의 건강미식 효소 플러스 30포 2종 중 택1 (생생/새싹),https://www.oliveyoung.co.kr/store/goods/getGoodsDetail.do?goodsNo=A000000199624&dispCatNo=90000010009&trackingCd=Best_Sellingbest&t_page=랭킹&t_click=판매랭킹_건강식품_상품상세&t_number=28
건강식품,29,종근당건강,프로메가 알티지 오메가3 듀얼 40 캡슐 더블 기획세트 (40일분),https://www.oliveyoung.co.kr/store/goods/getGoodsDetail.do?goodsNo=A000000173904&dispCatNo=90000010009&trackingCd=Best_Sellingbest&t_page=랭킹&t_click=판매랭킹_건강식품_상품상세&t_number=29
건강식품,30,비비랩,[4월올영픽][차주영Pick]비비랩 사이클 다이어트 그린 혈당컷 부스터 5병 (5일분),https://www.oliveyoung.co.kr/store/goods/getGoodsDetail.do?goodsNo=A000000201764&dispCatNo=90000010009&trackingCd=Best_Sellingbest&t_page=랭킹&t_click=판매랭킹_건강식품_상품상세&t_number=30
건강식품,31,바이탈뷰티,[수면기능성] 바이탈뷰티 굿슬립가바 365 (14일분),https://www.oliveyoung.co.kr/store/goods/getGoodsDetail.do?goodsNo=A000000176827&dispCatNo=90000010009&trackingCd=Best_Sellingbest&t_page=랭킹&t_click=판매랭킹_건강식품_상품상세&t_number=31
건강식품,32,그린몬스터,[리뷰이벤트/NEW] [올영단독/4일 추가증정] 그린몬스터 다이어트 체지방 쏙 기획세트 (14일+4일),https://www.oliveyoung.co.kr/store/goods/getGoodsDetail.do?goodsNo=A000000199928&dispCatNo=90000010009&trackingCd=Best_Sellingbest&t_page=랭킹&t_click=판매랭킹_건강식품_상품상세&t_number=32
건강식품,33,미궁365,미궁365 대장사랑 오리지널 14포 (7일분),https://www.oliveyoung.co.kr/store/goods/getGoodsDetail.do?goodsNo=A000000164352&dispCatNo=90000010009&trackingCd=Best_Sellingbest&t_page=랭킹&t_click=판매랭킹_건강식품_상품상세&t_number=33
건강식품,34,grn+,grn+ 갱년기 다이어트 리얼퀸 60정 (30일분),https://www.oliveyoung.co.kr/store/goods/getGoodsDetail.do?goodsNo=A000000188792&dispCatNo=90000010009&trackingCd=Best_Sellingbest&t_page=랭킹&t_click=판매랭킹_건강식품_상품상세&t_number=34
건강식품,35,비거너리바이달바,비거너리바이달바 다이어트 젤리 4200mg 7포 (샤인머스캣맛) (7일분),https://www.oliveyoung.co.kr/store/goods/getGoodsDetail.do?goodsNo=A000000191443&dispCatNo=90000010009&trackingCd=Best_Sellingbest&t_page=랭킹&t_click=판매랭킹_건강식품_상품상세&t_number=35
건강식품,36,엘레나,엘레나 UREX 프로바이오틱스 15캡슐,https://www.oliveyoung.co.kr/store/goods/getGoodsDetail.do?goodsNo=A000000200345&dispCatNo=90000010009&trackingCd=Best_Sellingbest&t_page=랭킹&t_click=판매랭킹_건강식품_상품상세&t_number=36
건강식품,37,푸드올로지,[택연pick]맨올로지컷 1100mg*60정(10일분),https://www.oliveyoung.co.kr/store/goods/getGoodsDetail.do?goodsNo=A000000170107&dispCatNo=90000010009&trackingCd=Best_Sellingbest&t_page=랭킹&t_click=판매랭킹_건강식품_상품상세&t_number=37
건강식품,38,푸드올로지,[4월 올영픽/봉선 PiCK] 톡스올로지 클렌즈 비움 50ml*6병,https://www.oliveyoung.co.kr/store/goods/getGoodsDetail.do?goodsNo=A000000171562&dispCatNo=90000010009&trackingCd=Best_Sellingbest&t_page=랭킹&t_click=판매랭킹_건강식품_상품상세&t_number=38
건강식품,39,생활약속,[단독기획]생활약속 기분전환 알파플러스 (본품10포+1포 추가 증정),https://www.oliveyoung.co.kr/store/goods/getGoodsDetail.do?goodsNo=A000000180121&dispCatNo=90000010009&trackingCd=Best_Sellingbest&t_page=랭킹&t_click=판매랭킹_건강식품_상품상세&t_number=39
건강식품,40,푸드올로지,푸드올로지 곡물올로지 효소 14포 (14일분),https://www.oliveyoung.co.kr/store/goods/getGoodsDetail.do?goodsNo=A000000191826&dispCatNo=90000010009&trackingCd=Best_Sellingbest&t_page=랭킹&t_click=판매랭킹_건강식품_상품상세&t_number=40
건강식품,41,푸드올로지,[서현pick]파인올로지 효소 14포 (2주분),https://www.oliveyoung.co.kr/store/goods/getGoodsDetail.do?goodsNo=A000000165721&dispCatNo=90000010009&trackingCd=Best_Sellingbest&t_page=랭킹&t_click=판매랭킹_건강식품_상품상세&t_number=41
건강식품,42,고려은단,고려은단 퓨어 밀크씨슬 60캡슐 (2개월분),https://www.oliveyoung.co.kr/store/goods/getGoodsDetail.do?goodsNo=A000000165650&dispCatNo=90000010009&trackingCd=Best_Sellingbest&t_page=랭킹&t_click=판매랭킹_건강식품_상품상세&t_number=42
건강식품,43,로트벡쉔,로트벡쉔 이뮨샷 고함량 액상 비타민 3병입,https://www.oliveyoung.co.kr/store/goods/getGoodsDetail.do?goodsNo=A000000176623&dispCatNo=90000010009&trackingCd=Best_Sellingbest&t_page=랭킹&t_click=판매랭킹_건강식품_상품상세&t_number=43
건강식품,44,알디콤,알디콤 숙취해소제 15g 4포입,https://www.oliveyoung.co.kr/store/goods/getGoodsDetail.do?goodsNo=A000000198838&dispCatNo=90000010009&trackingCd=Best_Sellingbest&t_page=랭킹&t_click=판매랭킹_건강식품_상품상세&t_number=44
건강식품,45,고려은단,고려은단 메가도스B7 활성비오틴 60정 (2개월분),https://www.oliveyoung.co.kr/store/goods/getGoodsDetail.do?goodsNo=A000000187253&dispCatNo=90000010009&trackingCd=Best_Sellingbest&t_page=랭킹&t_click=판매랭킹_건강식품_상품상세&t_number=45
건강식품,46,grn+,[4월 올영픽]grn+ 초록이/분홍이 쓰리데이즈 시즌2 3개입(3일분) 2종 중 택 1,https://www.oliveyoung.co.kr/store/goods/getGoodsDetail.do?goodsNo=A000000179345&dispCatNo=90000010009&trackingCd=Best_Sellingbest&t_page=랭킹&t_click=판매랭킹_건강식품_상품상세&t_number=46
건강식품,47,바이탈헬스,바이탈헬스 바이탈슬림 다이어트 올인원 나이트 10포 (10일분),https://www.oliveyoung.co.kr/store/goods/getGoodsDetail.do?goodsNo=A000000155272&dispCatNo=90000010009&trackingCd=Best_Sellingbest&t_page=랭킹&t_click=판매랭킹_건강식품_상품상세&t_number=47
건강식품,48,비비랩,비비랩 콜라겐 구미 10포 (10일분),https://www.oliveyoung.co.kr/store/goods/getGoodsDetail.do?goodsNo=A000000201137&dispCatNo=90000010009&trackingCd=Best_Sellingbest&t_page=랭킹&t_click=판매랭킹_건강식품_상품상세&t_number=48
건강식품,49,BYOCORE유산균,CJ BYOCORE 데일리 유산균 30포 (1개월분),https://www.oliveyoung.co.kr/store/goods/getGoodsDetail.do?goodsNo=A000000179253&dispCatNo=90000010009&trackingCd=Best_Sellingbest&t_page=랭킹&t_click=판매랭킹_건강식품_상품상세&t_number=49
건강식품,50,락토핏,락토핏 골드 30포 (1개월분),https://www.oliveyoung.co.kr/store/goods/getGoodsDetail.do?goodsNo=A000000173753&dispCatNo=90000010009&trackingCd=Best_Sellingbest&t_page=랭킹&t_click=판매랭킹_건강식품_상품상세&t_number=50
건강식품,51,애드마일스,애드마일스 차전자피 식이섬유 30포 (15일분),https://www.oliveyoung.co.kr/store/goods/getGoodsDetail.do?goodsNo=A000000204056&dispCatNo=90000010009&trackingCd=Best_Sellingbest&t_page=랭킹&t_click=판매랭킹_건강식품_상품상세&t_number=51
건강식품,52,GNM자연의품격,GNM 어린이 칼슘 아연 비타민D 말랑 츄잉정 60정 X 1박스(온),https://www.oliveyoung.co.kr/store/goods/getGoodsDetail.do?goodsNo=B000000204052&dispCatNo=90000010009&trackingCd=Best_Sellingbest&t_page=랭킹&t_click=판매랭킹_건강식품_상품상세&t_number=52
건강식품,53,GNM자연의품격,GNM 어린이 종합비타민 구미젤리 UP 1병 총 60구미,https://www.oliveyoung.co.kr/store/goods/getGoodsDetail.do?goodsNo=B000000204050&dispCatNo=90000010009&trackingCd=Best_Sellingbest&t_page=랭킹&t_click=판매랭킹_건강식품_상품상세&t_number=53
건강식품,54,GNM자연의품격,GNM 액티브 활성 엽산 800 비타민B  60정 1박스 (총 2개월분),https://www.oliveyoung.co.kr/store/goods/getGoodsDetail.do?goodsNo=B000000204048&dispCatNo=90000010009&trackingCd=Best_Sellingbest&t_page=랭킹&t_click=판매랭킹_건강식품_상품상세&t_number=54
건강식품,55,GNM자연의품격,GNM 맘편한 비헴철 임산부 철분 비타민C 60캡슐,https://www.oliveyoung.co.kr/store/goods/getGoodsDetail.do?goodsNo=B000000204045&dispCatNo=90000010009&trackingCd=Best_Sellingbest&t_page=랭킹&t_click=판매랭킹_건강식품_상품상세&t_number=55
건강식품,56,GNM자연의품격,GNM 브라질 그린 프로폴리스 120캡슐 1병 (총 2개월분),https://www.oliveyoung.co.kr/store/goods/getGoodsDetail.do?goodsNo=B000000204031&dispCatNo=90000010009&trackingCd=Best_Sellingbest&t_page=랭킹&t_click=판매랭킹_건강식품_상품상세&t_number=56
건강식품,57,GNM자연의품격,GNM 코큐텐 알티지 오메가3 1박스 (총 1개월분),https://www.oliveyoung.co.kr/store/goods/getGoodsDetail.do?goodsNo=B000000204030&dispCatNo=90000010009&trackingCd=Best_Sellingbest&t_page=랭킹&t_click=판매랭킹_건강식품_상품상세&t_number=57
건강식품,58,GNM자연의품격,GNM 관절엔 MSM N-아세틸글루코사민 비타민D 60정,https://www.oliveyoung.co.kr/store/goods/getGoodsDetail.do?goodsNo=B000000204029&dispCatNo=90000010009&trackingCd=Best_Sellingbest&t_page=랭킹&t_click=판매랭킹_건강식품_상품상세&t_number=58
건강식품,59,GNM자연의품격,GNM 루테인 지아잔틴 오메가3 1박스 (총 1개월분),https://www.oliveyoung.co.kr/store/goods/getGoodsDetail.do?goodsNo=B000000204028&dispCatNo=90000010009&trackingCd=Best_Sellingbest&t_page=랭킹&t_click=판매랭킹_건강식품_상품상세&t_number=59
건강식품,60,GNM자연의품격,GNM 올인원 솔루션 멀티팩 1박스(1개월분),https://www.oliveyoung.co.kr/store/goods/getGoodsDetail.do?goodsNo=B000000204027&dispCatNo=90000010009&trackingCd=Best_Sellingbest&t_page=랭킹&t_click=판매랭킹_건강식품_상품상세&t_number=60
건강식품,61,GNM자연의품격,GNM 코큐텐11 1박스 (1개월분),https://www.oliveyoung.co.kr/store/goods/getGoodsDetail.do?goodsNo=B000000204026&dispCatNo=90000010009&trackingCd=Best_Sellingbest&t_page=랭킹&t_click=판매랭킹_건강식품_상품상세&t_number=61
건강식품,62,GNM자연의품격,GNM 프리미엄 비타민D 4000IU 90정 1병 (총 3개월분),https://www.oliveyoung.co.kr/store/goods/getGoodsDetail.do?goodsNo=B000000204025&dispCatNo=90000010009&trackingCd=Best_Sellingbest&t_page=랭킹&t_click=판매랭킹_건강식품_상품상세&t_number=62
건강식품,63,GNM자연의품격,GNM 수면건강엔 락티움 마그네슘 비타민B 1박스 (총 1개월분),https://www.oliveyoung.co.kr/store/goods/getGoodsDetail.do?goodsNo=B000000204024&dispCatNo=90000010009&trackingCd=Best_Sellingbest&t_page=랭킹&t_click=판매랭킹_건강식품_상품상세&t_number=63
건강식품,64,GNM자연의품격,GNM 위건강 헬리코박터 솔루션 1박스,https://www.oliveyoung.co.kr/store/goods/getGoodsDetail.do?goodsNo=B000000204023&dispCatNo=90000010009&trackingCd=Best_Sellingbest&t_page=랭킹&t_click=판매랭킹_건강식품_상품상세&t_number=64
건강식품,65,GNM자연의품격,GNM 혈당케어 바나바잎추출물 60정 1박스 (총 2개월분),https://www.oliveyoung.co.kr/store/goods/getGoodsDetail.do?goodsNo=B000000204022&dispCatNo=90000010009&trackingCd=Best_Sellingbest&t_page=랭킹&t_click=판매랭킹_건강식품_상품상세&t_number=65
건강식품,66,GNM자연의품격,GNM 루테인 지아잔틴 아스타잔틴 1박스(총 1개월분),https://www.oliveyoung.co.kr/store/goods/getGoodsDetail.do?goodsNo=B000000204017&dispCatNo=90000010009&trackingCd=Best_Sellingbest&t_page=랭킹&t_click=판매랭킹_건강식품_상품상세&t_number=66
건강식품,67,GNM자연의품격,GNM 초임계 식물성 알티지오메가3 비건 60캡슐 1박스 (총 1개월분),https://www.oliveyoung.co.kr/store/goods/getGoodsDetail.do?goodsNo=B000000204013&dispCatNo=90000010009&trackingCd=Best_Sellingbest&t_page=랭킹&t_click=판매랭킹_건강식품_상품상세&t_number=67
건강식품,68,GNM자연의품격,GNM rTG 알티지오메가3 60캡슐 1박스,https://www.oliveyoung.co.kr/store/goods/getGoodsDetail.do?goodsNo=B000000204011&dispCatNo=90000010009&trackingCd=Best_Sellingbest&t_page=랭킹&t_click=판매랭킹_건강식품_상품상세&t_number=68
건강식품,69,GNM자연의품격,GNM 50억 보장 장 건강해질 유산균 1박스,https://www.oliveyoung.co.kr/store/goods/getGoodsDetail.do?goodsNo=B000000204009&dispCatNo=90000010009&trackingCd=Best_Sellingbest&t_page=랭킹&t_click=판매랭킹_건강식품_상품상세&t_number=69
건강식품,70,GNM자연의품격,GNM 종합비타민 미네랄 구미 젤리 20구미 6팩(2개월분),https://www.oliveyoung.co.kr/store/goods/getGoodsDetail.do?goodsNo=B000000204008&dispCatNo=90000010009&trackingCd=Best_Sellingbest&t_page=랭킹&t_click=판매랭킹_건강식품_상품상세&t_number=70
건강식품,71,GNM자연의품격,GNM 행운충전 멀티비타민 미네랄 구미 60구미 2개입,https://www.oliveyoung.co.kr/store/goods/getGoodsDetail.do?goodsNo=B000000204006&dispCatNo=90000010009&trackingCd=Best_Sellingbest&t_page=랭킹&t_click=판매랭킹_건강식품_상품상세&t_number=71
건강식품,72,GNM자연의품격,"GNM 프리미엄 리포좀 비타민C 1,000mg 30정 1박스(1개월분)",https://www.oliveyoung.co.kr/store/goods/getGoodsDetail.do?goodsNo=B000000204002&dispCatNo=90000010009&trackingCd=Best_Sellingbest&t_page=랭킹&t_click=판매랭킹_건강식품_상품상세&t_number=72
건강식품,73,GNM자연의품격,GNM 장용성 이뮨 종합비타민 미네랄 60정 1박스(2개월분),https://www.oliveyoung.co.kr/store/goods/getGoodsDetail.do?goodsNo=B000000204001&dispCatNo=90000010009&trackingCd=Best_Sellingbest&t_page=랭킹&t_click=판매랭킹_건강식품_상품상세&t_number=73
건강식품,74,GNM자연의품격,GNM 칼슘 마그네슘 아연 비타민D 90정 1병(3개월분),https://www.oliveyoung.co.kr/store/goods/getGoodsDetail.do?goodsNo=B000000203999&dispCatNo=90000010009&trackingCd=Best_Sellingbest&t_page=랭킹&t_click=판매랭킹_건강식품_상품상세&t_number=74
건강식품,75,GNM자연의품격,GNM 올인원 뉴트리션 멀티비타민 코큐텐 1박스(1개월분),https://www.oliveyoung.co.kr/store/goods/getGoodsDetail.do?goodsNo=B000000203996&dispCatNo=90000010009&trackingCd=Best_Sellingbest&t_page=랭킹&t_click=판매랭킹_건강식품_상품상세&t_number=75
건강식품,76,GNM자연의품격,GNM 올인원 뉴트리션 멀티비타민 칼슘마그네슘 1박스(1개월분),https://www.oliveyoung.co.kr/store/goods/getGoodsDetail.do?goodsNo=B000000203995&dispCatNo=90000010009&trackingCd=Best_Sellingbest&t_page=랭킹&t_click=판매랭킹_건강식품_상품상세&t_number=76
건강식품,77,이너시아,이너시아 더 케어 업-솔션 이너시톨 2.0 28포(28일분),https://www.oliveyoung.co.kr/store/goods/getGoodsDetail.do?goodsNo=A000000203991&dispCatNo=90000010009&trackingCd=Best_Sellingbest&t_page=랭킹&t_click=판매랭킹_건강식품_상품상세&t_number=77
건강식품,78,GNM자연의품격,GNM 올인원 뉴트리션 멀티비타민 1박스(30일분),https://www.oliveyoung.co.kr/store/goods/getGoodsDetail.do?goodsNo=B000000203990&dispCatNo=90000010009&trackingCd=Best_Sellingbest&t_page=랭킹&t_click=판매랭킹_건강식품_상품상세&t_number=78
건강식품,79,GNM자연의품격,GNM 건강한 간 밀크씨슬 30정 1박스(30일분),https://www.oliveyoung.co.kr/store/goods/getGoodsDetail.do?goodsNo=B000000203986&dispCatNo=90000010009&trackingCd=Best_Sellingbest&t_page=랭킹&t_click=판매랭킹_건강식품_상품상세&t_number=79
건강식품,80,려원담,려원담 짱구는못말려 6년근 홍삼정 에버타임 스탠다드 20포,https://www.oliveyoung.co.kr/store/goods/getGoodsDetail.do?goodsNo=B000000203976&dispCatNo=90000010009&trackingCd=Best_Sellingbest&t_page=랭킹&t_click=판매랭킹_건강식품_상품상세&t_number=80
건강식품,81,GNM자연의품격,GNM 피부 보습엔 히알루론산 30캡슐 1박스(1개월분),https://www.oliveyoung.co.kr/store/goods/getGoodsDetail.do?goodsNo=B000000203965&dispCatNo=90000010009&trackingCd=Best_Sellingbest&t_page=랭킹&t_click=판매랭킹_건강식품_상품상세&t_number=81
건강식품,82,GNM자연의품격,GNM 어린 피쉬콜라겐 비오틴 비타민C 30포 1박스(15일분),https://www.oliveyoung.co.kr/store/goods/getGoodsDetail.do?goodsNo=B000000203964&dispCatNo=90000010009&trackingCd=Best_Sellingbest&t_page=랭킹&t_click=판매랭킹_건강식품_상품상세&t_number=82
건강식품,83,GNM자연의품격,GNM 장 피부 면역력엔 알로에 15포 1박스,https://www.oliveyoung.co.kr/store/goods/getGoodsDetail.do?goodsNo=B000000203962&dispCatNo=90000010009&trackingCd=Best_Sellingbest&t_page=랭킹&t_click=판매랭킹_건강식품_상품상세&t_number=83
건강식품,84,GNM자연의품격,GNM 석류 콜라겐 젤리 스틱 15포 1박스,https://www.oliveyoung.co.kr/store/goods/getGoodsDetail.do?goodsNo=B000000203961&dispCatNo=90000010009&trackingCd=Best_Sellingbest&t_page=랭킹&t_click=판매랭킹_건강식품_상품상세&t_number=84
건강식품,85,GNM자연의품격,GNM 글루타치온 필름 스트레이트 30매 1박스(30일분),https://www.oliveyoung.co.kr/store/goods/getGoodsDetail.do?goodsNo=B000000203959&dispCatNo=90000010009&trackingCd=Best_Sellingbest&t_page=랭킹&t_click=판매랭킹_건강식품_상품상세&t_number=85
건강식품,86,GNM자연의품격,GNM 엘라스틴 저분자 콜라겐 비오틴 비타민C 15포 1박스(15일분),https://www.oliveyoung.co.kr/store/goods/getGoodsDetail.do?goodsNo=B000000203958&dispCatNo=90000010009&trackingCd=Best_Sellingbest&t_page=랭킹&t_click=판매랭킹_건강식품_상품상세&t_number=86
건강식품,87,GNM자연의품격,GNM 유산균 곡물발효효소 식이섬유 30포 1박스(온),https://www.oliveyoung.co.kr/store/goods/getGoodsDetail.do?goodsNo=B000000203956&dispCatNo=90000010009&trackingCd=Best_Sellingbest&t_page=랭킹&t_click=판매랭킹_건강식품_상품상세&t_number=87
건강식품,88,GNM자연의품격,GNM 지금은 힘낼시간 건강한 간 밀크씨슬 선물세트 (총 5개월분)(온),https://www.oliveyoung.co.kr/store/goods/getGoodsDetail.do?goodsNo=B000000203777&dispCatNo=90000010009&trackingCd=Best_Sellingbest&t_page=랭킹&t_click=판매랭킹_건강식품_상품상세&t_number=88
건강식품,89,안국건강,안국건강 아이메가 rTG 오메가3 미니 60캡슐 (1개월분) (온),https://www.oliveyoung.co.kr/store/goods/getGoodsDetail.do?goodsNo=A000000203751&dispCatNo=90000010009&trackingCd=Best_Sellingbest&t_page=랭킹&t_click=판매랭킹_건강식품_상품상세&t_number=89
건강식품,90,메디트리,메디트리 콜레스테롤 앤 혈당케어 60정(1개월분),https://www.oliveyoung.co.kr/store/goods/getGoodsDetail.do?goodsNo=A000000203736&dispCatNo=90000010009&trackingCd=Best_Sellingbest&t_page=랭킹&t_click=판매랭킹_건강식품_상품상세&t_number=90
건강식품,91,비비랩,비비랩 저분자콜라겐S 30포+미니10포 한정기획 (40일분),https://www.oliveyoung.co.kr/store/goods/getGoodsDetail.do?goodsNo=A000000203733&dispCatNo=90000010009&trackingCd=Best_Sellingbest&t_page=랭킹&t_click=판매랭킹_건강식품_상품상세&t_number=91
건강식품,92,덴프스,덴프스 덴마크 유산균이야기 30캡슐 더블기획 (60일분),https://www.oliveyoung.co.kr/store/goods/getGoodsDetail.do?goodsNo=A000000203718&dispCatNo=90000010009&trackingCd=Best_Sellingbest&t_page=랭킹&t_click=판매랭킹_건강식품_상품상세&t_number=92
건강식품,93,닥터랩노쉬,[지효 PICK]닥터랩노쉬 애플사이다비니거 구미 60정 (4주분)(온),https://www.oliveyoung.co.kr/store/goods/getGoodsDetail.do?goodsNo=A000000203709&dispCatNo=90000010009&trackingCd=Best_Sellingbest&t_page=랭킹&t_click=판매랭킹_건강식품_상품상세&t_number=93
건강식품,94,뉴트리코어,뉴트리코어 초임계 루테인 60캡슐(2개월분),https://www.oliveyoung.co.kr/store/goods/getGoodsDetail.do?goodsNo=A000000203556&dispCatNo=90000010009&trackingCd=Best_Sellingbest&t_page=랭킹&t_click=판매랭킹_건강식품_상품상세&t_number=94
건강식품,95,뉴트리코어,"뉴트리코어 초임계 식물성 알티지오메가3 1,126mgx30캡슐",https://www.oliveyoung.co.kr/store/goods/getGoodsDetail.do?goodsNo=A000000203554&dispCatNo=90000010009&trackingCd=Best_Sellingbest&t_page=랭킹&t_click=판매랭킹_건강식품_상품상세&t_number=95
건강식품,96,뉴트리코어,뉴트리코어 맥스 글루타치온 30매(온),https://www.oliveyoung.co.kr/store/goods/getGoodsDetail.do?goodsNo=A000000203553&dispCatNo=90000010009&trackingCd=Best_Sellingbest&t_page=랭킹&t_click=판매랭킹_건강식품_상품상세&t_number=96
건강식품,97,뉴트리코어,뉴트리코어 콜라겐담다 20gx15포,https://www.oliveyoung.co.kr/store/goods/getGoodsDetail.do?goodsNo=A000000203547&dispCatNo=90000010009&trackingCd=Best_Sellingbest&t_page=랭킹&t_click=판매랭킹_건강식품_상품상세&t_number=97
건강식품,98,뉴트리코어,뉴트리코어 유기농 비타민D 100IU(2개월분)(온),https://www.oliveyoung.co.kr/store/goods/getGoodsDetail.do?goodsNo=A000000203546&dispCatNo=90000010009&trackingCd=Best_Sellingbest&t_page=랭킹&t_click=판매랭킹_건강식품_상품상세&t_number=98
건강식품,99,뉴트리코어,"뉴트리코어 코엔자임Q10 1,000mgx30캡슐",https://www.oliveyoung.co.kr/store/goods/getGoodsDetail.do?goodsNo=A000000203544&dispCatNo=90000010009&trackingCd=Best_Sellingbest&t_page=랭킹&t_click=판매랭킹_건강식품_상품상세&t_number=99
건강식품,100,닥터블릿,닥터블릿 푸응 다이어트14포 (7일분) (2403),https://www.oliveyoung.co.kr/store/goods/getGoodsDetail.do?goodsNo=A000000203543&dispCatNo=90000010009&trackingCd=Best_Sellingbest&t_page=랭킹&t_click=판매랭킹_건강식품_상품상세&t_number=100
푸드,1,딜라이트 프로젝트,딜라이트 프로젝트 곤약워터젤리 5종 택1,https://www.oliveyoung.co.kr/store/goods/getGoodsDetail.do?goodsNo=A000000154194&dispCatNo=90000010009&trackingCd=Best_Sellingbest&t_page=랭킹&t_click=판매랭킹_푸드_상품상세&t_number=1
푸드,2,딜라이트 프로젝트,[선물추천] 딜라이트 프로젝트 베이글칩 5종 컬렉션,https://www.oliveyoung.co.kr/store/goods/getGoodsDetail.do?goodsNo=A000000170775&dispCatNo=90000010009&trackingCd=Best_Sellingbest&t_page=랭킹&t_click=판매랭킹_푸드_상품상세&t_number=2
푸드,3,아임닭,아임닭 닭가슴살 꾸이칩 스파이시 30g,https://www.oliveyoung.co.kr/store/goods/getGoodsDetail.do?goodsNo=A000000127399&dispCatNo=90000010009&trackingCd=Best_Sellingbest&t_page=랭킹&t_click=판매랭킹_푸드_상품상세&t_number=3
푸드,4,프로티원,[4월 올영픽] 프로티원 단백질쉐이크 파우치형 40g 4종 택1,https://www.oliveyoung.co.kr/store/goods/getGoodsDetail.do?goodsNo=A000000202771&dispCatNo=90000010009&trackingCd=Best_Sellingbest&t_page=랭킹&t_click=판매랭킹_푸드_상품상세&t_number=4
푸드,5,딜라이트 프로젝트,딜라이트 프로젝트 프레첼 2종 택1,https://www.oliveyoung.co.kr/store/goods/getGoodsDetail.do?goodsNo=A000000147782&dispCatNo=90000010009&trackingCd=Best_Sellingbest&t_page=랭킹&t_click=판매랭킹_푸드_상품상세&t_number=5
푸드,6,티트리트,[4월 올영PICK] 티트리트 푸룬딥스트롱 180ml,https://www.oliveyoung.co.kr/store/goods/getGoodsDetail.do?goodsNo=A000000186434&dispCatNo=90000010009&trackingCd=Best_Sellingbest&t_page=랭킹&t_click=판매랭킹_푸드_상품상세&t_number=6
푸드,7,코피코,코피코 슈가프리 커피맛캔디 블리스터 32g,https://www.oliveyoung.co.kr/store/goods/getGoodsDetail.do?goodsNo=A000000182632&dispCatNo=90000010009&trackingCd=Best_Sellingbest&t_page=랭킹&t_click=판매랭킹_푸드_상품상세&t_number=7
푸드,8,프로티원,[무료배송] 프로티원 단백질쉐이크 대용량 4종 택1 (1ea/2ea),https://www.oliveyoung.co.kr/store/goods/getGoodsDetail.do?goodsNo=B000000196839&dispCatNo=90000010009&trackingCd=Best_Sellingbest&t_page=랭킹&t_click=판매랭킹_푸드_상품상세&t_number=8
푸드,9,테일러,NEW 테일러 푸룬 딥워터 180ml 오리지널/매실/콤부차/자몽 4종 택1,https://www.oliveyoung.co.kr/store/goods/getGoodsDetail.do?goodsNo=A000000165976&dispCatNo=90000010009&trackingCd=Best_Sellingbest&t_page=랭킹&t_click=판매랭킹_푸드_상품상세&t_number=9
푸드,10,플라이밀,플라이밀 단백질쉐이크 630g 보틀기획 (6가지맛),https://www.oliveyoung.co.kr/store/goods/getGoodsDetail.do?goodsNo=B000000192882&dispCatNo=90000010009&trackingCd=Best_Sellingbest&t_page=랭킹&t_click=판매랭킹_푸드_상품상세&t_number=10
푸드,11,딜라이트 프로젝트,딜라이트 프로젝트 명인 콩마요 찹쌀연근부각,https://www.oliveyoung.co.kr/store/goods/getGoodsDetail.do?goodsNo=A000000199882&dispCatNo=90000010009&trackingCd=Best_Sellingbest&t_page=랭킹&t_click=판매랭킹_푸드_상품상세&t_number=11
푸드,12,딜라이트 프로젝트,"딜라이트 프로젝트 쫀득한 군고구마, 망고말랭이 대용량 기획",https://www.oliveyoung.co.kr/store/goods/getGoodsDetail.do?goodsNo=A000000162822&dispCatNo=90000010009&trackingCd=Best_Sellingbest&t_page=랭킹&t_click=판매랭킹_푸드_상품상세&t_number=12
푸드,13,딜라이트 프로젝트,딜라이트 프로젝트 베이글칩 6종 택1,https://www.oliveyoung.co.kr/store/goods/getGoodsDetail.do?goodsNo=A000000147779&dispCatNo=90000010009&trackingCd=Best_Sellingbest&t_page=랭킹&t_click=판매랭킹_푸드_상품상세&t_number=13
푸드,14,딜라이트 프로젝트,딜라이트 프로젝트 버터갈릭 프레첼 70g,https://www.oliveyoung.co.kr/store/goods/getGoodsDetail.do?goodsNo=A000000144115&dispCatNo=90000010009&trackingCd=Best_Sellingbest&t_page=랭킹&t_click=판매랭킹_푸드_상품상세&t_number=14
푸드,15,딜라이트 프로젝트,딜라이트 프로젝트 벌꿀약과,https://www.oliveyoung.co.kr/store/goods/getGoodsDetail.do?goodsNo=A000000173602&dispCatNo=90000010009&trackingCd=Best_Sellingbest&t_page=랭킹&t_click=판매랭킹_푸드_상품상세&t_number=15
푸드,16,콩절미,[고소한콩고물스낵] 넥스쳐이원 콩절미 60g,https://www.oliveyoung.co.kr/store/goods/getGoodsDetail.do?goodsNo=A000000101933&dispCatNo=90000010009&trackingCd=Best_Sellingbest&t_page=랭킹&t_click=판매랭킹_푸드_상품상세&t_number=16
푸드,17,허닭,[허닭] 닭가슴살 스테이크/큐브/볼/소시지 80종 1+1 골라담기,https://www.oliveyoung.co.kr/store/goods/getGoodsDetail.do?goodsNo=B000000198261&dispCatNo=90000010009&trackingCd=Best_Sellingbest&t_page=랭킹&t_click=판매랭킹_푸드_상품상세&t_number=17
푸드,18,딜라이트 프로젝트,딜라이트 프로젝트 쫀득한 망고말랭이 5입기획,https://www.oliveyoung.co.kr/store/goods/getGoodsDetail.do?goodsNo=A000000145822&dispCatNo=90000010009&trackingCd=Best_Sellingbest&t_page=랭킹&t_click=판매랭킹_푸드_상품상세&t_number=18
푸드,19,그린몬스터,[4월 올영픽/1+1] 그린몬스터 디톡 콤부차 10T 5종 택1(허니자몽/납작복숭아/석류히비스커스/패션후르츠/레몬홍차),https://www.oliveyoung.co.kr/store/goods/getGoodsDetail.do?goodsNo=A000000162282&dispCatNo=90000010009&trackingCd=Best_Sellingbest&t_page=랭킹&t_click=판매랭킹_푸드_상품상세&t_number=19
푸드,20,비브리브,"비브리브 꼬박꼬밥 5종 중 택1(미숫가루,초코,스윗콘,밤,흑임자)",https://www.oliveyoung.co.kr/store/goods/getGoodsDetail.do?goodsNo=A000000170666&dispCatNo=90000010009&trackingCd=Best_Sellingbest&t_page=랭킹&t_click=판매랭킹_푸드_상품상세&t_number=20
푸드,21,더단백,빙그레 더단백 팝칩 군옥수수,https://www.oliveyoung.co.kr/store/goods/getGoodsDetail.do?goodsNo=A000000186026&dispCatNo=90000010009&trackingCd=Best_Sellingbest&t_page=랭킹&t_click=판매랭킹_푸드_상품상세&t_number=21
푸드,22,딜라이트 프로젝트,딜라이트 프로젝트 명인 찹쌀오징어채부각,https://www.oliveyoung.co.kr/store/goods/getGoodsDetail.do?goodsNo=A000000199842&dispCatNo=90000010009&trackingCd=Best_Sellingbest&t_page=랭킹&t_click=판매랭킹_푸드_상품상세&t_number=22
푸드,23,허닭,[허닭] 다이어트 도시락 4종4팩 + 잡곡밥 도시락 6종 6팩,https://www.oliveyoung.co.kr/store/goods/getGoodsDetail.do?goodsNo=B000000146550&dispCatNo=90000010009&trackingCd=Best_Sellingbest&t_page=랭킹&t_click=판매랭킹_푸드_상품상세&t_number=23
푸드,24,딜라이트 프로젝트,딜라이트 프로젝트 더티초코팝콘,https://www.oliveyoung.co.kr/store/goods/getGoodsDetail.do?goodsNo=A000000190889&dispCatNo=90000010009&trackingCd=Best_Sellingbest&t_page=랭킹&t_click=판매랭킹_푸드_상품상세&t_number=24
푸드,25,딜라이트 프로젝트,딜라이트 프로젝트 베이글칩 125g 어워즈 한정 기획 2종 (갈릭/허니),https://www.oliveyoung.co.kr/store/goods/getGoodsDetail.do?goodsNo=A000000192363&dispCatNo=90000010009&trackingCd=Best_Sellingbest&t_page=랭킹&t_click=판매랭킹_푸드_상품상세&t_number=25
푸드,26,허닭,[허닭] 주먹밥/곤약볶음밥/다이어트도시락 외 간편식 1+1 골라담기,https://www.oliveyoung.co.kr/store/goods/getGoodsDetail.do?goodsNo=B000000198264&dispCatNo=90000010009&trackingCd=Best_Sellingbest&t_page=랭킹&t_click=판매랭킹_푸드_상품상세&t_number=26
푸드,27,그린몬스터,[SINCE 1997] 그린몬스터 헐리우드48시간 원조 비건 클렌즈 947ml,https://www.oliveyoung.co.kr/store/goods/getGoodsDetail.do?goodsNo=A000000016494&dispCatNo=90000010009&trackingCd=Best_Sellingbest&t_page=랭킹&t_click=판매랭킹_푸드_상품상세&t_number=27
푸드,28,베지밀,베지밀 담백한A 검은콩 190ml*16입,https://www.oliveyoung.co.kr/store/goods/getGoodsDetail.do?goodsNo=A000000182839&dispCatNo=90000010009&trackingCd=Best_Sellingbest&t_page=랭킹&t_click=판매랭킹_푸드_상품상세&t_number=28
푸드,29,티트리트,티트리트 여우티 11T+11T,https://www.oliveyoung.co.kr/store/goods/getGoodsDetail.do?goodsNo=A000000145744&dispCatNo=90000010009&trackingCd=Best_Sellingbest&t_page=랭킹&t_click=판매랭킹_푸드_상품상세&t_number=29
푸드,30,베지밀,베지밀 17곡 한끼두유 190ml 16입,https://www.oliveyoung.co.kr/store/goods/getGoodsDetail.do?goodsNo=A000000140872&dispCatNo=90000010009&trackingCd=Best_Sellingbest&t_page=랭킹&t_click=판매랭킹_푸드_상품상세&t_number=30
푸드,31,딜라이트 프로젝트,딜라이트 프로젝트 명인 콩마요 김부각,https://www.oliveyoung.co.kr/store/goods/getGoodsDetail.do?goodsNo=A000000161124&dispCatNo=90000010009&trackingCd=Best_Sellingbest&t_page=랭킹&t_click=판매랭킹_푸드_상품상세&t_number=31
푸드,32,딜라이트 프로젝트,딜라이트 프로젝트 명인 부각 4종/기획 택1,https://www.oliveyoung.co.kr/store/goods/getGoodsDetail.do?goodsNo=A000000161129&dispCatNo=90000010009&trackingCd=Best_Sellingbest&t_page=랭킹&t_click=판매랭킹_푸드_상품상세&t_number=32
푸드,33,라이블링,"라이블링 클렌즈 15ml*30포 4종(매실맛,애사비레몬맛&자몽맛,청사과맛) 택1",https://www.oliveyoung.co.kr/store/goods/getGoodsDetail.do?goodsNo=B000000190675&dispCatNo=90000010009&trackingCd=Best_Sellingbest&t_page=랭킹&t_click=판매랭킹_푸드_상품상세&t_number=33
푸드,34,델리스푼,델리스푼 로슈얼 시리얼 35g 2종 중 택 1(카카오맛/옥수수맛),https://www.oliveyoung.co.kr/store/goods/getGoodsDetail.do?goodsNo=A000000191689&dispCatNo=90000010009&trackingCd=Best_Sellingbest&t_page=랭킹&t_click=판매랭킹_푸드_상품상세&t_number=34
푸드,35,프로티원,[무료배송] 프로티원 단백질쉐이크 파우치 4종 택1 1BOX(7팩)/2BOX(14팩),https://www.oliveyoung.co.kr/store/goods/getGoodsDetail.do?goodsNo=B000000200320&dispCatNo=90000010009&trackingCd=Best_Sellingbest&t_page=랭킹&t_click=판매랭킹_푸드_상품상세&t_number=35
푸드,36,티트리트,티트리트 여우티 PET 500ml,https://www.oliveyoung.co.kr/store/goods/getGoodsDetail.do?goodsNo=A000000142659&dispCatNo=90000010009&trackingCd=Best_Sellingbest&t_page=랭킹&t_click=판매랭킹_푸드_상품상세&t_number=36
푸드,37,프로틴방앗간,하루단백바 제트 시나몬츄러스맛 40g,https://www.oliveyoung.co.kr/store/goods/getGoodsDetail.do?goodsNo=A000000179718&dispCatNo=90000010009&trackingCd=Best_Sellingbest&t_page=랭킹&t_click=판매랭킹_푸드_상품상세&t_number=37
푸드,38,부샤드,부샤드 나폴리탄 다크 72 초콜릿 132g,https://www.oliveyoung.co.kr/store/goods/getGoodsDetail.do?goodsNo=A000000174400&dispCatNo=90000010009&trackingCd=Best_Sellingbest&t_page=랭킹&t_click=판매랭킹_푸드_상품상세&t_number=38
푸드,39,크리스탈 라이트​,크리스탈라이트 10+2P 기획 4종 중 택1,https://www.oliveyoung.co.kr/store/goods/getGoodsDetail.do?goodsNo=A000000198686&dispCatNo=90000010009&trackingCd=Best_Sellingbest&t_page=랭킹&t_click=판매랭킹_푸드_상품상세&t_number=39
푸드,40,베노프,베노프 소프트바 프로틴바 버라이어티팩 10개입,https://www.oliveyoung.co.kr/store/goods/getGoodsDetail.do?goodsNo=B000000191108&dispCatNo=90000010009&trackingCd=Best_Sellingbest&t_page=랭킹&t_click=판매랭킹_푸드_상품상세&t_number=40
푸드,41,라메르풀라르,라메르풀라르 쿠키 125g 5종 택 1,https://www.oliveyoung.co.kr/store/goods/getGoodsDetail.do?goodsNo=A000000168095&dispCatNo=90000010009&trackingCd=Best_Sellingbest&t_page=랭킹&t_click=판매랭킹_푸드_상품상세&t_number=41
푸드,42,딜라이트 프로젝트,딜라이트 프로젝트 더티초코프레첼,https://www.oliveyoung.co.kr/store/goods/getGoodsDetail.do?goodsNo=A000000190892&dispCatNo=90000010009&trackingCd=Best_Sellingbest&t_page=랭킹&t_click=판매랭킹_푸드_상품상세&t_number=42
푸드,43,네슬레,프루팁스 140g 3종 중 택1,https://www.oliveyoung.co.kr/store/goods/getGoodsDetail.do?goodsNo=A000000193319&dispCatNo=90000010009&trackingCd=Best_Sellingbest&t_page=랭킹&t_click=판매랭킹_푸드_상품상세&t_number=43
푸드,44,플라이밀,플라이밀 단백질쉐이크 45g 4종 택1,https://www.oliveyoung.co.kr/store/goods/getGoodsDetail.do?goodsNo=A000000190168&dispCatNo=90000010009&trackingCd=Best_Sellingbest&t_page=랭킹&t_click=판매랭킹_푸드_상품상세&t_number=44
푸드,45,그린몬스터,[1일 1병] 그린몬스터 데일리 헐리우드48시간 원조 비건 클렌즈,https://www.oliveyoung.co.kr/store/goods/getGoodsDetail.do?goodsNo=A000000179954&dispCatNo=90000010009&trackingCd=Best_Sellingbest&t_page=랭킹&t_click=판매랭킹_푸드_상품상세&t_number=45
푸드,46,에치와이,에치와이 갓비움 야쿠르트 100ml,https://www.oliveyoung.co.kr/store/goods/getGoodsDetail.do?goodsNo=A000000189030&dispCatNo=90000010009&trackingCd=Best_Sellingbest&t_page=랭킹&t_click=판매랭킹_푸드_상품상세&t_number=46
푸드,47,딜라이트 프로젝트,딜라이트 프로젝트 과일칩 4종 택1,https://www.oliveyoung.co.kr/store/goods/getGoodsDetail.do?goodsNo=A000000156092&dispCatNo=90000010009&trackingCd=Best_Sellingbest&t_page=랭킹&t_click=판매랭킹_푸드_상품상세&t_number=47
푸드,48,딜라이트 프로젝트,딜라이트 프로젝트 바삭한 원물 믹스칩 5종 택1,https://www.oliveyoung.co.kr/store/goods/getGoodsDetail.do?goodsNo=A000000164693&dispCatNo=90000010009&trackingCd=Best_Sellingbest&t_page=랭킹&t_click=판매랭킹_푸드_상품상세&t_number=48
푸드,49,딜라이트 프로젝트,딜라이트 프로젝트 더티초코 디저트 3종,https://www.oliveyoung.co.kr/store/goods/getGoodsDetail.do?goodsNo=A000000189568&dispCatNo=90000010009&trackingCd=Best_Sellingbest&t_page=랭킹&t_click=판매랭킹_푸드_상품상세&t_number=49
푸드,50,리콜라,[NEW] 리콜라 크랜베리 40g,https://www.oliveyoung.co.kr/store/goods/getGoodsDetail.do?goodsNo=A000000153718&dispCatNo=90000010009&trackingCd=Best_Sellingbest&t_page=랭킹&t_click=판매랭킹_푸드_상품상세&t_number=50
푸드,51,프롬잇,프롬잇 프로틴칩 6종 택1,https://www.oliveyoung.co.kr/store/goods/getGoodsDetail.do?goodsNo=A000000156090&dispCatNo=90000010009&trackingCd=Best_Sellingbest&t_page=랭킹&t_click=판매랭킹_푸드_상품상세&t_number=51
푸드,52,하리보,하리보 해피콜라 100g,https://www.oliveyoung.co.kr/store/goods/getGoodsDetail.do?goodsNo=A000000171860&dispCatNo=90000010009&trackingCd=Best_Sellingbest&t_page=랭킹&t_click=판매랭킹_푸드_상품상세&t_number=52
푸드,53,퀼리,퀼리 브래드스틱 블랙올리브 50g,https://www.oliveyoung.co.kr/store/goods/getGoodsDetail.do?goodsNo=A000000117958&dispCatNo=90000010009&trackingCd=Best_Sellingbest&t_page=랭킹&t_click=판매랭킹_푸드_상품상세&t_number=53
푸드,54,퀼리,퀼리 브래드스틱 치즈 50g,https://www.oliveyoung.co.kr/store/goods/getGoodsDetail.do?goodsNo=A000000118009&dispCatNo=90000010009&trackingCd=Best_Sellingbest&t_page=랭킹&t_click=판매랭킹_푸드_상품상세&t_number=54
푸드,55,쌍계명차,쌍계명차 전통차 100티백 모음 10종 택1,https://www.oliveyoung.co.kr/store/goods/getGoodsDetail.do?goodsNo=B000000182173&dispCatNo=90000010009&trackingCd=Best_Sellingbest&t_page=랭킹&t_click=판매랭킹_푸드_상품상세&t_number=55
푸드,56,딜라이트 프로젝트,딜라이트 프로젝트 빨미까레,https://www.oliveyoung.co.kr/store/goods/getGoodsDetail.do?goodsNo=A000000190898&dispCatNo=90000010009&trackingCd=Best_Sellingbest&t_page=랭킹&t_click=판매랭킹_푸드_상품상세&t_number=56
푸드,57,아몬드브리즈,아몬드브리즈 오리지널 190ml,https://www.oliveyoung.co.kr/store/goods/getGoodsDetail.do?goodsNo=A000000199412&dispCatNo=90000010009&trackingCd=Best_Sellingbest&t_page=랭킹&t_click=판매랭킹_푸드_상품상세&t_number=57
푸드,58,프레첼,프레첼갈릭버터맛85g,https://www.oliveyoung.co.kr/store/goods/getGoodsDetail.do?goodsNo=A000000004427&dispCatNo=90000010009&trackingCd=Best_Sellingbest&t_page=랭킹&t_click=판매랭킹_푸드_상품상세&t_number=58
푸드,59,삼다수,제주삼다수 500ml 20pet (유/무 라벨 랜덤) [제주 배송 불가],https://www.oliveyoung.co.kr/store/goods/getGoodsDetail.do?goodsNo=B000000170907&dispCatNo=90000010009&trackingCd=Best_Sellingbest&t_page=랭킹&t_click=판매랭킹_푸드_상품상세&t_number=59
푸드,60,벤엔제리스,벤앤제리스 초코칩쿠키도우 파인트 473ml,https://www.oliveyoung.co.kr/store/goods/getGoodsDetail.do?goodsNo=B000000155388&dispCatNo=90000010009&trackingCd=Best_Sellingbest&t_page=랭킹&t_click=판매랭킹_푸드_상품상세&t_number=60
푸드,61,벤엔제리스,벤앤제리스 초코퍼지브라우니 파인트 473ml,https://www.oliveyoung.co.kr/store/goods/getGoodsDetail.do?goodsNo=B000000155389&dispCatNo=90000010009&trackingCd=Best_Sellingbest&t_page=랭킹&t_click=판매랭킹_푸드_상품상세&t_number=61
푸드,62,벤엔제리스,벤앤제리스 하프베이크드 파인트 473ml,https://www.oliveyoung.co.kr/store/goods/getGoodsDetail.do?goodsNo=B000000164289&dispCatNo=90000010009&trackingCd=Best_Sellingbest&t_page=랭킹&t_click=판매랭킹_푸드_상품상세&t_number=62
푸드,63,쏙차,"가벼운 쏙차 15+5포, 당차 15포, 빼차 15포 택1 (오르조,자몽맛,레몬맛)",https://www.oliveyoung.co.kr/store/goods/getGoodsDetail.do?goodsNo=A000000203501&dispCatNo=90000010009&trackingCd=Best_Sellingbest&t_page=랭킹&t_click=판매랭킹_푸드_상품상세&t_number=63
푸드,64,HBAF,HBAF 먼투썬 하루견과 200g 6종 택 1,https://www.oliveyoung.co.kr/store/goods/getGoodsDetail.do?goodsNo=A000000180337&dispCatNo=90000010009&trackingCd=Best_Sellingbest&t_page=랭킹&t_click=판매랭킹_푸드_상품상세&t_number=64
푸드,65,낫띵베럴,낫띵베럴 럽티 호박차 15입,https://www.oliveyoung.co.kr/store/goods/getGoodsDetail.do?goodsNo=A000000129326&dispCatNo=90000010009&trackingCd=Best_Sellingbest&t_page=랭킹&t_click=판매랭킹_푸드_상품상세&t_number=65
푸드,66,티젠,티젠 마실수록 가벼워치는 보이차 워터믹스 10T,https://www.oliveyoung.co.kr/store/goods/getGoodsDetail.do?goodsNo=A000000103858&dispCatNo=90000010009&trackingCd=Best_Sellingbest&t_page=랭킹&t_click=판매랭킹_푸드_상품상세&t_number=66
푸드,67,티젠,티젠 콤부차 10T 10종 택1,https://www.oliveyoung.co.kr/store/goods/getGoodsDetail.do?goodsNo=A000000124481&dispCatNo=90000010009&trackingCd=Best_Sellingbest&t_page=랭킹&t_click=판매랭킹_푸드_상품상세&t_number=67
푸드,68,리터,리터 화이트 홀헤이즐넛100g,https://www.oliveyoung.co.kr/store/goods/getGoodsDetail.do?goodsNo=A000000182133&dispCatNo=90000010009&trackingCd=Best_Sellingbest&t_page=랭킹&t_click=판매랭킹_푸드_상품상세&t_number=68
푸드,69,HBAF,HBAF 카라멜솔티드 아몬드앤프레첼 120g,https://www.oliveyoung.co.kr/store/goods/getGoodsDetail.do?goodsNo=A000000138059&dispCatNo=90000010009&trackingCd=Best_Sellingbest&t_page=랭킹&t_click=판매랭킹_푸드_상품상세&t_number=69
푸드,70,HBAF,HBAF 허니버터아몬드 120g,https://www.oliveyoung.co.kr/store/goods/getGoodsDetail.do?goodsNo=A000000144777&dispCatNo=90000010009&trackingCd=Best_Sellingbest&t_page=랭킹&t_click=판매랭킹_푸드_상품상세&t_number=70
푸드,71,밀카,밀카 무 200g,https://www.oliveyoung.co.kr/store/goods/getGoodsDetail.do?goodsNo=A000000138085&dispCatNo=90000010009&trackingCd=Best_Sellingbest&t_page=랭킹&t_click=판매랭킹_푸드_상품상세&t_number=71
푸드,72,밀카,밀카 초코 슈프림 180g,https://www.oliveyoung.co.kr/store/goods/getGoodsDetail.do?goodsNo=A000000159141&dispCatNo=90000010009&trackingCd=Best_Sellingbest&t_page=랭킹&t_click=판매랭킹_푸드_상품상세&t_number=72
푸드,73,테일러,테일러 푸룬 농축 딥워터 180ml,https://www.oliveyoung.co.kr/store/goods/getGoodsDetail.do?goodsNo=A000000115097&dispCatNo=90000010009&trackingCd=Best_Sellingbest&t_page=랭킹&t_click=판매랭킹_푸드_상품상세&t_number=73
푸드,74,앤디스,앤디스 초코렛 (민트) 132g,https://www.oliveyoung.co.kr/store/goods/getGoodsDetail.do?goodsNo=A000000004442&dispCatNo=90000010009&trackingCd=Best_Sellingbest&t_page=랭킹&t_click=판매랭킹_푸드_상품상세&t_number=74
푸드,75,딜라이트 프로젝트,"딜라이트 프로젝트 프로틴 브라우니칩, 카스테라칩 100g",https://www.oliveyoung.co.kr/store/goods/getGoodsDetail.do?goodsNo=A000000175538&dispCatNo=90000010009&trackingCd=Best_Sellingbest&t_page=랭킹&t_click=판매랭킹_푸드_상품상세&t_number=75
푸드,76,딜라이트 프로젝트,딜라이트 프로젝트 쫀득한 복숭아말랭이 62g,https://www.oliveyoung.co.kr/store/goods/getGoodsDetail.do?goodsNo=A000000184490&dispCatNo=90000010009&trackingCd=Best_Sellingbest&t_page=랭킹&t_click=판매랭킹_푸드_상품상세&t_number=76
푸드,77,델리황,델리황 매운맛 20g,https://www.oliveyoung.co.kr/store/goods/getGoodsDetail.do?goodsNo=A000000111937&dispCatNo=90000010009&trackingCd=Best_Sellingbest&t_page=랭킹&t_click=판매랭킹_푸드_상품상세&t_number=77
푸드,78,딜라이트 프로젝트,딜라이트 프로젝트 쫀득한 군고구마 70g (국내산),https://www.oliveyoung.co.kr/store/goods/getGoodsDetail.do?goodsNo=A000000135605&dispCatNo=90000010009&trackingCd=Best_Sellingbest&t_page=랭킹&t_click=판매랭킹_푸드_상품상세&t_number=78
푸드,79,델리황,델리황 오리지널맛 15g,https://www.oliveyoung.co.kr/store/goods/getGoodsDetail.do?goodsNo=A000000147302&dispCatNo=90000010009&trackingCd=Best_Sellingbest&t_page=랭킹&t_click=판매랭킹_푸드_상품상세&t_number=79
푸드,80,딜라이트 프로젝트,딜라이트 프로젝트 상큼한 제주감귤칩,https://www.oliveyoung.co.kr/store/goods/getGoodsDetail.do?goodsNo=A000000199883&dispCatNo=90000010009&trackingCd=Best_Sellingbest&t_page=랭킹&t_click=판매랭킹_푸드_상품상세&t_number=80
푸드,81,딜라이트 프로젝트,딜라이트 프로젝트 바삭한 자색고구마칩 50g,https://www.oliveyoung.co.kr/store/goods/getGoodsDetail.do?goodsNo=A000000127946&dispCatNo=90000010009&trackingCd=Best_Sellingbest&t_page=랭킹&t_click=판매랭킹_푸드_상품상세&t_number=81
푸드,82,로아커,로아커 초콜릿크리스피 스트라치아텔라50g,https://www.oliveyoung.co.kr/store/goods/getGoodsDetail.do?goodsNo=A000000174030&dispCatNo=90000010009&trackingCd=Best_Sellingbest&t_page=랭킹&t_click=판매랭킹_푸드_상품상세&t_number=82
푸드,83,로아커,로아커 초콜릿크리스피 다크50g,https://www.oliveyoung.co.kr/store/goods/getGoodsDetail.do?goodsNo=A000000174032&dispCatNo=90000010009&trackingCd=Best_Sellingbest&t_page=랭킹&t_click=판매랭킹_푸드_상품상세&t_number=83
푸드,84,프로틴방앗간,하루단백바 45g 5종 택1 (카카오/흑임자/블론디오곡/치즈베리/헤이쑥),https://www.oliveyoung.co.kr/store/goods/getGoodsDetail.do?goodsNo=A000000169540&dispCatNo=90000010009&trackingCd=Best_Sellingbest&t_page=랭킹&t_click=판매랭킹_푸드_상품상세&t_number=84
푸드,85,랠리,"랠리 프로틴바 58g 4종 (초콜렛청크,그린티라떼,인절미,카카오카라멜)",https://www.oliveyoung.co.kr/store/goods/getGoodsDetail.do?goodsNo=A000000191300&dispCatNo=90000010009&trackingCd=Best_Sellingbest&t_page=랭킹&t_click=판매랭킹_푸드_상품상세&t_number=85
푸드,86,헤이바디,헤이바디 단백쿠키 피넛버터 40g,https://www.oliveyoung.co.kr/store/goods/getGoodsDetail.do?goodsNo=A000000186162&dispCatNo=90000010009&trackingCd=Best_Sellingbest&t_page=랭킹&t_click=판매랭킹_푸드_상품상세&t_number=86
푸드,87,헤이바디,헤이바디 단백칩 50g 6종 택1(어니언 / 레드페퍼 / 스위트콘 / 피자 / 오징어 / 치킨),https://www.oliveyoung.co.kr/store/goods/getGoodsDetail.do?goodsNo=A000000186959&dispCatNo=90000010009&trackingCd=Best_Sellingbest&t_page=랭킹&t_click=판매랭킹_푸드_상품상세&t_number=87
푸드,88,아이스붐,아이스붐 22g 2종 택1,https://www.oliveyoung.co.kr/store/goods/getGoodsDetail.do?goodsNo=A000000153721&dispCatNo=90000010009&trackingCd=Best_Sellingbest&t_page=랭킹&t_click=판매랭킹_푸드_상품상세&t_number=88
푸드,89,롯데,롯데 abc 초코쿠키 50g,https://www.oliveyoung.co.kr/store/goods/getGoodsDetail.do?goodsNo=A000000128353&dispCatNo=90000010009&trackingCd=Best_Sellingbest&t_page=랭킹&t_click=판매랭킹_푸드_상품상세&t_number=89
푸드,90,고려은단,고려은단 허니&유자 비타민C 140ml,https://www.oliveyoung.co.kr/store/goods/getGoodsDetail.do?goodsNo=A000000131976&dispCatNo=90000010009&trackingCd=Best_Sellingbest&t_page=랭킹&t_click=판매랭킹_푸드_상품상세&t_number=90
푸드,91,박카스,[라이즈PICK] 박카스맛 젤리 신맛(SOUR) 50g (랜덤 배송),https://www.oliveyoung.co.kr/store/goods/getGoodsDetail.do?goodsNo=A000000183050&dispCatNo=90000010009&trackingCd=Best_Sellingbest&t_page=랭킹&t_click=판매랭킹_푸드_상품상세&t_number=91
푸드,92,코피코,마요라 코피코 커피맛캔디 블리스터 32g,https://www.oliveyoung.co.kr/store/goods/getGoodsDetail.do?goodsNo=A000000166142&dispCatNo=90000010009&trackingCd=Best_Sellingbest&t_page=랭킹&t_click=판매랭킹_푸드_상품상세&t_number=92
푸드,93,헤이바디,[첫구매딜]헤이바디 단백칩 어니언&사워크림 50g,https://www.oliveyoung.co.kr/store/goods/getGoodsDetail.do?goodsNo=A000000199286&dispCatNo=90000010009&trackingCd=Best_Sellingbest&t_page=랭킹&t_click=판매랭킹_푸드_상품상세&t_number=93
푸드,94,딜라이트 프로젝트,올리브영 워터 500ml,https://www.oliveyoung.co.kr/store/goods/getGoodsDetail.do?goodsNo=A000000191993&dispCatNo=90000010009&trackingCd=Best_Sellingbest&t_page=랭킹&t_click=판매랭킹_푸드_상품상세&t_number=94
푸드,95,룩트,[룩트x굿럭트롤] 요거트볼 6종 기획세트,https://www.oliveyoung.co.kr/store/goods/getGoodsDetail.do?goodsNo=B000000204018&dispCatNo=90000010009&trackingCd=Best_Sellingbest&t_page=랭킹&t_click=판매랭킹_푸드_상품상세&t_number=95
푸드,96,크리스탈 라이트​,크리스탈라이트 온더고 버라이어티팩 30P,https://www.oliveyoung.co.kr/store/goods/getGoodsDetail.do?goodsNo=A000000203946&dispCatNo=90000010009&trackingCd=Best_Sellingbest&t_page=랭킹&t_click=판매랭킹_푸드_상품상세&t_number=96
푸드,97,크리스탈 라이트​,크리스탈라이트 핑크레몬에이드 40P,https://www.oliveyoung.co.kr/store/goods/getGoodsDetail.do?goodsNo=A000000203934&dispCatNo=90000010009&trackingCd=Best_Sellingbest&t_page=랭킹&t_click=판매랭킹_푸드_상품상세&t_number=97
푸드,98,롯데,롯데칠성 펩시 제로슈거 라임향 제로카페인 355ml x 24개,https://www.oliveyoung.co.kr/store/goods/getGoodsDetail.do?goodsNo=B000000203929&dispCatNo=90000010009&trackingCd=Best_Sellingbest&t_page=랭킹&t_click=판매랭킹_푸드_상품상세&t_number=98
푸드,99,룩트,[룩트x굿럭트롤] 요거트볼 4종 선물세트 (선물상자+스티커 포함),https://www.oliveyoung.co.kr/store/goods/getGoodsDetail.do?goodsNo=B000000203921&dispCatNo=90000010009&trackingCd=Best_Sellingbest&t_page=랭킹&t_click=판매랭킹_푸드_상품상세&t_number=99
푸드,100,타바론,타바론 로얄 밀크티 250ml,https://www.oliveyoung.co.kr/store/goods/getGoodsDetail.do?goodsNo=B000000203897&dispCatNo=90000010009&trackingCd=Best_Sellingbest&t_page=랭킹&t_click=판매랭킹_푸드_상품상세&t_number=100
구강용품,1,테라브레스,[4월 올영PICK] 테라브레스 오랄린스 패밀리사이즈 1L+150ml 기획 (12ml*5ea 증정) 중 택1,https://www.oliveyoung.co.kr/store/goods/getGoodsDetail.do?goodsNo=A000000191392&dispCatNo=90000010009&trackingCd=Best_Sellingbest&t_page=랭킹&t_click=판매랭킹_구강용품_상품상세&t_number=1
구강용품,2,라이브오랄스,[4월 올영PICK] 라이브오랄스 퓨어다이아 치아미백제 (2주분),https://www.oliveyoung.co.kr/store/goods/getGoodsDetail.do?goodsNo=A000000192047&dispCatNo=90000010009&trackingCd=Best_Sellingbest&t_page=랭킹&t_click=판매랭킹_구강용품_상품상세&t_number=2
구강용품,3,루치펠로,루치펠로 프로즌피루나 마우스스프레이 10ml,https://www.oliveyoung.co.kr/store/goods/getGoodsDetail.do?goodsNo=A000000140516&dispCatNo=90000010009&trackingCd=Best_Sellingbest&t_page=랭킹&t_click=판매랭킹_구강용품_상품상세&t_number=3
구강용품,4,티타드,[4월 올영PICK] 티타드 프레시 브레스 플러스 치약 더블기획 (100g*2 + 50g 증정),https://www.oliveyoung.co.kr/store/goods/getGoodsDetail.do?goodsNo=A000000186672&dispCatNo=90000010009&trackingCd=Best_Sellingbest&t_page=랭킹&t_click=판매랭킹_구강용품_상품상세&t_number=4
구강용품,5,큐라덴,큐라덴 큐라프록스 CS5460 칫솔,https://www.oliveyoung.co.kr/store/goods/getGoodsDetail.do?goodsNo=A000000166387&dispCatNo=90000010009&trackingCd=Best_Sellingbest&t_page=랭킹&t_click=판매랭킹_구강용품_상품상세&t_number=5
구강용품,6,라덴스,[백태순삭] 라덴스 베럴 혀클리너 리뉴얼 4color,https://www.oliveyoung.co.kr/store/goods/getGoodsDetail.do?goodsNo=A000000159233&dispCatNo=90000010009&trackingCd=Best_Sellingbest&t_page=랭킹&t_click=판매랭킹_구강용품_상품상세&t_number=6
구강용품,7,루치펠로,[4월 올영PICK] 루치펠로 화이트닝 오리지날 치약 110g 기획 (디즈니에디션)(+파우치),https://www.oliveyoung.co.kr/store/goods/getGoodsDetail.do?goodsNo=A000000202421&dispCatNo=90000010009&trackingCd=Best_Sellingbest&t_page=랭킹&t_click=판매랭킹_구강용품_상품상세&t_number=7
구강용품,8,자일리톨스톤,[4월 올영PICK] 자일리톨스톤 70g 4종 택 1,https://www.oliveyoung.co.kr/store/goods/getGoodsDetail.do?goodsNo=A000000191213&dispCatNo=90000010009&trackingCd=Best_Sellingbest&t_page=랭킹&t_click=판매랭킹_구강용품_상품상세&t_number=8
구강용품,9,페리오,페리오 화이트나우 미백패치 택1 (일주일팩 14P / 8P*8 (64입)),https://www.oliveyoung.co.kr/store/goods/getGoodsDetail.do?goodsNo=A000000149866&dispCatNo=90000010009&trackingCd=Best_Sellingbest&t_page=랭킹&t_click=판매랭킹_구강용품_상품상세&t_number=9
구강용품,10,루치펠로,[단독기획] 루치펠로 7도 칫솔 8입 세트 (치약25g 추가 증정),https://www.oliveyoung.co.kr/store/goods/getGoodsDetail.do?goodsNo=A000000154454&dispCatNo=90000010009&trackingCd=Best_Sellingbest&t_page=랭킹&t_click=판매랭킹_구강용품_상품상세&t_number=10
구강용품,11,덴티스테,덴티스테 민트볼 20입,https://www.oliveyoung.co.kr/store/goods/getGoodsDetail.do?goodsNo=A000000157016&dispCatNo=90000010009&trackingCd=Best_Sellingbest&t_page=랭킹&t_click=판매랭킹_구강용품_상품상세&t_number=11
구강용품,12,리브러쉬,[4월 올영PICK] 리브러쉬 클러브 농축가글 50ml 어워즈 한정기획(+20ml 증정),https://www.oliveyoung.co.kr/store/goods/getGoodsDetail.do?goodsNo=A000000192564&dispCatNo=90000010009&trackingCd=Best_Sellingbest&t_page=랭킹&t_click=판매랭킹_구강용품_상품상세&t_number=12
구강용품,13,유시몰,[NEW] 유시몰 화이트닝 퍼플코렉터 치약 106g,https://www.oliveyoung.co.kr/store/goods/getGoodsDetail.do?goodsNo=A000000199329&dispCatNo=90000010009&trackingCd=Best_Sellingbest&t_page=랭킹&t_click=판매랭킹_구강용품_상품상세&t_number=13
구강용품,14,닥터텅스,[4월 올영PICK] 닥터텅스 구역질없는 혀클리너(파우치 증정)(색상 랜덤),https://www.oliveyoung.co.kr/store/goods/getGoodsDetail.do?goodsNo=A000000111272&dispCatNo=90000010009&trackingCd=Best_Sellingbest&t_page=랭킹&t_click=판매랭킹_구강용품_상품상세&t_number=14
구강용품,15,테라브레스,[4월 올영PICK] 테라브레스 마우스 로젠지 캔디 만다린민트향 100개입,https://www.oliveyoung.co.kr/store/goods/getGoodsDetail.do?goodsNo=A000000191586&dispCatNo=90000010009&trackingCd=Best_Sellingbest&t_page=랭킹&t_click=판매랭킹_구강용품_상품상세&t_number=15
구강용품,16,테라브레스,테라브레스 오랄린스 473ml 2종(마일드/아이시) 택1,https://www.oliveyoung.co.kr/store/goods/getGoodsDetail.do?goodsNo=A000000136360&dispCatNo=90000010009&trackingCd=Best_Sellingbest&t_page=랭킹&t_click=판매랭킹_구강용품_상품상세&t_number=16
구강용품,17,티타드,티타드 프레시 브레스 플러스 치약 100g 기획(+20g 증정),https://www.oliveyoung.co.kr/store/goods/getGoodsDetail.do?goodsNo=A000000189193&dispCatNo=90000010009&trackingCd=Best_Sellingbest&t_page=랭킹&t_click=판매랭킹_구강용품_상품상세&t_number=17
구강용품,18,닥터텅스,[4월 올영PICK] 닥터텅스 스마트 치실 2입 기획,https://www.oliveyoung.co.kr/store/goods/getGoodsDetail.do?goodsNo=A000000203049&dispCatNo=90000010009&trackingCd=Best_Sellingbest&t_page=랭킹&t_click=판매랭킹_구강용품_상품상세&t_number=18
구강용품,19,리브러쉬,[4월 올영PICK] 리브러쉬 프레쉬 브레스 구강 스프레이 15ml,https://www.oliveyoung.co.kr/store/goods/getGoodsDetail.do?goodsNo=A000000187912&dispCatNo=90000010009&trackingCd=Best_Sellingbest&t_page=랭킹&t_click=판매랭킹_구강용품_상품상세&t_number=19
구강용품,20,덴티스테,덴티스테 후레쉬 브레스 스프레이 15ml,https://www.oliveyoung.co.kr/store/goods/getGoodsDetail.do?goodsNo=A000000103540&dispCatNo=90000010009&trackingCd=Best_Sellingbest&t_page=랭킹&t_click=판매랭킹_구강용품_상품상세&t_number=20
구강용품,21,시스테마,스펀지치실40M,https://www.oliveyoung.co.kr/store/goods/getGoodsDetail.do?goodsNo=A000000006104&dispCatNo=90000010009&trackingCd=Best_Sellingbest&t_page=랭킹&t_click=판매랭킹_구강용품_상품상세&t_number=21
구강용품,22,바이컬러,[신상] 바이컬러 프레시 마우스스프레이 10ml,https://www.oliveyoung.co.kr/store/goods/getGoodsDetail.do?goodsNo=A000000194163&dispCatNo=90000010009&trackingCd=Best_Sellingbest&t_page=랭킹&t_click=판매랭킹_구강용품_상품상세&t_number=22
구강용품,23,센소다인,센소다인 멀티케어 100g,https://www.oliveyoung.co.kr/store/goods/getGoodsDetail.do?goodsNo=A000000103410&dispCatNo=90000010009&trackingCd=Best_Sellingbest&t_page=랭킹&t_click=판매랭킹_구강용품_상품상세&t_number=23
구강용품,24,덴티스테,덴티스테 후레쉬 브레스스프레이 택1 (3개입/6개입),https://www.oliveyoung.co.kr/store/goods/getGoodsDetail.do?goodsNo=A000000135670&dispCatNo=90000010009&trackingCd=Best_Sellingbest&t_page=랭킹&t_click=판매랭킹_구강용품_상품상세&t_number=24
구강용품,25,리브러쉬,[NEW /100배 농축] 리브러쉬 농축 가글액 20ml 2종 택1,https://www.oliveyoung.co.kr/store/goods/getGoodsDetail.do?goodsNo=A000000189336&dispCatNo=90000010009&trackingCd=Best_Sellingbest&t_page=랭킹&t_click=판매랭킹_구강용품_상품상세&t_number=25
구강용품,26,조르단,조르단 3in1 치실 (트래블 케이스 증정),https://www.oliveyoung.co.kr/store/goods/getGoodsDetail.do?goodsNo=A000000153937&dispCatNo=90000010009&trackingCd=Best_Sellingbest&t_page=랭킹&t_click=판매랭킹_구강용품_상품상세&t_number=26
구강용품,27,유시몰,[4월 올영PICK/한정기획] 유시몰 치약 106g 더블 기획 (+민트볼 8입 추가 증정),https://www.oliveyoung.co.kr/store/goods/getGoodsDetail.do?goodsNo=A000000202607&dispCatNo=90000010009&trackingCd=Best_Sellingbest&t_page=랭킹&t_click=판매랭킹_구강용품_상품상세&t_number=27
구강용품,28,생활도감,생활도감 혀클리너 택1 (블랙/화이트),https://www.oliveyoung.co.kr/store/goods/getGoodsDetail.do?goodsNo=A000000105043&dispCatNo=90000010009&trackingCd=Best_Sellingbest&t_page=랭킹&t_click=판매랭킹_구강용품_상품상세&t_number=28
구강용품,29,리스테린,[대용량]리스테린 쿨민트 마우스워시 트리플 기획 (750ml X 3),https://www.oliveyoung.co.kr/store/goods/getGoodsDetail.do?goodsNo=A000000144242&dispCatNo=90000010009&trackingCd=Best_Sellingbest&t_page=랭킹&t_click=판매랭킹_구강용품_상품상세&t_number=29
구강용품,30,리치,리치 컴플리트케어-와이드(소프트),https://www.oliveyoung.co.kr/store/goods/getGoodsDetail.do?goodsNo=A000000102140&dispCatNo=90000010009&trackingCd=Best_Sellingbest&t_page=랭킹&t_click=판매랭킹_구강용품_상품상세&t_number=30
구강용품,31,오랄비,오랄비 크로스액션 탁월한 세정력 칫솔 1개 [치석케어],https://www.oliveyoung.co.kr/store/goods/getGoodsDetail.do?goodsNo=A000000015976&dispCatNo=90000010009&trackingCd=Best_Sellingbest&t_page=랭킹&t_click=판매랭킹_구강용품_상품상세&t_number=31
구강용품,32,뷰카,[대용량] 뷰카 클래식 프리미엄 구취케어 4개입 3종 택1,https://www.oliveyoung.co.kr/store/goods/getGoodsDetail.do?goodsNo=B000000201662&dispCatNo=90000010009&trackingCd=Best_Sellingbest&t_page=랭킹&t_click=판매랭킹_구강용품_상품상세&t_number=32
구강용품,33,빠이러스,빠이러스 킬파이어 쿨가글액(플라워향) 500ml,https://www.oliveyoung.co.kr/store/goods/getGoodsDetail.do?goodsNo=A000000173556&dispCatNo=90000010009&trackingCd=Best_Sellingbest&t_page=랭킹&t_click=판매랭킹_구강용품_상품상세&t_number=33
구강용품,34,루치펠로,루치펠로 프로즌피루나 마우스스프레이 10ml*3개입,https://www.oliveyoung.co.kr/store/goods/getGoodsDetail.do?goodsNo=A000000141406&dispCatNo=90000010009&trackingCd=Best_Sellingbest&t_page=랭킹&t_click=판매랭킹_구강용품_상품상세&t_number=34
구강용품,35,테라브레스,테라브레스 헬시스마일 오랄린스 스파클민트 473ml,https://www.oliveyoung.co.kr/store/goods/getGoodsDetail.do?goodsNo=A000000148702&dispCatNo=90000010009&trackingCd=Best_Sellingbest&t_page=랭킹&t_click=판매랭킹_구강용품_상품상세&t_number=35
구강용품,36,유시몰,유시몰 화이트닝 미백치약 106g,https://www.oliveyoung.co.kr/store/goods/getGoodsDetail.do?goodsNo=A000000175534&dispCatNo=90000010009&trackingCd=Best_Sellingbest&t_page=랭킹&t_click=판매랭킹_구강용품_상품상세&t_number=36
구강용품,37,유시몰,[한정기획] 유시몰 화이트닝 미백치약&칫솔 여행용세트,https://www.oliveyoung.co.kr/store/goods/getGoodsDetail.do?goodsNo=A000000184915&dispCatNo=90000010009&trackingCd=Best_Sellingbest&t_page=랭킹&t_click=판매랭킹_구강용품_상품상세&t_number=37
구강용품,38,덴티스테,[4월 올영PICK] 덴티스테 안티캐비티 치약 100g,https://www.oliveyoung.co.kr/store/goods/getGoodsDetail.do?goodsNo=A000000191241&dispCatNo=90000010009&trackingCd=Best_Sellingbest&t_page=랭킹&t_click=판매랭킹_구강용품_상품상세&t_number=38
구강용품,39,루치펠로,루치펠로 코랄리프 7도 칫솔 4입 세트,https://www.oliveyoung.co.kr/store/goods/getGoodsDetail.do?goodsNo=A000000154447&dispCatNo=90000010009&trackingCd=Best_Sellingbest&t_page=랭킹&t_click=판매랭킹_구강용품_상품상세&t_number=39
구강용품,40,루치펠로,"[3,700가닥풍성모] 루치펠로 코랄리프 양면미세모 칫솔 4P",https://www.oliveyoung.co.kr/store/goods/getGoodsDetail.do?goodsNo=A000000191316&dispCatNo=90000010009&trackingCd=Best_Sellingbest&t_page=랭킹&t_click=판매랭킹_구강용품_상품상세&t_number=40
구강용품,41,유시몰,유시몰 화이트닝 미백 칫솔 2입 더블 기획,https://www.oliveyoung.co.kr/store/goods/getGoodsDetail.do?goodsNo=A000000191876&dispCatNo=90000010009&trackingCd=Best_Sellingbest&t_page=랭킹&t_click=판매랭킹_구강용품_상품상세&t_number=41
구강용품,42,언파,언파 차차치약 100g 1+1 기획,https://www.oliveyoung.co.kr/store/goods/getGoodsDetail.do?goodsNo=A000000186535&dispCatNo=90000010009&trackingCd=Best_Sellingbest&t_page=랭킹&t_click=판매랭킹_구강용품_상품상세&t_number=42
구강용품,43,루치펠로,[4월 올영PICK] 루치펠로 양면미세모 칫솔 파스텔 4개입,https://www.oliveyoung.co.kr/store/goods/getGoodsDetail.do?goodsNo=A000000202418&dispCatNo=90000010009&trackingCd=Best_Sellingbest&t_page=랭킹&t_click=판매랭킹_구강용품_상품상세&t_number=43
구강용품,44,덴티스테,덴티스테 뉴 플러스화이트 치약 60g/100g/160g 3종 택 1,https://www.oliveyoung.co.kr/store/goods/getGoodsDetail.do?goodsNo=A000000191550&dispCatNo=90000010009&trackingCd=Best_Sellingbest&t_page=랭킹&t_click=판매랭킹_구강용품_상품상세&t_number=44
구강용품,45,뷰센,[4월 올영PICK] 뷰센 뉴 28 치아미백제 (20g 추가 증정),https://www.oliveyoung.co.kr/store/goods/getGoodsDetail.do?goodsNo=A000000185790&dispCatNo=90000010009&trackingCd=Best_Sellingbest&t_page=랭킹&t_click=판매랭킹_구강용품_상품상세&t_number=45
구강용품,46,솔트레인,솔트레인 그레이 솔트 클린브리쓰 치약 기획 세트(100g+30g),https://www.oliveyoung.co.kr/store/goods/getGoodsDetail.do?goodsNo=A000000179679&dispCatNo=90000010009&trackingCd=Best_Sellingbest&t_page=랭킹&t_click=판매랭킹_구강용품_상품상세&t_number=46
구강용품,47,리스테린,리스테린 쿨민트 마우스워시 750ml (상쾌한 민트향),https://www.oliveyoung.co.kr/store/goods/getGoodsDetail.do?goodsNo=A000000006437&dispCatNo=90000010009&trackingCd=Best_Sellingbest&t_page=랭킹&t_click=판매랭킹_구강용품_상품상세&t_number=47
구강용품,48,테라브레스,테라브레스 오랄린스 휴대용 키트 12mlx6입 2종 택1,https://www.oliveyoung.co.kr/store/goods/getGoodsDetail.do?goodsNo=A000000158541&dispCatNo=90000010009&trackingCd=Best_Sellingbest&t_page=랭킹&t_click=판매랭킹_구강용품_상품상세&t_number=48
구강용품,49,투스노트,투스노트 덴탈 민트 일회용 치실 45개입,https://www.oliveyoung.co.kr/store/goods/getGoodsDetail.do?goodsNo=A000000182569&dispCatNo=90000010009&trackingCd=Best_Sellingbest&t_page=랭킹&t_click=판매랭킹_구강용품_상품상세&t_number=49
구강용품,50,덴티스테,덴티스테 치실50m,https://www.oliveyoung.co.kr/store/goods/getGoodsDetail.do?goodsNo=A000000008836&dispCatNo=90000010009&trackingCd=Best_Sellingbest&t_page=랭킹&t_click=판매랭킹_구강용품_상품상세&t_number=50
구강용품,51,가그린,가그린 후레쉬브레스 민트 15ml,https://www.oliveyoung.co.kr/store/goods/getGoodsDetail.do?goodsNo=A000000173675&dispCatNo=90000010009&trackingCd=Best_Sellingbest&t_page=랭킹&t_click=판매랭킹_구강용품_상품상세&t_number=51
구강용품,52,에비스,에비스 프리미엄케어 6열 광폭헤드 칫솔 미세모 (색상랜덤),https://www.oliveyoung.co.kr/store/goods/getGoodsDetail.do?goodsNo=A000000119962&dispCatNo=90000010009&trackingCd=Best_Sellingbest&t_page=랭킹&t_click=판매랭킹_구강용품_상품상세&t_number=52
구강용품,53,루치펠로,루치펠로 브레스케어 미스틱포레스트 가글 (12ml x 10),https://www.oliveyoung.co.kr/store/goods/getGoodsDetail.do?goodsNo=A000000140054&dispCatNo=90000010009&trackingCd=Best_Sellingbest&t_page=랭킹&t_click=판매랭킹_구강용품_상품상세&t_number=53
구강용품,54,플랙커스,플랙커스 에코 센시티브 30개입,https://www.oliveyoung.co.kr/store/goods/getGoodsDetail.do?goodsNo=A000000163284&dispCatNo=90000010009&trackingCd=Best_Sellingbest&t_page=랭킹&t_click=판매랭킹_구강용품_상품상세&t_number=54
구강용품,55,리스테린,리스테린 내추럴 그린티 마일드 250ml (부드러운 녹차향),https://www.oliveyoung.co.kr/store/goods/getGoodsDetail.do?goodsNo=A000000010990&dispCatNo=90000010009&trackingCd=Best_Sellingbest&t_page=랭킹&t_click=판매랭킹_구강용품_상품상세&t_number=55
구강용품,56,콜게이트,콜게이트 맥시멈 캐비티 프로텍션 쿨민트 치약 100g,https://www.oliveyoung.co.kr/store/goods/getGoodsDetail.do?goodsNo=A000000150063&dispCatNo=90000010009&trackingCd=Best_Sellingbest&t_page=랭킹&t_click=판매랭킹_구강용품_상품상세&t_number=56
구강용품,57,페리오,페리오마우스스프레이(아이스민트),https://www.oliveyoung.co.kr/store/goods/getGoodsDetail.do?goodsNo=A000000003868&dispCatNo=90000010009&trackingCd=Best_Sellingbest&t_page=랭킹&t_click=판매랭킹_구강용품_상품상세&t_number=57
구강용품,58,오랄비,오랄비 치실 왁스 민트 50m (플라그케어),https://www.oliveyoung.co.kr/store/goods/getGoodsDetail.do?goodsNo=A000000015978&dispCatNo=90000010009&trackingCd=Best_Sellingbest&t_page=랭킹&t_click=판매랭킹_구강용품_상품상세&t_number=58
구강용품,59,루치펠로,루치펠로 오리지널 7도 칫솔 1개 (색상랜덤),https://www.oliveyoung.co.kr/store/goods/getGoodsDetail.do?goodsNo=A000000152098&dispCatNo=90000010009&trackingCd=Best_Sellingbest&t_page=랭킹&t_click=판매랭킹_구강용품_상품상세&t_number=59
구강용품,60,덴탈프로,덴탈프로 혀클리너,https://www.oliveyoung.co.kr/store/goods/getGoodsDetail.do?goodsNo=A000000112378&dispCatNo=90000010009&trackingCd=Best_Sellingbest&t_page=랭킹&t_click=판매랭킹_구강용품_상품상세&t_number=60
구강용품,61,메디안,메디안 치석오리지널 치약 120g,https://www.oliveyoung.co.kr/store/goods/getGoodsDetail.do?goodsNo=A000000140623&dispCatNo=90000010009&trackingCd=Best_Sellingbest&t_page=랭킹&t_click=판매랭킹_구강용품_상품상세&t_number=61
구강용품,62,리스테린,리스테린 쿨민트 마우스워시 100ml (휴대용),https://www.oliveyoung.co.kr/store/goods/getGoodsDetail.do?goodsNo=A000000008826&dispCatNo=90000010009&trackingCd=Best_Sellingbest&t_page=랭킹&t_click=판매랭킹_구강용품_상품상세&t_number=62
구강용품,63,켄트,켄트로얄 티스허그 초극세모 광폭칫솔 6개입 기획,https://www.oliveyoung.co.kr/store/goods/getGoodsDetail.do?goodsNo=A000000203671&dispCatNo=90000010009&trackingCd=Best_Sellingbest&t_page=랭킹&t_click=판매랭킹_구강용품_상품상세&t_number=63
구강용품,64,켄트,켄트로얄 프로 프레쉬 칫솔 12개입,https://www.oliveyoung.co.kr/store/goods/getGoodsDetail.do?goodsNo=A000000203666&dispCatNo=90000010009&trackingCd=Best_Sellingbest&t_page=랭킹&t_click=판매랭킹_구강용품_상품상세&t_number=64
구강용품,65,켄트,켄트로얄 로얄 스마일 칫솔 10개입,https://www.oliveyoung.co.kr/store/goods/getGoodsDetail.do?goodsNo=A000000203657&dispCatNo=90000010009&trackingCd=Best_Sellingbest&t_page=랭킹&t_click=판매랭킹_구강용품_상품상세&t_number=65
구강용품,66,켄트,KENT 크리스탈 초극세모 칫솔 5개입 기획,https://www.oliveyoung.co.kr/store/goods/getGoodsDetail.do?goodsNo=A000000203647&dispCatNo=90000010009&trackingCd=Best_Sellingbest&t_page=랭킹&t_click=판매랭킹_구강용품_상품상세&t_number=66
구강용품,67,켄트,KENT 듀얼에디션 초극세모 칫솔 5개입 기획,https://www.oliveyoung.co.kr/store/goods/getGoodsDetail.do?goodsNo=A000000203646&dispCatNo=90000010009&trackingCd=Best_Sellingbest&t_page=랭킹&t_click=판매랭킹_구강용품_상품상세&t_number=67
구강용품,68,러듀얼,러듀얼 헤드업 칫솔 (색상랜덤),https://www.oliveyoung.co.kr/store/goods/getGoodsDetail.do?goodsNo=A000000203351&dispCatNo=90000010009&trackingCd=Best_Sellingbest&t_page=랭킹&t_click=판매랭킹_구강용품_상품상세&t_number=68
구강용품,69,리스테린,"리스테린 토탈케어 마일드 750ml 3개입(순한맛, 치석케어)",https://www.oliveyoung.co.kr/store/goods/getGoodsDetail.do?goodsNo=A000000202992&dispCatNo=90000010009&trackingCd=Best_Sellingbest&t_page=랭킹&t_click=판매랭킹_구강용품_상품상세&t_number=69
구강용품,70,제스파,제스파 이플 음파 자동 진동 구강세정기 워터샷(실버포인트) ZPL1110,https://www.oliveyoung.co.kr/store/goods/getGoodsDetail.do?goodsNo=B000000202674&dispCatNo=90000010009&trackingCd=Best_Sellingbest&t_page=랭킹&t_click=판매랭킹_구강용품_상품상세&t_number=70
구강용품,71,리브러쉬,[4월 올영PICK] 리브러쉬 농축 가글액 20ml 더블기획 (클로브20ml+티트리20ml),https://www.oliveyoung.co.kr/store/goods/getGoodsDetail.do?goodsNo=A000000202559&dispCatNo=90000010009&trackingCd=Best_Sellingbest&t_page=랭킹&t_click=판매랭킹_구강용품_상품상세&t_number=71
구강용품,72,바이컬러,[4월 올영PICK] 바이컬러 치어리 구취 치약 100g +20g증정 기획,https://www.oliveyoung.co.kr/store/goods/getGoodsDetail.do?goodsNo=A000000202451&dispCatNo=90000010009&trackingCd=Best_Sellingbest&t_page=랭킹&t_click=판매랭킹_구강용품_상품상세&t_number=72
구강용품,73,루치펠로,[4월 올영PICK] 루치펠로 미스틱포레스트 치약 100g 1+1 기획 (디즈니에디션),https://www.oliveyoung.co.kr/store/goods/getGoodsDetail.do?goodsNo=A000000202420&dispCatNo=90000010009&trackingCd=Best_Sellingbest&t_page=랭킹&t_click=판매랭킹_구강용품_상품상세&t_number=73
구강용품,74,루치펠로,[4월 올영PICK] 루치펠로 코랄리프 칫솔 4개입 기획 (디즈니에디션)(+스티커),https://www.oliveyoung.co.kr/store/goods/getGoodsDetail.do?goodsNo=A000000202419&dispCatNo=90000010009&trackingCd=Best_Sellingbest&t_page=랭킹&t_click=판매랭킹_구강용품_상품상세&t_number=74
구강용품,75,민티드,[4월 올영PICK] 민티드 프리미엄 고체치약 90정 더블기획(+리필 90정),https://www.oliveyoung.co.kr/store/goods/getGoodsDetail.do?goodsNo=A000000202330&dispCatNo=90000010009&trackingCd=Best_Sellingbest&t_page=랭킹&t_click=판매랭킹_구강용품_상품상세&t_number=75
구강용품,76,루치펠로,[유시은PICK] 루치펠로 화이트닝 오리지날 치약 110g,https://www.oliveyoung.co.kr/store/goods/getGoodsDetail.do?goodsNo=A000000201921&dispCatNo=90000010009&trackingCd=Best_Sellingbest&t_page=랭킹&t_click=판매랭킹_구강용품_상품상세&t_number=76
구강용품,77,뷰카,뷰카 주니어마일드 구취케어치약 포도향 110g 4개입,https://www.oliveyoung.co.kr/store/goods/getGoodsDetail.do?goodsNo=B000000201708&dispCatNo=90000010009&trackingCd=Best_Sellingbest&t_page=랭킹&t_click=판매랭킹_구강용품_상품상세&t_number=77
구강용품,78,뷰카,뷰카 클래식 점보칫솔 더블미세모 10개입,https://www.oliveyoung.co.kr/store/goods/getGoodsDetail.do?goodsNo=B000000201706&dispCatNo=90000010009&trackingCd=Best_Sellingbest&t_page=랭킹&t_click=판매랭킹_구강용품_상품상세&t_number=78
구강용품,79,뷰카,뷰카 365 쿨민트치실 365개입,https://www.oliveyoung.co.kr/store/goods/getGoodsDetail.do?goodsNo=B000000201698&dispCatNo=90000010009&trackingCd=Best_Sellingbest&t_page=랭킹&t_click=판매랭킹_구강용품_상품상세&t_number=79
구강용품,80,덴클,덴클 올인원 플러스케어 칫솔 1개입,https://www.oliveyoung.co.kr/store/goods/getGoodsDetail.do?goodsNo=A000000201239&dispCatNo=90000010009&trackingCd=Best_Sellingbest&t_page=랭킹&t_click=판매랭킹_구강용품_상품상세&t_number=80
구강용품,81,덴클,덴클 올인원케어 칫솔 1개입,https://www.oliveyoung.co.kr/store/goods/getGoodsDetail.do?goodsNo=A000000201218&dispCatNo=90000010009&trackingCd=Best_Sellingbest&t_page=랭킹&t_click=판매랭킹_구강용품_상품상세&t_number=81
구강용품,82,덴클,덴클 임플란트케어 칫솔 1개입,https://www.oliveyoung.co.kr/store/goods/getGoodsDetail.do?goodsNo=A000000201230&dispCatNo=90000010009&trackingCd=Best_Sellingbest&t_page=랭킹&t_click=판매랭킹_구강용품_상품상세&t_number=82
구강용품,83,덴클,덴클 크라운케어 칫솔 1개입,https://www.oliveyoung.co.kr/store/goods/getGoodsDetail.do?goodsNo=A000000201229&dispCatNo=90000010009&trackingCd=Best_Sellingbest&t_page=랭킹&t_click=판매랭킹_구강용품_상품상세&t_number=83
구강용품,84,덴클,덴클 잇몸케어 칫솔 1개입,https://www.oliveyoung.co.kr/store/goods/getGoodsDetail.do?goodsNo=A000000201132&dispCatNo=90000010009&trackingCd=Best_Sellingbest&t_page=랭킹&t_click=판매랭킹_구강용품_상품상세&t_number=84
구강용품,85,자일리멜츠,[붙이는 자일리톨] 자일리멜츠 40정 2종 중 택1(마일드민트/민트프리),https://www.oliveyoung.co.kr/store/goods/getGoodsDetail.do?goodsNo=A000000201144&dispCatNo=90000010009&trackingCd=Best_Sellingbest&t_page=랭킹&t_click=판매랭킹_구강용품_상품상세&t_number=85
구강용품,86,덴클,덴클 혀클리너 2개 (색상랜덤),https://www.oliveyoung.co.kr/store/goods/getGoodsDetail.do?goodsNo=A000000201131&dispCatNo=90000010009&trackingCd=Best_Sellingbest&t_page=랭킹&t_click=판매랭킹_구강용품_상품상세&t_number=86
구강용품,87,덴클,덴클 그래뉼치약 스위트민트,https://www.oliveyoung.co.kr/store/goods/getGoodsDetail.do?goodsNo=A000000201130&dispCatNo=90000010009&trackingCd=Best_Sellingbest&t_page=랭킹&t_click=판매랭킹_구강용품_상품상세&t_number=87
구강용품,88,글루타치카,[아옳이Pick] 글루타치카 숨치약 2종 택 1 (프레시 80g / 화이트 70g),https://www.oliveyoung.co.kr/store/goods/getGoodsDetail.do?goodsNo=A000000200365&dispCatNo=90000010009&trackingCd=Best_Sellingbest&t_page=랭킹&t_click=판매랭킹_구강용품_상품상세&t_number=88
구강용품,89,센소다인,센소다인 엑스트라 화이트 치약 120g,https://www.oliveyoung.co.kr/store/goods/getGoodsDetail.do?goodsNo=A000000200083&dispCatNo=90000010009&trackingCd=Best_Sellingbest&t_page=랭킹&t_click=판매랭킹_구강용품_상품상세&t_number=89
구강용품,90,센소다인,센소다인 엑스트라 딥클린 치약 120g,https://www.oliveyoung.co.kr/store/goods/getGoodsDetail.do?goodsNo=A000000200080&dispCatNo=90000010009&trackingCd=Best_Sellingbest&t_page=랭킹&t_click=판매랭킹_구강용품_상품상세&t_number=90
구강용품,91,루치펠로,[랜덤컬러]루치펠로 트로피칼오션 휴대용 치약&칫솔 디즈니 에디션,https://www.oliveyoung.co.kr/store/goods/getGoodsDetail.do?goodsNo=A000000200079&dispCatNo=90000010009&trackingCd=Best_Sellingbest&t_page=랭킹&t_click=판매랭킹_구강용품_상품상세&t_number=91
구강용품,92,덴트릭스,[NEW] 덴트릭스 크러쉬 농축가글 25ml,https://www.oliveyoung.co.kr/store/goods/getGoodsDetail.do?goodsNo=A000000199841&dispCatNo=90000010009&trackingCd=Best_Sellingbest&t_page=랭킹&t_click=판매랭킹_구강용품_상품상세&t_number=92
구강용품,93,덴트릭스,[NEW] 덴트릭스 크러쉬 마우스 스프레이 7ml,https://www.oliveyoung.co.kr/store/goods/getGoodsDetail.do?goodsNo=A000000199880&dispCatNo=90000010009&trackingCd=Best_Sellingbest&t_page=랭킹&t_click=판매랭킹_구강용품_상품상세&t_number=93
구강용품,94,라울루,라울루 화이트 솔루션 플러스투 치약 100g,https://www.oliveyoung.co.kr/store/goods/getGoodsDetail.do?goodsNo=A000000199781&dispCatNo=90000010009&trackingCd=Best_Sellingbest&t_page=랭킹&t_click=판매랭킹_구강용품_상품상세&t_number=94
구강용품,95,바이컬러,바이컬러 프레시 마우스스프레이 X 코지모지 키링 기획,https://www.oliveyoung.co.kr/store/goods/getGoodsDetail.do?goodsNo=A000000199680&dispCatNo=90000010009&trackingCd=Best_Sellingbest&t_page=랭킹&t_click=판매랭킹_구강용품_상품상세&t_number=95
구강용품,96,바이컬러,[4월 올영PICK] 바이컬러 데즐링 미백 치약 X 코지모지 키링 기획,https://www.oliveyoung.co.kr/store/goods/getGoodsDetail.do?goodsNo=A000000199679&dispCatNo=90000010009&trackingCd=Best_Sellingbest&t_page=랭킹&t_click=판매랭킹_구강용품_상품상세&t_number=96
구강용품,97,아쿠아픽,아쿠아픽 시린이 치약 130g,https://www.oliveyoung.co.kr/store/goods/getGoodsDetail.do?goodsNo=B000000199427&dispCatNo=90000010009&trackingCd=Best_Sellingbest&t_page=랭킹&t_click=판매랭킹_구강용품_상품상세&t_number=97
구강용품,98,아쿠아픽,아쿠아픽 프로폴리스 치약 130g,https://www.oliveyoung.co.kr/store/goods/getGoodsDetail.do?goodsNo=B000000199426&dispCatNo=90000010009&trackingCd=Best_Sellingbest&t_page=랭킹&t_click=판매랭킹_구강용품_상품상세&t_number=98
구강용품,99,아쿠아픽,아쿠아픽 유산균 치약 130g,https://www.oliveyoung.co.kr/store/goods/getGoodsDetail.do?goodsNo=B000000199414&dispCatNo=90000010009&trackingCd=Best_Sellingbest&t_page=랭킹&t_click=판매랭킹_구강용품_상품상세&t_number=99
구강용품,100,아쿠아픽,아쿠아픽 레몬 프레쉬 구강 스프레이 10ml,https://www.oliveyoung.co.kr/store/goods/getGoodsDetail.do?goodsNo=B000000199425&dispCatNo=90000010009&trackingCd=Best_Sellingbest&t_page=랭킹&t_click=판매랭킹_구강용품_상품상세&t_number=100
헬스/건강용품,1,마르시끄,"[브라이언 PICK] 마르시끄 링클 리페어 주름패치(미간, 팔자, 이마) 3종 택 1",https://www.oliveyoung.co.kr/store/goods/getGoodsDetail.do?goodsNo=A000000181697&dispCatNo=90000010009&trackingCd=Best_Sellingbest&t_page=랭킹&t_click=판매랭킹_헬스/건강용품_상품상세&t_number=1
헬스/건강용품,2,케어플러스,[6년연속1위]케어플러스 상처커버 스팟패치 102매,https://www.oliveyoung.co.kr/store/goods/getGoodsDetail.do?goodsNo=A000000187728&dispCatNo=90000010009&trackingCd=Best_Sellingbest&t_page=랭킹&t_click=판매랭킹_헬스/건강용품_상품상세&t_number=2
헬스/건강용품,3,온더바디,[화제의아이템] 온더바디 발을씻자 코튼 풋샴푸 385ml 자몽/레몬 2종 택1,https://www.oliveyoung.co.kr/store/goods/getGoodsDetail.do?goodsNo=A000000117399&dispCatNo=90000010009&trackingCd=Best_Sellingbest&t_page=랭킹&t_click=판매랭킹_헬스/건강용품_상품상세&t_number=3
헬스/건강용품,4,닥터원더,닥터원더 발 각질제거 악어발팩,https://www.oliveyoung.co.kr/store/goods/getGoodsDetail.do?goodsNo=A000000107504&dispCatNo=90000010009&trackingCd=Best_Sellingbest&t_page=랭킹&t_click=판매랭킹_헬스/건강용품_상품상세&t_number=4
헬스/건강용품,5,케어플러스,케어플러스 글루타치온 잡티 패치 12매,https://www.oliveyoung.co.kr/store/goods/getGoodsDetail.do?goodsNo=A000000191449&dispCatNo=90000010009&trackingCd=Best_Sellingbest&t_page=랭킹&t_click=판매랭킹_헬스/건강용품_상품상세&t_number=5
헬스/건강용품,6,넥스케어,[OY단독]넥스케어 블레미쉬 패치 케어 63+48매 기획팩,https://www.oliveyoung.co.kr/store/goods/getGoodsDetail.do?goodsNo=A000000142405&dispCatNo=90000010009&trackingCd=Best_Sellingbest&t_page=랭킹&t_click=판매랭킹_헬스/건강용품_상품상세&t_number=6
헬스/건강용품,7,닥터웰메이드원,[피지제거]닥터웰메이드원 좁쌀피지 순삭패치 마일드 30매,https://www.oliveyoung.co.kr/store/goods/getGoodsDetail.do?goodsNo=A000000199307&dispCatNo=90000010009&trackingCd=Best_Sellingbest&t_page=랭킹&t_click=판매랭킹_헬스/건강용품_상품상세&t_number=7
헬스/건강용품,8,발란스핏,[의료기기] 발란스핏 압박스타킹 기본형 베이지 증정기획 (풋패치 2입 증정) (S/M),https://www.oliveyoung.co.kr/store/goods/getGoodsDetail.do?goodsNo=A000000185440&dispCatNo=90000010009&trackingCd=Best_Sellingbest&t_page=랭킹&t_click=판매랭킹_헬스/건강용품_상품상세&t_number=8
헬스/건강용품,9,마데카솔,[NEW] 마데카 아크큐 스팟패치 프로 9매 (짜기전/밤케어),https://www.oliveyoung.co.kr/store/goods/getGoodsDetail.do?goodsNo=A000000198099&dispCatNo=90000010009&trackingCd=Best_Sellingbest&t_page=랭킹&t_click=판매랭킹_헬스/건강용품_상품상세&t_number=9
헬스/건강용품,10,넥스케어,[어워즈 한정] 넥스케어 이지픽 블레미쉬 패치 릴리프 더블 기획 (68매+68매),https://www.oliveyoung.co.kr/store/goods/getGoodsDetail.do?goodsNo=A000000159928&dispCatNo=90000010009&trackingCd=Best_Sellingbest&t_page=랭킹&t_click=판매랭킹_헬스/건강용품_상품상세&t_number=10
헬스/건강용품,11,단미,단미 충전식 전동 발 각질 제거기 DA-FGR01 2종 택 1 (화이트/핑크),https://www.oliveyoung.co.kr/store/goods/getGoodsDetail.do?goodsNo=B000000198734&dispCatNo=90000010009&trackingCd=Best_Sellingbest&t_page=랭킹&t_click=판매랭킹_헬스/건강용품_상품상세&t_number=11
헬스/건강용품,12,넥스케어,[OY단독] 넥스케어 블레미쉬 클리어커버 78+22매,https://www.oliveyoung.co.kr/store/goods/getGoodsDetail.do?goodsNo=A000000177293&dispCatNo=90000010009&trackingCd=Best_Sellingbest&t_page=랭킹&t_click=판매랭킹_헬스/건강용품_상품상세&t_number=12
헬스/건강용품,13,센시안,[이선빈PICK] 센시안 나이트케어 압박밴드(핑크) (의료기기),https://www.oliveyoung.co.kr/store/goods/getGoodsDetail.do?goodsNo=A000000152565&dispCatNo=90000010009&trackingCd=Best_Sellingbest&t_page=랭킹&t_click=판매랭킹_헬스/건강용품_상품상세&t_number=13
헬스/건강용품,14,아크로패스,아크로패스 트러블큐어 대용량 2종 택1 (16+2매/36매),https://www.oliveyoung.co.kr/store/goods/getGoodsDetail.do?goodsNo=A000000130542&dispCatNo=90000010009&trackingCd=Best_Sellingbest&t_page=랭킹&t_click=판매랭킹_헬스/건강용품_상품상세&t_number=14
헬스/건강용품,15,발란스핏,[성해은 Pick] 발란스핏 압박스타킹 허벅지 확장형 베이지 S/M (의료기기),https://www.oliveyoung.co.kr/store/goods/getGoodsDetail.do?goodsNo=A000000159997&dispCatNo=90000010009&trackingCd=Best_Sellingbest&t_page=랭킹&t_click=판매랭킹_헬스/건강용품_상품상세&t_number=15
헬스/건강용품,16,휴족시간,휴족시간 2종 택1 (6매/18매),https://www.oliveyoung.co.kr/store/goods/getGoodsDetail.do?goodsNo=A000000006342&dispCatNo=90000010009&trackingCd=Best_Sellingbest&t_page=랭킹&t_click=판매랭킹_헬스/건강용품_상품상세&t_number=16
헬스/건강용품,17,이화,스포틀러 라텍스밴드 1~5단계 5종 택 1,https://www.oliveyoung.co.kr/store/goods/getGoodsDetail.do?goodsNo=B000000197200&dispCatNo=90000010009&trackingCd=Best_Sellingbest&t_page=랭킹&t_click=판매랭킹_헬스/건강용품_상품상세&t_number=17
헬스/건강용품,18,더마펌,더마펌 에이지 리바이빙 마이크로 크리스탈 패치 플러스 팔자6매+미간3매,https://www.oliveyoung.co.kr/store/goods/getGoodsDetail.do?goodsNo=A000000191685&dispCatNo=90000010009&trackingCd=Best_Sellingbest&t_page=랭킹&t_click=판매랭킹_헬스/건강용품_상품상세&t_number=18
헬스/건강용품,19,리앤웰,리앤웰 비말차단 마스크 (KF-AD) 대형 7매입,https://www.oliveyoung.co.kr/store/goods/getGoodsDetail.do?goodsNo=A000000142807&dispCatNo=90000010009&trackingCd=Best_Sellingbest&t_page=랭킹&t_click=판매랭킹_헬스/건강용품_상품상세&t_number=19
헬스/건강용품,20,리뉴,[NEW] 리뉴 후레쉬 (본품355ml+60ml 증정),https://www.oliveyoung.co.kr/store/goods/getGoodsDetail.do?goodsNo=A000000156334&dispCatNo=90000010009&trackingCd=Best_Sellingbest&t_page=랭킹&t_click=판매랭킹_헬스/건강용품_상품상세&t_number=20
헬스/건강용품,21,멕리듬,멕리듬 스팀 아이마스크 5매 6종 택1(무향/라벤더/캐모마일/유자/로즈/숲속),https://www.oliveyoung.co.kr/store/goods/getGoodsDetail.do?goodsNo=A000000124737&dispCatNo=90000010009&trackingCd=Best_Sellingbest&t_page=랭킹&t_click=판매랭킹_헬스/건강용품_상품상세&t_number=21
헬스/건강용품,22,케어플러스,케어플러스 스팟커버 패치 카밍 96매(짜기전),https://www.oliveyoung.co.kr/store/goods/getGoodsDetail.do?goodsNo=A000000183944&dispCatNo=90000010009&trackingCd=Best_Sellingbest&t_page=랭킹&t_click=판매랭킹_헬스/건강용품_상품상세&t_number=22
헬스/건강용품,23,온더바디,온더바디 발각질벗자 풋필링 스프레이 240ml,https://www.oliveyoung.co.kr/store/goods/getGoodsDetail.do?goodsNo=A000000132659&dispCatNo=90000010009&trackingCd=Best_Sellingbest&t_page=랭킹&t_click=판매랭킹_헬스/건강용품_상품상세&t_number=23
헬스/건강용품,24,온더바디,온더바디 발을씻자 코튼 풋샴푸 리필 500ml (레몬),https://www.oliveyoung.co.kr/store/goods/getGoodsDetail.do?goodsNo=A000000186445&dispCatNo=90000010009&trackingCd=Best_Sellingbest&t_page=랭킹&t_click=판매랭킹_헬스/건강용품_상품상세&t_number=24
헬스/건강용품,25,바른생각,바른생각 배-따순생각 2종 택 1 (5개입 / 대용량 8개입),https://www.oliveyoung.co.kr/store/goods/getGoodsDetail.do?goodsNo=A000000159407&dispCatNo=90000010009&trackingCd=Best_Sellingbest&t_page=랭킹&t_click=판매랭킹_헬스/건강용품_상품상세&t_number=25
헬스/건강용품,26,닥터원더,[증량] 닥터원더 원더패치 135매,https://www.oliveyoung.co.kr/store/goods/getGoodsDetail.do?goodsNo=A000000151854&dispCatNo=90000010009&trackingCd=Best_Sellingbest&t_page=랭킹&t_click=판매랭킹_헬스/건강용품_상품상세&t_number=26
헬스/건강용품,27,케어플러스,[추울땐 핫팩] 초미니/중형/특대형 핫팩 대용량 3종,https://www.oliveyoung.co.kr/store/goods/getGoodsDetail.do?goodsNo=A000000195966&dispCatNo=90000010009&trackingCd=Best_Sellingbest&t_page=랭킹&t_click=판매랭킹_헬스/건강용품_상품상세&t_number=27
헬스/건강용품,28,케어플러스,[온라인 단독/대용량기획]케어플러스 상처커버 스팟패치 324매,https://www.oliveyoung.co.kr/store/goods/getGoodsDetail.do?goodsNo=A000000189300&dispCatNo=90000010009&trackingCd=Best_Sellingbest&t_page=랭킹&t_click=판매랭킹_헬스/건강용품_상품상세&t_number=28
헬스/건강용품,29,파넬,[빅사이즈] 파넬 시카마누 클리어 패치 멀티+ (스팟+빅패치),https://www.oliveyoung.co.kr/store/goods/getGoodsDetail.do?goodsNo=A000000189847&dispCatNo=90000010009&trackingCd=Best_Sellingbest&t_page=랭킹&t_click=판매랭킹_헬스/건강용품_상품상세&t_number=29
헬스/건강용품,30,티타니아,티타니아 크랙트힐밤,https://www.oliveyoung.co.kr/store/goods/getGoodsDetail.do?goodsNo=A000000007518&dispCatNo=90000010009&trackingCd=Best_Sellingbest&t_page=랭킹&t_click=판매랭킹_헬스/건강용품_상품상세&t_number=30
헬스/건강용품,31,리뉴,리뉴 어드밴스 500ml 더블기획,https://www.oliveyoung.co.kr/store/goods/getGoodsDetail.do?goodsNo=A000000192286&dispCatNo=90000010009&trackingCd=Best_Sellingbest&t_page=랭킹&t_click=판매랭킹_헬스/건강용품_상품상세&t_number=31
헬스/건강용품,32,역대급커먼스,역대급 발각질 제거제 200ml,https://www.oliveyoung.co.kr/store/goods/getGoodsDetail.do?goodsNo=A000000126710&dispCatNo=90000010009&trackingCd=Best_Sellingbest&t_page=랭킹&t_click=판매랭킹_헬스/건강용품_상품상세&t_number=32
헬스/건강용품,33,센시안,[의료기기] 센시안 릴렉스 5종 택1 (베이지/블랙/그레이/더블기획),https://www.oliveyoung.co.kr/store/goods/getGoodsDetail.do?goodsNo=A000000162376&dispCatNo=90000010009&trackingCd=Best_Sellingbest&t_page=랭킹&t_click=판매랭킹_헬스/건강용품_상품상세&t_number=33
헬스/건강용품,34,그랜즈레미디,그랜즈레미디 신발파우더 3종 택1 (오리지널/페퍼민트/오렌지),https://www.oliveyoung.co.kr/store/goods/getGoodsDetail.do?goodsNo=A000000173811&dispCatNo=90000010009&trackingCd=Best_Sellingbest&t_page=랭킹&t_click=판매랭킹_헬스/건강용품_상품상세&t_number=34
헬스/건강용품,35,해서린,"해서린 스팟케어 패치 단품 (노란스팟, 붉은스팟)",https://www.oliveyoung.co.kr/store/goods/getGoodsDetail.do?goodsNo=A000000140107&dispCatNo=90000010009&trackingCd=Best_Sellingbest&t_page=랭킹&t_click=판매랭킹_헬스/건강용품_상품상세&t_number=35
헬스/건강용품,36,온더바디,[화제의 만능템]온더바디 발을씻자 코튼 풋샴푸 3개입 2종 택1 (자몽/레몬),https://www.oliveyoung.co.kr/store/goods/getGoodsDetail.do?goodsNo=A000000151328&dispCatNo=90000010009&trackingCd=Best_Sellingbest&t_page=랭킹&t_click=판매랭킹_헬스/건강용품_상품상세&t_number=36
헬스/건강용품,37,이지덤뷰티,이지덤뷰티 퀵카밍 10매 기획세트 (시카앰플 10ml 증정),https://www.oliveyoung.co.kr/store/goods/getGoodsDetail.do?goodsNo=A000000182563&dispCatNo=90000010009&trackingCd=Best_Sellingbest&t_page=랭킹&t_click=판매랭킹_헬스/건강용품_상품상세&t_number=37
헬스/건강용품,38,에프쓰리,F3 뿌린대로 거두리라 퍼펙트 풋필링 키트 (미스트+풋파일),https://www.oliveyoung.co.kr/store/goods/getGoodsDetail.do?goodsNo=A000000178964&dispCatNo=90000010009&trackingCd=Best_Sellingbest&t_page=랭킹&t_click=판매랭킹_헬스/건강용품_상품상세&t_number=38
헬스/건강용품,39,바렌,바렌 발각질지우개 (미스트+풋파일),https://www.oliveyoung.co.kr/store/goods/getGoodsDetail.do?goodsNo=A000000159504&dispCatNo=90000010009&trackingCd=Best_Sellingbest&t_page=랭킹&t_click=판매랭킹_헬스/건강용품_상품상세&t_number=39
헬스/건강용품,40,오킵스,오킵스 헬시피트 익스폴리에이팅 풋크림 85g (2023),https://www.oliveyoung.co.kr/store/goods/getGoodsDetail.do?goodsNo=A000000198820&dispCatNo=90000010009&trackingCd=Best_Sellingbest&t_page=랭킹&t_click=판매랭킹_헬스/건강용품_상품상세&t_number=40
헬스/건강용품,41,뉴트로지나,뉴트로지나 인텐스 리페어 풋크림 56g (뒤꿈치 관리),https://www.oliveyoung.co.kr/store/goods/getGoodsDetail.do?goodsNo=A000000143491&dispCatNo=90000010009&trackingCd=Best_Sellingbest&t_page=랭킹&t_click=판매랭킹_헬스/건강용품_상품상세&t_number=41
헬스/건강용품,42,이지덤뷰티,[단독기획] 이지덤뷰티 퀵카밍 8매+시카앰플 10ml,https://www.oliveyoung.co.kr/store/goods/getGoodsDetail.do?goodsNo=A000000157059&dispCatNo=90000010009&trackingCd=Best_Sellingbest&t_page=랭킹&t_click=판매랭킹_헬스/건강용품_상품상세&t_number=42
헬스/건강용품,43,케어플러스,[소용량]케어플러스 스팟커버 패치 카밍 24매,https://www.oliveyoung.co.kr/store/goods/getGoodsDetail.do?goodsNo=A000000200482&dispCatNo=90000010009&trackingCd=Best_Sellingbest&t_page=랭킹&t_click=판매랭킹_헬스/건강용품_상품상세&t_number=43
헬스/건강용품,44,온더바디,[마루는강쥐 에디션] 온더바디 발을씻자 코튼 풋샴푸 385ml 2종 택1 (민트향/비누향),https://www.oliveyoung.co.kr/store/goods/getGoodsDetail.do?goodsNo=A000000199063&dispCatNo=90000010009&trackingCd=Best_Sellingbest&t_page=랭킹&t_click=판매랭킹_헬스/건강용품_상품상세&t_number=44
헬스/건강용품,45,마르시끄,[브라이언 PICK] 마르시끄 링클 리페어 팔자 주름패치 36개,https://www.oliveyoung.co.kr/store/goods/getGoodsDetail.do?goodsNo=A000000181612&dispCatNo=90000010009&trackingCd=Best_Sellingbest&t_page=랭킹&t_click=판매랭킹_헬스/건강용품_상품상세&t_number=45
헬스/건강용품,46,오더이터,오더이터 풋앤슈+스포츠 스프레이 1+1 기획 (150ml+150ml),https://www.oliveyoung.co.kr/store/goods/getGoodsDetail.do?goodsNo=A000000156687&dispCatNo=90000010009&trackingCd=Best_Sellingbest&t_page=랭킹&t_click=판매랭킹_헬스/건강용품_상품상세&t_number=46
헬스/건강용품,47,아크로패스,아크로패스 트러블큐어 6매,https://www.oliveyoung.co.kr/store/goods/getGoodsDetail.do?goodsNo=A000000127611&dispCatNo=90000010009&trackingCd=Best_Sellingbest&t_page=랭킹&t_click=판매랭킹_헬스/건강용품_상품상세&t_number=47
헬스/건강용품,48,리뉴,리뉴 센서티브 더블 기획 (355ml+355ml),https://www.oliveyoung.co.kr/store/goods/getGoodsDetail.do?goodsNo=A000000156336&dispCatNo=90000010009&trackingCd=Best_Sellingbest&t_page=랭킹&t_click=판매랭킹_헬스/건강용품_상품상세&t_number=48
헬스/건강용품,49,파티온,[화해1위] 파티온 노스카나인 트러블케어 스팟패치 102매,https://www.oliveyoung.co.kr/store/goods/getGoodsDetail.do?goodsNo=A000000176414&dispCatNo=90000010009&trackingCd=Best_Sellingbest&t_page=랭킹&t_click=판매랭킹_헬스/건강용품_상품상세&t_number=49
헬스/건강용품,50,가디언,가디언 힐링 수면안대,https://www.oliveyoung.co.kr/store/goods/getGoodsDetail.do?goodsNo=A000000012446&dispCatNo=90000010009&trackingCd=Best_Sellingbest&t_page=랭킹&t_click=판매랭킹_헬스/건강용품_상품상세&t_number=50
헬스/건강용품,51,마데카솔,[단독기획] 마데카 메디패치 스팟패치 2종 택1 (33매/99매),https://www.oliveyoung.co.kr/store/goods/getGoodsDetail.do?goodsNo=A000000159562&dispCatNo=90000010009&trackingCd=Best_Sellingbest&t_page=랭킹&t_click=판매랭킹_헬스/건강용품_상품상세&t_number=51
헬스/건강용품,52,해서린,[NEW] 해서린 스팟케어 시카+ 마이크로 딥패치 9매 (+ 빅패치 10매 증정),https://www.oliveyoung.co.kr/store/goods/getGoodsDetail.do?goodsNo=A000000201016&dispCatNo=90000010009&trackingCd=Best_Sellingbest&t_page=랭킹&t_click=판매랭킹_헬스/건강용품_상품상세&t_number=52
헬스/건강용품,53,해서린,[올영단독기획] 해서린 스팟케어 패치 키트 대용량 기획 140매,https://www.oliveyoung.co.kr/store/goods/getGoodsDetail.do?goodsNo=A000000177193&dispCatNo=90000010009&trackingCd=Best_Sellingbest&t_page=랭킹&t_click=판매랭킹_헬스/건강용품_상품상세&t_number=53
헬스/건강용품,54,슬로우랩,슬로우랩 빼독패치 10매입 2종 택1 (무향/쑥향),https://www.oliveyoung.co.kr/store/goods/getGoodsDetail.do?goodsNo=A000000141023&dispCatNo=90000010009&trackingCd=Best_Sellingbest&t_page=랭킹&t_click=판매랭킹_헬스/건강용품_상품상세&t_number=54
헬스/건강용품,55,케어플러스,[의료기기] 케어플러스 상처 커버 UV 차단 스팟 패치 72매(점뺀 후 사용가능),https://www.oliveyoung.co.kr/store/goods/getGoodsDetail.do?goodsNo=A000000200420&dispCatNo=90000010009&trackingCd=Best_Sellingbest&t_page=랭킹&t_click=판매랭킹_헬스/건강용품_상품상세&t_number=55
헬스/건강용품,56,더마비,더마비 우레아9.8 풋크림 2종 택1,https://www.oliveyoung.co.kr/store/goods/getGoodsDetail.do?goodsNo=A000000129581&dispCatNo=90000010009&trackingCd=Best_Sellingbest&t_page=랭킹&t_click=판매랭킹_헬스/건강용품_상품상세&t_number=56
헬스/건강용품,57,스팀베이스,스팀베이스 데일리 아이마스크 11종 택1,https://www.oliveyoung.co.kr/store/goods/getGoodsDetail.do?goodsNo=A000000130416&dispCatNo=90000010009&trackingCd=Best_Sellingbest&t_page=랭킹&t_click=판매랭킹_헬스/건강용품_상품상세&t_number=57
헬스/건강용품,58,케어플러스,케어플러스 스팟패치 4종 택1(102매/카밍96매/빅81매/허니84매),https://www.oliveyoung.co.kr/store/goods/getGoodsDetail.do?goodsNo=A000000140110&dispCatNo=90000010009&trackingCd=Best_Sellingbest&t_page=랭킹&t_click=판매랭킹_헬스/건강용품_상품상세&t_number=58
헬스/건강용품,59,케어플러스,케어플러스 얼룩지우개 100매입,https://www.oliveyoung.co.kr/store/goods/getGoodsDetail.do?goodsNo=A000000119608&dispCatNo=90000010009&trackingCd=Best_Sellingbest&t_page=랭킹&t_click=판매랭킹_헬스/건강용품_상품상세&t_number=59
헬스/건강용품,60,퓨어덤,퓨어덤 각질제거 풋마스크,https://www.oliveyoung.co.kr/store/goods/getGoodsDetail.do?goodsNo=A000000103705&dispCatNo=90000010009&trackingCd=Best_Sellingbest&t_page=랭킹&t_click=판매랭킹_헬스/건강용품_상품상세&t_number=60
헬스/건강용품,61,코빵밴드,코빵에어 (쿨),https://www.oliveyoung.co.kr/store/goods/getGoodsDetail.do?goodsNo=A000000137049&dispCatNo=90000010009&trackingCd=Best_Sellingbest&t_page=랭킹&t_click=판매랭킹_헬스/건강용품_상품상세&t_number=61
헬스/건강용품,62,슬로우랩,슬로우랩 꿀잠안대 라벤더향,https://www.oliveyoung.co.kr/store/goods/getGoodsDetail.do?goodsNo=A000000146582&dispCatNo=90000010009&trackingCd=Best_Sellingbest&t_page=랭킹&t_click=판매랭킹_헬스/건강용품_상품상세&t_number=62
헬스/건강용품,63,소프리스,소프리스 풋 필링 더블 에센스 마스크 외 1종,https://www.oliveyoung.co.kr/store/goods/getGoodsDetail.do?goodsNo=A000000011722&dispCatNo=90000010009&trackingCd=Best_Sellingbest&t_page=랭킹&t_click=판매랭킹_헬스/건강용품_상품상세&t_number=63
헬스/건강용품,64,케어플러스,케어플러스 아랫배 찜질 패드 5매입,https://www.oliveyoung.co.kr/store/goods/getGoodsDetail.do?goodsNo=A000000188262&dispCatNo=90000010009&trackingCd=Best_Sellingbest&t_page=랭킹&t_click=판매랭킹_헬스/건강용품_상품상세&t_number=64
헬스/건강용품,65,리뉴,리뉴 후레쉬 휴대용팩 60ml+60ml,https://www.oliveyoung.co.kr/store/goods/getGoodsDetail.do?goodsNo=A000000010344&dispCatNo=90000010009&trackingCd=Best_Sellingbest&t_page=랭킹&t_click=판매랭킹_헬스/건강용품_상품상세&t_number=65
헬스/건강용품,66,휴족시간,휴족시간 쿨링시트 6매입,https://www.oliveyoung.co.kr/store/goods/getGoodsDetail.do?goodsNo=A000000006341&dispCatNo=90000010009&trackingCd=Best_Sellingbest&t_page=랭킹&t_click=판매랭킹_헬스/건강용품_상품상세&t_number=66
헬스/건강용품,67,코스알엑스,코스알엑스 클리어 핏 마스터 패치 18매,https://www.oliveyoung.co.kr/store/goods/getGoodsDetail.do?goodsNo=A000000142031&dispCatNo=90000010009&trackingCd=Best_Sellingbest&t_page=랭킹&t_click=판매랭킹_헬스/건강용품_상품상세&t_number=67
헬스/건강용품,68,케어플러스,[소용량]케어플러스 상처커버 스팟패치 24매,https://www.oliveyoung.co.kr/store/goods/getGoodsDetail.do?goodsNo=A000000200453&dispCatNo=90000010009&trackingCd=Best_Sellingbest&t_page=랭킹&t_click=판매랭킹_헬스/건강용품_상품상세&t_number=68
헬스/건강용품,69,메디니스,메디니스 목베개 버블쿠션 골드 마사지기 MD-8600,https://www.oliveyoung.co.kr/store/goods/getGoodsDetail.do?goodsNo=B000000203754&dispCatNo=90000010009&trackingCd=Best_Sellingbest&t_page=랭킹&t_click=판매랭킹_헬스/건강용품_상품상세&t_number=69
헬스/건강용품,70,메디니스,메디니스 바디온 멀티형 전기 온열 황토 열선 찜질팩 MW-300GRS,https://www.oliveyoung.co.kr/store/goods/getGoodsDetail.do?goodsNo=B000000203753&dispCatNo=90000010009&trackingCd=Best_Sellingbest&t_page=랭킹&t_click=판매랭킹_헬스/건강용품_상품상세&t_number=70
헬스/건강용품,71,메디니스,메디니스 포유넥 무선 온열 목어깨 승모근 마사지기 MVP-705,https://www.oliveyoung.co.kr/store/goods/getGoodsDetail.do?goodsNo=B000000203752&dispCatNo=90000010009&trackingCd=Best_Sellingbest&t_page=랭킹&t_click=판매랭킹_헬스/건강용품_상품상세&t_number=71
헬스/건강용품,72,트라택,트라택 액티브 넥앤숄더 멀티 마사지기,https://www.oliveyoung.co.kr/store/goods/getGoodsDetail.do?goodsNo=B000000203714&dispCatNo=90000010009&trackingCd=Best_Sellingbest&t_page=랭킹&t_click=판매랭킹_헬스/건강용품_상품상세&t_number=72
헬스/건강용품,73,닥터웰메이드원,[피지제거] 닥터웰메이드원 좁쌀피지 순삭패치 4종 택1 (마일드/슈퍼마일드/부스터/멀티팩),https://www.oliveyoung.co.kr/store/goods/getGoodsDetail.do?goodsNo=A000000202924&dispCatNo=90000010009&trackingCd=Best_Sellingbest&t_page=랭킹&t_click=판매랭킹_헬스/건강용품_상품상세&t_number=73
헬스/건강용품,74,제스파,제스파 리프레디 허리 골반 안마기 ZP5541,https://www.oliveyoung.co.kr/store/goods/getGoodsDetail.do?goodsNo=B000000202659&dispCatNo=90000010009&trackingCd=Best_Sellingbest&t_page=랭킹&t_click=판매랭킹_헬스/건강용품_상품상세&t_number=74
헬스/건강용품,75,제스파,"제스파 이비스 마사지건 EMS 저주파 안마기 2종 택 (블랙, 화이트)",https://www.oliveyoung.co.kr/store/goods/getGoodsDetail.do?goodsNo=B000000202656&dispCatNo=90000010009&trackingCd=Best_Sellingbest&t_page=랭킹&t_click=판매랭킹_헬스/건강용품_상품상세&t_number=75
헬스/건강용품,76,제스파,제스파 홀딩미 손목 저주파 안마기 EMS 손마사지기 ZP2240,https://www.oliveyoung.co.kr/store/goods/getGoodsDetail.do?goodsNo=B000000202652&dispCatNo=90000010009&trackingCd=Best_Sellingbest&t_page=랭킹&t_click=판매랭킹_헬스/건강용품_상품상세&t_number=76
헬스/건강용품,77,아디다스,아디다스 실내자전거 C-21,https://www.oliveyoung.co.kr/store/goods/getGoodsDetail.do?goodsNo=B000000201920&dispCatNo=90000010009&trackingCd=Best_Sellingbest&t_page=랭킹&t_click=판매랭킹_헬스/건강용품_상품상세&t_number=77
헬스/건강용품,78,아디다스,아디다스 퍼포먼스 AB슬라이드,https://www.oliveyoung.co.kr/store/goods/getGoodsDetail.do?goodsNo=B000000201888&dispCatNo=90000010009&trackingCd=Best_Sellingbest&t_page=랭킹&t_click=판매랭킹_헬스/건강용품_상품상세&t_number=78
헬스/건강용품,79,이화,스포틀러 로잉머신 R06,https://www.oliveyoung.co.kr/store/goods/getGoodsDetail.do?goodsNo=B000000201887&dispCatNo=90000010009&trackingCd=Best_Sellingbest&t_page=랭킹&t_click=판매랭킹_헬스/건강용품_상품상세&t_number=79
헬스/건강용품,80,듀오덤,[의료기기]듀오덤 스팟패치 72매 기획 (+12매),https://www.oliveyoung.co.kr/store/goods/getGoodsDetail.do?goodsNo=A000000201748&dispCatNo=90000010009&trackingCd=Best_Sellingbest&t_page=랭킹&t_click=판매랭킹_헬스/건강용품_상품상세&t_number=80
헬스/건강용품,81,에어딕,에어딕 비브아 수면루틴 베개 마사지기 (24년형 온열2단계),https://www.oliveyoung.co.kr/store/goods/getGoodsDetail.do?goodsNo=B000000201717&dispCatNo=90000010009&trackingCd=Best_Sellingbest&t_page=랭킹&t_click=판매랭킹_헬스/건강용품_상품상세&t_number=81
헬스/건강용품,82,발란스핏,[성해은PICK] 발란스핏 압박 종아리 마사지기,https://www.oliveyoung.co.kr/store/goods/getGoodsDetail.do?goodsNo=A000000201696&dispCatNo=90000010009&trackingCd=Best_Sellingbest&t_page=랭킹&t_click=판매랭킹_헬스/건강용품_상품상세&t_number=82
헬스/건강용품,83,글루어트,[김지은PICK]글루어트 풀세트 2종 택 1 (20일 / 35일),https://www.oliveyoung.co.kr/store/goods/getGoodsDetail.do?goodsNo=B000000201596&dispCatNo=90000010009&trackingCd=Best_Sellingbest&t_page=랭킹&t_click=판매랭킹_헬스/건강용품_상품상세&t_number=83
헬스/건강용품,84,글루어트,[OY단독][김지은PICK]글루어트 EX 패키지(라이트 20일+글루어트 도서),https://www.oliveyoung.co.kr/store/goods/getGoodsDetail.do?goodsNo=B000000201594&dispCatNo=90000010009&trackingCd=Best_Sellingbest&t_page=랭킹&t_click=판매랭킹_헬스/건강용품_상품상세&t_number=84
헬스/건강용품,85,메디필,[아기발 크림] 메디필 EGF 스케일링 모이스처 풋 크림 130g 더블기획,https://www.oliveyoung.co.kr/store/goods/getGoodsDetail.do?goodsNo=A000000200957&dispCatNo=90000010009&trackingCd=Best_Sellingbest&t_page=랭킹&t_click=판매랭킹_헬스/건강용품_상품상세&t_number=85
헬스/건강용품,86,메디필,[아기발 크림] 메디필 EGF 스케일링 모이스처 풋 크림 130g,https://www.oliveyoung.co.kr/store/goods/getGoodsDetail.do?goodsNo=A000000200956&dispCatNo=90000010009&trackingCd=Best_Sellingbest&t_page=랭킹&t_click=판매랭킹_헬스/건강용품_상품상세&t_number=86
헬스/건강용품,87,아크로패스,아크로패스 포어리스 패치 1+1 기획 (총 8매) (2401),https://www.oliveyoung.co.kr/store/goods/getGoodsDetail.do?goodsNo=A000000200898&dispCatNo=90000010009&trackingCd=Best_Sellingbest&t_page=랭킹&t_click=판매랭킹_헬스/건강용품_상품상세&t_number=87
헬스/건강용품,88,풀리오,풀리오 패디플래너 프리미엄 8종 SET(발각질제거기+링헤드+풋패드 100매+링패드 40매+풋미스트150ml+풋크림75ml)(온),https://www.oliveyoung.co.kr/store/goods/getGoodsDetail.do?goodsNo=A000000200451&dispCatNo=90000010009&trackingCd=Best_Sellingbest&t_page=랭킹&t_click=판매랭킹_헬스/건강용품_상품상세&t_number=88
헬스/건강용품,89,케어플러스,[의료기기] 케어플러스 데미지 메디컬 크림 40g,https://www.oliveyoung.co.kr/store/goods/getGoodsDetail.do?goodsNo=A000000200448&dispCatNo=90000010009&trackingCd=Best_Sellingbest&t_page=랭킹&t_click=판매랭킹_헬스/건강용품_상품상세&t_number=89
헬스/건강용품,90,케어플러스,케어플러스 마데케어 연고 15g,https://www.oliveyoung.co.kr/store/goods/getGoodsDetail.do?goodsNo=A000000200481&dispCatNo=90000010009&trackingCd=Best_Sellingbest&t_page=랭킹&t_click=판매랭킹_헬스/건강용품_상품상세&t_number=90
헬스/건강용품,91,케라셀,케라셀 나이트타임 리뉴얼 네일 패치 14매,https://www.oliveyoung.co.kr/store/goods/getGoodsDetail.do?goodsNo=A000000200429&dispCatNo=90000010009&trackingCd=Best_Sellingbest&t_page=랭킹&t_click=판매랭킹_헬스/건강용품_상품상세&t_number=91
헬스/건강용품,92,케어플러스,케어플러스 상처 커버 와이드 패치 12매,https://www.oliveyoung.co.kr/store/goods/getGoodsDetail.do?goodsNo=A000000200406&dispCatNo=90000010009&trackingCd=Best_Sellingbest&t_page=랭킹&t_click=판매랭킹_헬스/건강용품_상품상세&t_number=92
헬스/건강용품,93,온더바디,[마루는강쥐 에디션] 온더바디 발을씻자 풋케어 기획세트 2종 택 1 (풋미스트/ 풋필링팩),https://www.oliveyoung.co.kr/store/goods/getGoodsDetail.do?goodsNo=A000000200399&dispCatNo=90000010009&trackingCd=Best_Sellingbest&t_page=랭킹&t_click=판매랭킹_헬스/건강용품_상품상세&t_number=93
헬스/건강용품,94,풀리오,풀리오 종아리 마사지기 지퍼형,https://www.oliveyoung.co.kr/store/goods/getGoodsDetail.do?goodsNo=A000000200305&dispCatNo=90000010009&trackingCd=Best_Sellingbest&t_page=랭킹&t_click=판매랭킹_헬스/건강용품_상품상세&t_number=94
헬스/건강용품,95,풀리오,풀리오 손 마사지기,https://www.oliveyoung.co.kr/store/goods/getGoodsDetail.do?goodsNo=A000000200304&dispCatNo=90000010009&trackingCd=Best_Sellingbest&t_page=랭킹&t_click=판매랭킹_헬스/건강용품_상품상세&t_number=95
헬스/건강용품,96,굿잠,굿잠 온열패치 10매입,https://www.oliveyoung.co.kr/store/goods/getGoodsDetail.do?goodsNo=A000000199739&dispCatNo=90000010009&trackingCd=Best_Sellingbest&t_page=랭킹&t_click=판매랭킹_헬스/건강용품_상품상세&t_number=96
헬스/건강용품,97,굿잠,굿잠 스팀안대 10매입 2종 택 1 (무향/카모마일향),https://www.oliveyoung.co.kr/store/goods/getGoodsDetail.do?goodsNo=A000000199725&dispCatNo=90000010009&trackingCd=Best_Sellingbest&t_page=랭킹&t_click=판매랭킹_헬스/건강용품_상품상세&t_number=97
헬스/건강용품,98,굿잠,굿잠 온찜질팩 5매입,https://www.oliveyoung.co.kr/store/goods/getGoodsDetail.do?goodsNo=A000000199724&dispCatNo=90000010009&trackingCd=Best_Sellingbest&t_page=랭킹&t_click=판매랭킹_헬스/건강용품_상품상세&t_number=98
헬스/건강용품,99,바렌,바렌 시카 SOS 퀵 리페어 풋 팩 3개입,https://www.oliveyoung.co.kr/store/goods/getGoodsDetail.do?goodsNo=A000000199481&dispCatNo=90000010009&trackingCd=Best_Sellingbest&t_page=랭킹&t_click=판매랭킹_헬스/건강용품_상품상세&t_number=99
헬스/건강용품,100,바렌,바렌 시어버터 슬리핑 힐 패치 10개입,https://www.oliveyoung.co.kr/store/goods/getGoodsDetail.do?goodsNo=A000000199461&dispCatNo=90000010009&trackingCd=Best_Sellingbest&t_page=랭킹&t_click=판매랭킹_헬스/건강용품_상품상세&t_number=100
여성/위생용품,1,프리너,프리너 생리대 4종 택1 (중형 / 대형 / 오버나이트 / 팬티라이너),https://www.oliveyoung.co.kr/store/goods/getGoodsDetail.do?goodsNo=A000000201261&dispCatNo=90000010009&trackingCd=Best_Sellingbest&t_page=랭킹&t_click=판매랭킹_여성/위생용품_상품상세&t_number=1
여성/위생용품,2,바른생각,[의료기기] 바른생각 콘돔 22종 택 1,https://www.oliveyoung.co.kr/store/goods/getGoodsDetail.do?goodsNo=A000000148268&dispCatNo=90000010009&trackingCd=Best_Sellingbest&t_page=랭킹&t_click=판매랭킹_여성/위생용품_상품상세&t_number=2
여성/위생용품,3,시크릿데이,시크릿데이 블랙 생리대 9종 택1 (소형/중형/대형/오버나이트/입는오버나이트/팬티 라이너),https://www.oliveyoung.co.kr/store/goods/getGoodsDetail.do?goodsNo=A000000198522&dispCatNo=90000010009&trackingCd=Best_Sellingbest&t_page=랭킹&t_click=판매랭킹_여성/위생용품_상품상세&t_number=3
여성/위생용품,4,예지미인,예지미인 윤슬 한방생리대 6종 택 1 (라이너/소형/중형/대형),https://www.oliveyoung.co.kr/store/goods/getGoodsDetail.do?goodsNo=A000000121071&dispCatNo=90000010009&trackingCd=Best_Sellingbest&t_page=랭킹&t_click=판매랭킹_여성/위생용품_상품상세&t_number=4
여성/위생용품,5,템포,템포 탐폰 2종 택 1 (레귤러 20P/ 슈퍼 20P),https://www.oliveyoung.co.kr/store/goods/getGoodsDetail.do?goodsNo=A000000164621&dispCatNo=90000010009&trackingCd=Best_Sellingbest&t_page=랭킹&t_click=판매랭킹_여성/위생용품_상품상세&t_number=5
여성/위생용품,6,좋은느낌,좋은느낌 좋은순면 생리대 4종 택 1 (중형 / 대형 / 수퍼롱 / 라이너),https://www.oliveyoung.co.kr/store/goods/getGoodsDetail.do?goodsNo=A000000014788&dispCatNo=90000010009&trackingCd=Best_Sellingbest&t_page=랭킹&t_click=판매랭킹_여성/위생용품_상품상세&t_number=6
여성/위생용품,7,이브네,"이브네 비오셀 생리대 6종 택1(생리대, 라이너, 오버나이트)",https://www.oliveyoung.co.kr/store/goods/getGoodsDetail.do?goodsNo=A000000182115&dispCatNo=90000010009&trackingCd=Best_Sellingbest&t_page=랭킹&t_click=판매랭킹_여성/위생용품_상품상세&t_number=7
여성/위생용품,8,아로마티카,아로마티카 퓨어앤소프트 여성청결제 170ml 기획(+캐모마일&티트리170ml 증정),https://www.oliveyoung.co.kr/store/goods/getGoodsDetail.do?goodsNo=A000000174439&dispCatNo=90000010009&trackingCd=Best_Sellingbest&t_page=랭킹&t_click=판매랭킹_여성/위생용품_상품상세&t_number=8
여성/위생용품,9,아로마티카,"아로마티카 퓨어앤소프트 여성청결제 170ml 2종 택1(기획세트, 단품)",https://www.oliveyoung.co.kr/store/goods/getGoodsDetail.do?goodsNo=A000000172269&dispCatNo=90000010009&trackingCd=Best_Sellingbest&t_page=랭킹&t_click=판매랭킹_여성/위생용품_상품상세&t_number=9
여성/위생용품,10,바른생각,바른생각 40도 쿠션 2종 택 1 (블랙 / 카키),https://www.oliveyoung.co.kr/store/goods/getGoodsDetail.do?goodsNo=A000000183564&dispCatNo=90000010009&trackingCd=Best_Sellingbest&t_page=랭킹&t_click=판매랭킹_여성/위생용품_상품상세&t_number=10
여성/위생용품,11,쏘피,[올리브영 단독] 쏘피 X 벨리곰 안심숙면 팬티 5P 2종 택 1(입는오버나이트),https://www.oliveyoung.co.kr/store/goods/getGoodsDetail.do?goodsNo=A000000181773&dispCatNo=90000010009&trackingCd=Best_Sellingbest&t_page=랭킹&t_click=판매랭킹_여성/위생용품_상품상세&t_number=11
여성/위생용품,12,유기농본,유기농본 울트라슬림날개 대형 28입/중형30입 2종 택 1,https://www.oliveyoung.co.kr/store/goods/getGoodsDetail.do?goodsNo=A000000105853&dispCatNo=90000010009&trackingCd=Best_Sellingbest&t_page=랭킹&t_click=판매랭킹_여성/위생용품_상품상세&t_number=12
여성/위생용품,13,유기농본,유기농본 생리대 팬티라이너 2종 택 1 (롱28P/일반34P),https://www.oliveyoung.co.kr/store/goods/getGoodsDetail.do?goodsNo=A000000006731&dispCatNo=90000010009&trackingCd=Best_Sellingbest&t_page=랭킹&t_click=판매랭킹_여성/위생용품_상품상세&t_number=13
여성/위생용품,14,프리메라,[비건청결제]프리메라 후리앤후리 145ml 기획(+30ml),https://www.oliveyoung.co.kr/store/goods/getGoodsDetail.do?goodsNo=A000000193228&dispCatNo=90000010009&trackingCd=Best_Sellingbest&t_page=랭킹&t_click=판매랭킹_여성/위생용품_상품상세&t_number=14
여성/위생용품,15,사가미,[의료기기] 사가미 오리지널 0.02 6P,https://www.oliveyoung.co.kr/store/goods/getGoodsDetail.do?goodsNo=A000000008456&dispCatNo=90000010009&trackingCd=Best_Sellingbest&t_page=랭킹&t_click=판매랭킹_여성/위생용품_상품상세&t_number=15
여성/위생용품,16,바이오힐보,바이오힐보 프로바이오덤 센서티브 페미닌워시 160mL 더블 기획,https://www.oliveyoung.co.kr/store/goods/getGoodsDetail.do?goodsNo=A000000162575&dispCatNo=90000010009&trackingCd=Best_Sellingbest&t_page=랭킹&t_click=판매랭킹_여성/위생용품_상품상세&t_number=16
여성/위생용품,17,라엘,라엘 천연 여성 청결제 150ml,https://www.oliveyoung.co.kr/store/goods/getGoodsDetail.do?goodsNo=A000000138252&dispCatNo=90000010009&trackingCd=Best_Sellingbest&t_page=랭킹&t_click=판매랭킹_여성/위생용품_상품상세&t_number=17
여성/위생용품,18,세이브,세이브(SAIB) 네츄럴 포밍 여성청결제 100ml,https://www.oliveyoung.co.kr/store/goods/getGoodsDetail.do?goodsNo=A000000149538&dispCatNo=90000010009&trackingCd=Best_Sellingbest&t_page=랭킹&t_click=판매랭킹_여성/위생용품_상품상세&t_number=18
여성/위생용품,19,원포,[의료기기] 원포 임신 테스트기 2종 택1(3strips/1kit),https://www.oliveyoung.co.kr/store/goods/getGoodsDetail.do?goodsNo=A000000177552&dispCatNo=90000010009&trackingCd=Best_Sellingbest&t_page=랭킹&t_click=판매랭킹_여성/위생용품_상품상세&t_number=19
여성/위생용품,20,인클리어,[의료기기] 렛츠인클리어 질세정기 2종 택1 (렛츠인클리어 2P / 렛츠인클리어 9P),https://www.oliveyoung.co.kr/store/goods/getGoodsDetail.do?goodsNo=A000000154511&dispCatNo=90000010009&trackingCd=Best_Sellingbest&t_page=랭킹&t_click=판매랭킹_여성/위생용품_상품상세&t_number=20
여성/위생용품,21,바른생각,[의료기기] 바른생각 젤 헬시 러브 100g,https://www.oliveyoung.co.kr/store/goods/getGoodsDetail.do?goodsNo=A000000190915&dispCatNo=90000010009&trackingCd=Best_Sellingbest&t_page=랭킹&t_click=판매랭킹_여성/위생용품_상품상세&t_number=21
여성/위생용품,22,화이트,화이트 수퍼흡수 생리대 5종 택 1 (중형 / 대형 / 수퍼롱 / 오버나이트),https://www.oliveyoung.co.kr/store/goods/getGoodsDetail.do?goodsNo=A000000160616&dispCatNo=90000010009&trackingCd=Best_Sellingbest&t_page=랭킹&t_click=판매랭킹_여성/위생용품_상품상세&t_number=22
여성/위생용품,23,인클리어,[의료기기] 인클리어/렛츠인클리어 질세정기 5종 택1,https://www.oliveyoung.co.kr/store/goods/getGoodsDetail.do?goodsNo=A000000193120&dispCatNo=90000010009&trackingCd=Best_Sellingbest&t_page=랭킹&t_click=판매랭킹_여성/위생용품_상품상세&t_number=23
여성/위생용품,24,좋은느낌,좋은느낌 오리지널 울트라날개 생리대 5종 택 1 (소형 / 중형 / 대형 / 수퍼롱),https://www.oliveyoung.co.kr/store/goods/getGoodsDetail.do?goodsNo=A000000014786&dispCatNo=90000010009&trackingCd=Best_Sellingbest&t_page=랭킹&t_click=판매랭킹_여성/위생용품_상품상세&t_number=24
여성/위생용품,25,질편한,질편한 3IN1 질염테스트기 (의료기기),https://www.oliveyoung.co.kr/store/goods/getGoodsDetail.do?goodsNo=A000000137150&dispCatNo=90000010009&trackingCd=Best_Sellingbest&t_page=랭킹&t_click=판매랭킹_여성/위생용품_상품상세&t_number=25
여성/위생용품,26,바른생각,[의료기기] 바른생각 번들 묶음 기획 9종 택 1 (워터리 에어핏/익스트림 에어핏/퍼펙트핏/에어핏/오리지널),https://www.oliveyoung.co.kr/store/goods/getGoodsDetail.do?goodsNo=A000000147168&dispCatNo=90000010009&trackingCd=Best_Sellingbest&t_page=랭킹&t_click=판매랭킹_여성/위생용품_상품상세&t_number=26
여성/위생용품,27,필루니크,필루니크 런더리 란제리 솝150ml (속옷전용세제),https://www.oliveyoung.co.kr/store/goods/getGoodsDetail.do?goodsNo=A000000113899&dispCatNo=90000010009&trackingCd=Best_Sellingbest&t_page=랭킹&t_click=판매랭킹_여성/위생용품_상품상세&t_number=27
여성/위생용품,28,좋은느낌,좋은느낌 유기농 순면커버 라이너  6종 택 1 (롱 / 일반 / 수퍼롱),https://www.oliveyoung.co.kr/store/goods/getGoodsDetail.do?goodsNo=A000000007225&dispCatNo=90000010009&trackingCd=Best_Sellingbest&t_page=랭킹&t_click=판매랭킹_여성/위생용품_상품상세&t_number=28
여성/위생용품,29,바른생각,바른생각 배-따순생각 2종 택 1 (5개입 / 대용량 8개입),https://www.oliveyoung.co.kr/store/goods/getGoodsDetail.do?goodsNo=A000000159407&dispCatNo=90000010009&trackingCd=Best_Sellingbest&t_page=랭킹&t_click=판매랭킹_여성/위생용품_상품상세&t_number=29
여성/위생용품,30,좋은느낌,좋은느낌 유기농순면 생리대 8종 택 1 (맥시슬림 / 울트라슬림 / 수퍼롱 / 오버나이트),https://www.oliveyoung.co.kr/store/goods/getGoodsDetail.do?goodsNo=A000000160619&dispCatNo=90000010009&trackingCd=Best_Sellingbest&t_page=랭킹&t_click=판매랭킹_여성/위생용품_상품상세&t_number=30
여성/위생용품,31,동아제약,[의료기기] 동아제약 굿뉴스 얼리체크 임신테스트기 1KIT,https://www.oliveyoung.co.kr/store/goods/getGoodsDetail.do?goodsNo=A000000137788&dispCatNo=90000010009&trackingCd=Best_Sellingbest&t_page=랭킹&t_click=판매랭킹_여성/위생용품_상품상세&t_number=31
여성/위생용품,32,아로마티카,[뿌리는청결미스트] 아로마티카 퓨어 앤 소프트 여성청결미스트 클라리세이지&티트리 50ml 2종 중 택1,https://www.oliveyoung.co.kr/store/goods/getGoodsDetail.do?goodsNo=A000000192160&dispCatNo=90000010009&trackingCd=Best_Sellingbest&t_page=랭킹&t_click=판매랭킹_여성/위생용품_상품상세&t_number=32
여성/위생용품,33,해피바스,[대용량/버블/젤] 해피바스 pH4.5 약산성 저자극 여성청결제 250g (로즈/쑥) 6종 택1,https://www.oliveyoung.co.kr/store/goods/getGoodsDetail.do?goodsNo=A000000154324&dispCatNo=90000010009&trackingCd=Best_Sellingbest&t_page=랭킹&t_click=판매랭킹_여성/위생용품_상품상세&t_number=33
여성/위생용품,34,더마토리,더마토리 하이포알러제닉 모이스처라이징 마일드 페미닌 워시 200ml+100ml 증정 기획,https://www.oliveyoung.co.kr/store/goods/getGoodsDetail.do?goodsNo=A000000175187&dispCatNo=90000010009&trackingCd=Best_Sellingbest&t_page=랭킹&t_click=판매랭킹_여성/위생용품_상품상세&t_number=34
여성/위생용품,35,쎄페,[의료기기] 쎄페 여성세정제 2종 택 1 (1P/3P),https://www.oliveyoung.co.kr/store/goods/getGoodsDetail.do?goodsNo=A000000164322&dispCatNo=90000010009&trackingCd=Best_Sellingbest&t_page=랭킹&t_click=판매랭킹_여성/위생용품_상품상세&t_number=35
여성/위생용품,36,라라로즈데이,라라로즈데이 이너퍼퓸 3종 중 택 1,https://www.oliveyoung.co.kr/store/goods/getGoodsDetail.do?goodsNo=A000000182175&dispCatNo=90000010009&trackingCd=Best_Sellingbest&t_page=랭킹&t_click=판매랭킹_여성/위생용품_상품상세&t_number=36
여성/위생용품,37,해피문데이,해피문데이 유기농 생리대 4종 택 1 (팬티라이너20P / 중형4P / 대형4P / 오버나이트2P),https://www.oliveyoung.co.kr/store/goods/getGoodsDetail.do?goodsNo=A000000160011&dispCatNo=90000010009&trackingCd=Best_Sellingbest&t_page=랭킹&t_click=판매랭킹_여성/위생용품_상품상세&t_number=37
여성/위생용품,38,화이트,[대용량] 화이트 순한순면 생리대 4팩 3종 택 1 (라이너 롱 40개입 / 일반 48개입 / 슬림중형 16개입),https://www.oliveyoung.co.kr/store/goods/getGoodsDetail.do?goodsNo=A000000159710&dispCatNo=90000010009&trackingCd=Best_Sellingbest&t_page=랭킹&t_click=판매랭킹_여성/위생용품_상품상세&t_number=38
여성/위생용품,39,시크릿데이,시크릿데이 블랙 생리대 6팩 번들 세트 (라이너 4팩+생리대 2팩) 6종 택1,https://www.oliveyoung.co.kr/store/goods/getGoodsDetail.do?goodsNo=A000000200759&dispCatNo=90000010009&trackingCd=Best_Sellingbest&t_page=랭킹&t_click=판매랭킹_여성/위생용품_상품상세&t_number=39
여성/위생용품,40,이브,이브 핑거돔 18P (공산품),https://www.oliveyoung.co.kr/store/goods/getGoodsDetail.do?goodsNo=A000000166615&dispCatNo=90000010009&trackingCd=Best_Sellingbest&t_page=랭킹&t_click=판매랭킹_여성/위생용품_상품상세&t_number=40
여성/위생용품,41,라네이처,좋은느낌 라네이처 생리대 8종 택 1 (중형 / 대형 / 수퍼롱 / 라이너),https://www.oliveyoung.co.kr/store/goods/getGoodsDetail.do?goodsNo=A000000189827&dispCatNo=90000010009&trackingCd=Best_Sellingbest&t_page=랭킹&t_click=판매랭킹_여성/위생용품_상품상세&t_number=41
여성/위생용품,42,SKYN,라이프스타일 제로 리얼씬 10P (의료기기),https://www.oliveyoung.co.kr/store/goods/getGoodsDetail.do?goodsNo=A000000144875&dispCatNo=90000010009&trackingCd=Best_Sellingbest&t_page=랭킹&t_click=판매랭킹_여성/위생용품_상품상세&t_number=42
여성/위생용품,43,바솔,바솔 이너밸런싱 페미닌 티슈 15개입,https://www.oliveyoung.co.kr/store/goods/getGoodsDetail.do?goodsNo=A000000154550&dispCatNo=90000010009&trackingCd=Best_Sellingbest&t_page=랭킹&t_click=판매랭킹_여성/위생용품_상품상세&t_number=43
여성/위생용품,44,라엘,라엘 유기농 순면커버 입는오버나이트 6종 택1,https://www.oliveyoung.co.kr/store/goods/getGoodsDetail.do?goodsNo=A000000157030&dispCatNo=90000010009&trackingCd=Best_Sellingbest&t_page=랭킹&t_click=판매랭킹_여성/위생용품_상품상세&t_number=44
여성/위생용품,45,해피문데이,"해피문데이 입는 오버나이트 4P 2종 택1 (중형, 대형)",https://www.oliveyoung.co.kr/store/goods/getGoodsDetail.do?goodsNo=A000000169057&dispCatNo=90000010009&trackingCd=Best_Sellingbest&t_page=랭킹&t_click=판매랭킹_여성/위생용품_상품상세&t_number=45
여성/위생용품,46,템포,템포 레귤러/슈퍼 10P 2종 택 1,https://www.oliveyoung.co.kr/store/goods/getGoodsDetail.do?goodsNo=A000000164617&dispCatNo=90000010009&trackingCd=Best_Sellingbest&t_page=랭킹&t_click=판매랭킹_여성/위생용품_상품상세&t_number=46
여성/위생용품,47,에어퀸,[특허 받은 소재] 에어퀸 브레스 유기농 생리대 4종,https://www.oliveyoung.co.kr/store/goods/getGoodsDetail.do?goodsNo=A000000185387&dispCatNo=90000010009&trackingCd=Best_Sellingbest&t_page=랭킹&t_click=판매랭킹_여성/위생용품_상품상세&t_number=47
여성/위생용품,48,케어플러스,케어플러스 아랫배 찜질 패드 5매입,https://www.oliveyoung.co.kr/store/goods/getGoodsDetail.do?goodsNo=A000000188262&dispCatNo=90000010009&trackingCd=Best_Sellingbest&t_page=랭킹&t_click=판매랭킹_여성/위생용품_상품상세&t_number=48
여성/위생용품,49,에어퀸,에어퀸 아르보 유기농 비건 생리대 3종 택 1 (롱라이너 20P / 중형 14P / 대형 12P),https://www.oliveyoung.co.kr/store/goods/getGoodsDetail.do?goodsNo=A000000185392&dispCatNo=90000010009&trackingCd=Best_Sellingbest&t_page=랭킹&t_click=판매랭킹_여성/위생용품_상품상세&t_number=49
여성/위생용품,50,쏘피,쏘피 바디피트 천연 코튼라이너 일반무향 40개입,https://www.oliveyoung.co.kr/store/goods/getGoodsDetail.do?goodsNo=A000000003905&dispCatNo=90000010009&trackingCd=Best_Sellingbest&t_page=랭킹&t_click=판매랭킹_여성/위생용품_상품상세&t_number=50
여성/위생용품,51,예지미인,[단독기획] 예지미인 오가닛데일리 몰랑이 랜덤 키링 증정 2종 택 1 (중형12P/대형10P),https://www.oliveyoung.co.kr/store/goods/getGoodsDetail.do?goodsNo=A000000189327&dispCatNo=90000010009&trackingCd=Best_Sellingbest&t_page=랭킹&t_click=판매랭킹_여성/위생용품_상품상세&t_number=51
여성/위생용품,52,후르디아,[첫구매전용] 후르디아 아보카도 릴리프 시크릿워시 260ml,https://www.oliveyoung.co.kr/store/goods/getGoodsDetail.do?goodsNo=A000000201651&dispCatNo=90000010009&trackingCd=Best_Sellingbest&t_page=랭킹&t_click=판매랭킹_여성/위생용품_상품상세&t_number=52
여성/위생용품,53,템포,템포 레귤러/슈퍼 4종 중 택 1,https://www.oliveyoung.co.kr/store/goods/getGoodsDetail.do?goodsNo=A000000204055&dispCatNo=90000010009&trackingCd=Best_Sellingbest&t_page=랭킹&t_click=판매랭킹_여성/위생용품_상품상세&t_number=53
여성/위생용품,54,템포,템포 내추럴 순면 라이너 롱 40P,https://www.oliveyoung.co.kr/store/goods/getGoodsDetail.do?goodsNo=A000000203540&dispCatNo=90000010009&trackingCd=Best_Sellingbest&t_page=랭킹&t_click=판매랭킹_여성/위생용품_상품상세&t_number=54
여성/위생용품,55,슈얼리,[의료기기]슈얼리 디지털 배란테스트 2종 택 1 (7개입 / 20개입),https://www.oliveyoung.co.kr/store/goods/getGoodsDetail.do?goodsNo=A000000203155&dispCatNo=90000010009&trackingCd=Best_Sellingbest&t_page=랭킹&t_click=판매랭킹_여성/위생용품_상품상세&t_number=55
여성/위생용품,56,슈얼리,[의료기기]슈얼리 디지털 임신테스트 M 7개입,https://www.oliveyoung.co.kr/store/goods/getGoodsDetail.do?goodsNo=A000000203107&dispCatNo=90000010009&trackingCd=Best_Sellingbest&t_page=랭킹&t_click=판매랭킹_여성/위생용품_상품상세&t_number=56
여성/위생용품,57,슈얼리,[의료기기]슈얼리 임신테스트 스트립 3개입,https://www.oliveyoung.co.kr/store/goods/getGoodsDetail.do?goodsNo=A000000203095&dispCatNo=90000010009&trackingCd=Best_Sellingbest&t_page=랭킹&t_click=판매랭킹_여성/위생용품_상품상세&t_number=57
여성/위생용품,58,에어퀸,[OY 단독]에어퀸 뉴브레스 유기농 생리대 4종 택 1(팬티라이너 20P/중형 10P/대형 10P/오버나이트 8P),https://www.oliveyoung.co.kr/store/goods/getGoodsDetail.do?goodsNo=A000000203059&dispCatNo=90000010009&trackingCd=Best_Sellingbest&t_page=랭킹&t_click=판매랭킹_여성/위생용품_상품상세&t_number=58
여성/위생용품,59,라네이처,[대용량] 좋은느낌 라네이처 네이처백 2팩 2종 택 1,https://www.oliveyoung.co.kr/store/goods/getGoodsDetail.do?goodsNo=A000000202695&dispCatNo=90000010009&trackingCd=Best_Sellingbest&t_page=랭킹&t_click=판매랭킹_여성/위생용품_상품상세&t_number=59
여성/위생용품,60,화이트,"화이트 수퍼흡수 오롤리데이 수면안대 기획 (드림가드 8P, 드림핏 8P, 수면 안대 랜덤 증정)",https://www.oliveyoung.co.kr/store/goods/getGoodsDetail.do?goodsNo=A000000202515&dispCatNo=90000010009&trackingCd=Best_Sellingbest&t_page=랭킹&t_click=판매랭킹_여성/위생용품_상품상세&t_number=60
여성/위생용품,61,이너시아,[의료기기]이너시아 더퓨어 3X 마이크로바이옴 이너케어 젤 2.3g * 10개입,https://www.oliveyoung.co.kr/store/goods/getGoodsDetail.do?goodsNo=A000000202482&dispCatNo=90000010009&trackingCd=Best_Sellingbest&t_page=랭킹&t_click=판매랭킹_여성/위생용품_상품상세&t_number=61
여성/위생용품,62,예지미인,[런칭특가/리뷰이벤트] 예지미인 입는오버나이트 4P 2종 택1(중형/대형),https://www.oliveyoung.co.kr/store/goods/getGoodsDetail.do?goodsNo=A000000202481&dispCatNo=90000010009&trackingCd=Best_Sellingbest&t_page=랭킹&t_click=판매랭킹_여성/위생용품_상품상세&t_number=62
여성/위생용품,63,카엘라,카엘라 락토 다마스크로즈 브라이트닝 페미닌 크림 100ml,https://www.oliveyoung.co.kr/store/goods/getGoodsDetail.do?goodsNo=A000000202444&dispCatNo=90000010009&trackingCd=Best_Sellingbest&t_page=랭킹&t_click=판매랭킹_여성/위생용품_상품상세&t_number=63
여성/위생용품,64,메디온,메디온 락토리메디 뿌리는 여성 생유산균 3g,https://www.oliveyoung.co.kr/store/goods/getGoodsDetail.do?goodsNo=A000000202374&dispCatNo=90000010009&trackingCd=Best_Sellingbest&t_page=랭킹&t_click=판매랭킹_여성/위생용품_상품상세&t_number=64
여성/위생용품,65,메디온,메디온 락토리메디 레이디스 카밍크림 15ml,https://www.oliveyoung.co.kr/store/goods/getGoodsDetail.do?goodsNo=A000000202342&dispCatNo=90000010009&trackingCd=Best_Sellingbest&t_page=랭킹&t_click=판매랭킹_여성/위생용품_상품상세&t_number=65
여성/위생용품,66,프리너,[첫구매전용] 프리너 슈퍼 슬림 중형 10P,https://www.oliveyoung.co.kr/store/goods/getGoodsDetail.do?goodsNo=A000000201971&dispCatNo=90000010009&trackingCd=Best_Sellingbest&t_page=랭킹&t_click=판매랭킹_여성/위생용품_상품상세&t_number=66
여성/위생용품,67,동아제약,[의료기기] 동아제약 이체크 갱년기테스트기 2개입,https://www.oliveyoung.co.kr/store/goods/getGoodsDetail.do?goodsNo=A000000201732&dispCatNo=90000010009&trackingCd=Best_Sellingbest&t_page=랭킹&t_click=판매랭킹_여성/위생용품_상품상세&t_number=67
여성/위생용품,68,카엘라,카엘라 락토 다마스크로즈 페미닌 스크럽/브라이트닝 크림100ml 2종 택1,https://www.oliveyoung.co.kr/store/goods/getGoodsDetail.do?goodsNo=A000000201398&dispCatNo=90000010009&trackingCd=Best_Sellingbest&t_page=랭킹&t_click=판매랭킹_여성/위생용품_상품상세&t_number=68
여성/위생용품,69,혜,혜(Hyye) 유기농 순면커버 생리대 3종 택 1 (중형 14P /대형 12P /오버나이트 10P),https://www.oliveyoung.co.kr/store/goods/getGoodsDetail.do?goodsNo=A000000201265&dispCatNo=90000010009&trackingCd=Best_Sellingbest&t_page=랭킹&t_click=판매랭킹_여성/위생용품_상품상세&t_number=69
여성/위생용품,70,이브네,[첫구매전용] 이브네 밸런싱 여성청결제 포밍 워시 150ml,https://www.oliveyoung.co.kr/store/goods/getGoodsDetail.do?goodsNo=A000000201025&dispCatNo=90000010009&trackingCd=Best_Sellingbest&t_page=랭킹&t_click=판매랭킹_여성/위생용품_상품상세&t_number=70
여성/위생용품,71,포엘리에,[첫구매전용] 포엘리에 캡슐 와이클렌저 200ml,https://www.oliveyoung.co.kr/store/goods/getGoodsDetail.do?goodsNo=A000000200932&dispCatNo=90000010009&trackingCd=Best_Sellingbest&t_page=랭킹&t_click=판매랭킹_여성/위생용품_상품상세&t_number=71
여성/위생용품,72,잇츠미,[첫구매전용] 잇츠미 프리미엄 롱라이너 20P,https://www.oliveyoung.co.kr/store/goods/getGoodsDetail.do?goodsNo=A000000200944&dispCatNo=90000010009&trackingCd=Best_Sellingbest&t_page=랭킹&t_click=판매랭킹_여성/위생용품_상품상세&t_number=72
여성/위생용품,73,템포,[OY 단독] 템포 입는 오버나이트 5P * 4팩 기획 (+플리츠 파우치 증정),https://www.oliveyoung.co.kr/store/goods/getGoodsDetail.do?goodsNo=A000000200939&dispCatNo=90000010009&trackingCd=Best_Sellingbest&t_page=랭킹&t_click=판매랭킹_여성/위생용품_상품상세&t_number=73
여성/위생용품,74,케어플러스,케어플러스 아랫배 찜질 패드 1매입/5매입,https://www.oliveyoung.co.kr/store/goods/getGoodsDetail.do?goodsNo=A000000200846&dispCatNo=90000010009&trackingCd=Best_Sellingbest&t_page=랭킹&t_click=판매랭킹_여성/위생용품_상품상세&t_number=74
여성/위생용품,75,시크릿데이,시크릿데이 미피 유기농 팬티 라이너 40P,https://www.oliveyoung.co.kr/store/goods/getGoodsDetail.do?goodsNo=A000000200814&dispCatNo=90000010009&trackingCd=Best_Sellingbest&t_page=랭킹&t_click=판매랭킹_여성/위생용품_상품상세&t_number=75
여성/위생용품,76,시크릿데이,시크릿데이 프레쉬 유기농 비건 생리대 5종 택 1 (소형/중형/대형/슈퍼롱 오버나이트/롱 팬티라이너),https://www.oliveyoung.co.kr/store/goods/getGoodsDetail.do?goodsNo=A000000200819&dispCatNo=90000010009&trackingCd=Best_Sellingbest&t_page=랭킹&t_click=판매랭킹_여성/위생용품_상품상세&t_number=76
여성/위생용품,77,쏘피,[NEW] 쏘피 유기농 3종 택1 (중형/슈퍼롱/대형),https://www.oliveyoung.co.kr/store/goods/getGoodsDetail.do?goodsNo=A000000200787&dispCatNo=90000010009&trackingCd=Best_Sellingbest&t_page=랭킹&t_click=판매랭킹_여성/위생용품_상품상세&t_number=77
여성/위생용품,78,화이트,화이트 수퍼흡수 수퍼롱 3종 택 1 (드림가드 8P/드림핏8P/오롤리데이 기획),https://www.oliveyoung.co.kr/store/goods/getGoodsDetail.do?goodsNo=A000000200750&dispCatNo=90000010009&trackingCd=Best_Sellingbest&t_page=랭킹&t_click=판매랭킹_여성/위생용품_상품상세&t_number=78
여성/위생용품,79,디펜드,"디펜드 애니데이 라이너/패드 4종 택1 (롱/수퍼롱, 중용량/대용량)",https://www.oliveyoung.co.kr/store/goods/getGoodsDetail.do?goodsNo=A000000200773&dispCatNo=90000010009&trackingCd=Best_Sellingbest&t_page=랭킹&t_click=판매랭킹_여성/위생용품_상품상세&t_number=79
여성/위생용품,80,좋은느낌,[대용량] 좋은느낌 좋은순면 무표백 3종 택1 (중형/대형/수퍼롱),https://www.oliveyoung.co.kr/store/goods/getGoodsDetail.do?goodsNo=A000000200772&dispCatNo=90000010009&trackingCd=Best_Sellingbest&t_page=랭킹&t_click=판매랭킹_여성/위생용품_상품상세&t_number=80
여성/위생용품,81,좋은느낌,좋은느낌 좋은순면 무표백 3종 택1 (중형/대형/수퍼롱),https://www.oliveyoung.co.kr/store/goods/getGoodsDetail.do?goodsNo=A000000200748&dispCatNo=90000010009&trackingCd=Best_Sellingbest&t_page=랭킹&t_click=판매랭킹_여성/위생용품_상품상세&t_number=81
여성/위생용품,82,이브네,[OY 단독] 이브네 X 드롭드롭드롭 입는 오버나이트 6P 1+1 한정 기획 (중형 대형),https://www.oliveyoung.co.kr/store/goods/getGoodsDetail.do?goodsNo=A000000200761&dispCatNo=90000010009&trackingCd=Best_Sellingbest&t_page=랭킹&t_click=판매랭킹_여성/위생용품_상품상세&t_number=82
여성/위생용품,83,좋은느낌,좋은느낌 유기농 입는오버나이트 중형/대형 4종 택 1 (4P/8P),https://www.oliveyoung.co.kr/store/goods/getGoodsDetail.do?goodsNo=A000000200760&dispCatNo=90000010009&trackingCd=Best_Sellingbest&t_page=랭킹&t_click=판매랭킹_여성/위생용품_상품상세&t_number=83
여성/위생용품,84,케어허,[의료기기] 케어허 알로에 10개입,https://www.oliveyoung.co.kr/store/goods/getGoodsDetail.do?goodsNo=A000000200714&dispCatNo=90000010009&trackingCd=Best_Sellingbest&t_page=랭킹&t_click=판매랭킹_여성/위생용품_상품상세&t_number=84
여성/위생용품,85,시크릿데이,시크릿데이 블랙 생리대 6팩 번들 세트 (생리대 4팩+입는 오버나이트 2팩) 6종 택1,https://www.oliveyoung.co.kr/store/goods/getGoodsDetail.do?goodsNo=A000000200447&dispCatNo=90000010009&trackingCd=Best_Sellingbest&t_page=랭킹&t_click=판매랭킹_여성/위생용품_상품상세&t_number=85
여성/위생용품,86,바솔,바솔 이너밸런싱 포밍워시 150ml 기획 2종 중 택1,https://www.oliveyoung.co.kr/store/goods/getGoodsDetail.do?goodsNo=A000000200231&dispCatNo=90000010009&trackingCd=Best_Sellingbest&t_page=랭킹&t_click=판매랭킹_여성/위생용품_상품상세&t_number=86
여성/위생용품,87,체레미마카,체레미마카 인티밋 젤 120ml 2종 택1 (베이직/딥워터),https://www.oliveyoung.co.kr/store/goods/getGoodsDetail.do?goodsNo=A000000199955&dispCatNo=90000010009&trackingCd=Best_Sellingbest&t_page=랭킹&t_click=판매랭킹_여성/위생용품_상품상세&t_number=87
여성/위생용품,88,인클리어,인클리어 강화약쑥 프로바이오틱스 여성청결제 150ml 기획 (+여성청결티슈 3매 증정),https://www.oliveyoung.co.kr/store/goods/getGoodsDetail.do?goodsNo=A000000199897&dispCatNo=90000010009&trackingCd=Best_Sellingbest&t_page=랭킹&t_click=판매랭킹_여성/위생용품_상품상세&t_number=88
여성/위생용품,89,단색,"단색 컴포트에어 라이트 4종 택 1 (블랙 L,베이지/S,M,L)",https://www.oliveyoung.co.kr/store/goods/getGoodsDetail.do?goodsNo=A000000199604&dispCatNo=90000010009&trackingCd=Best_Sellingbest&t_page=랭킹&t_click=판매랭킹_여성/위생용품_상품상세&t_number=89
여성/위생용품,90,단색,"단색 컴포트에어 라이너 6종 택 1 (블랙,베이지/S,M,L)",https://www.oliveyoung.co.kr/store/goods/getGoodsDetail.do?goodsNo=A000000199602&dispCatNo=90000010009&trackingCd=Best_Sellingbest&t_page=랭킹&t_click=판매랭킹_여성/위생용품_상품상세&t_number=90
여성/위생용품,91,단색,"단색 컴포트에어 하이웨스트 6종 택 1 (블랙,베이지/S,M,L)",https://www.oliveyoung.co.kr/store/goods/getGoodsDetail.do?goodsNo=A000000199585&dispCatNo=90000010009&trackingCd=Best_Sellingbest&t_page=랭킹&t_click=판매랭킹_여성/위생용품_상품상세&t_number=91
여성/위생용품,92,단색,단색 컴포트에어 드로즈 블랙 3종 택1 (S/M/L),https://www.oliveyoung.co.kr/store/goods/getGoodsDetail.do?goodsNo=A000000199558&dispCatNo=90000010009&trackingCd=Best_Sellingbest&t_page=랭킹&t_click=판매랭킹_여성/위생용품_상품상세&t_number=92
여성/위생용품,93,라엘,라엘 에센셜 드롭스 10ml,https://www.oliveyoung.co.kr/store/goods/getGoodsDetail.do?goodsNo=A000000199490&dispCatNo=90000010009&trackingCd=Best_Sellingbest&t_page=랭킹&t_click=판매랭킹_여성/위생용품_상품상세&t_number=93
여성/위생용품,94,일리윤,일리윤 프로바이오틱스 젠틀클렌저 300ml + 250ml 리필 기획,https://www.oliveyoung.co.kr/store/goods/getGoodsDetail.do?goodsNo=A000000198950&dispCatNo=90000010009&trackingCd=Best_Sellingbest&t_page=랭킹&t_click=판매랭킹_여성/위생용품_상품상세&t_number=94
여성/위생용품,95,바른생각,[NEW] 바른생각 배쓰젤리 270g 2종 택1 (로맨틱멜로/스윗판타지),https://www.oliveyoung.co.kr/store/goods/getGoodsDetail.do?goodsNo=A000000198344&dispCatNo=90000010009&trackingCd=Best_Sellingbest&t_page=랭킹&t_click=판매랭킹_여성/위생용품_상품상세&t_number=95
여성/위생용품,96,세이브,세이브(SAIB) 인티메이트 네츄럴 수딩 젤 CranProB 50ml,https://www.oliveyoung.co.kr/store/goods/getGoodsDetail.do?goodsNo=A000000197516&dispCatNo=90000010009&trackingCd=Best_Sellingbest&t_page=랭킹&t_click=판매랭킹_여성/위생용품_상품상세&t_number=96
여성/위생용품,97,마리솜,마리솜 산리오캐릭터즈 리얼소프트 입는 오버나이트 중/대형 8P,https://www.oliveyoung.co.kr/store/goods/getGoodsDetail.do?goodsNo=A000000197321&dispCatNo=90000010009&trackingCd=Best_Sellingbest&t_page=랭킹&t_click=판매랭킹_여성/위생용품_상품상세&t_number=97
여성/위생용품,98,지노렉스,[의료기기] 지노렉스 페미닌 이너밸런스 질세정기 2종 중 택1(3개입/10개입),https://www.oliveyoung.co.kr/store/goods/getGoodsDetail.do?goodsNo=A000000197227&dispCatNo=90000010009&trackingCd=Best_Sellingbest&t_page=랭킹&t_click=판매랭킹_여성/위생용품_상품상세&t_number=98
여성/위생용품,99,마리솜,마리솜 산리오캐릭터즈 퍼스트박스 기획 (+안대&달력 증정),https://www.oliveyoung.co.kr/store/goods/getGoodsDetail.do?goodsNo=A000000197106&dispCatNo=90000010009&trackingCd=Best_Sellingbest&t_page=랭킹&t_click=판매랭킹_여성/위생용품_상품상세&t_number=99
여성/위생용품,100,예지미인,예지미인 날개형 롱 팬티라이너 40P,https://www.oliveyoung.co.kr/store/goods/getGoodsDetail.do?goodsNo=A000000195762&dispCatNo=90000010009&trackingCd=Best_Sellingbest&t_page=랭킹&t_click=판매랭킹_여성/위생용품_상품상세&t_number=100
컴포트웨어,1,리무브,리무브 스킨브라 더블기획 (브라이트/뉴트럴),https://www.oliveyoung.co.kr/store/goods/getGoodsDetail.do?goodsNo=A000000143314&dispCatNo=90000010009&trackingCd=Best_Sellingbest&t_page=랭킹&t_click=판매랭킹_컴포트웨어_상품상세&t_number=1
컴포트웨어,2,마른파이브,"마른파이브 데일리 초밀착 넉넉스타킹 50D ML~XXL 24종 택1 (유발/무발, 5매/10매)",https://www.oliveyoung.co.kr/store/goods/getGoodsDetail.do?goodsNo=B000000192618&dispCatNo=90000010009&trackingCd=Best_Sellingbest&t_page=랭킹&t_click=판매랭킹_컴포트웨어_상품상세&t_number=2
컴포트웨어,3,리무브,리무브 스킨브라 10종 택1,https://www.oliveyoung.co.kr/store/goods/getGoodsDetail.do?goodsNo=A000000144547&dispCatNo=90000010009&trackingCd=Best_Sellingbest&t_page=랭킹&t_click=판매랭킹_컴포트웨어_상품상세&t_number=3
컴포트웨어,4,비너스,비너스 압박 레그컨트롤 팬티스타킹 3족,https://www.oliveyoung.co.kr/store/goods/getGoodsDetail.do?goodsNo=A000000011390&dispCatNo=90000010009&trackingCd=Best_Sellingbest&t_page=랭킹&t_click=판매랭킹_컴포트웨어_상품상세&t_number=4
컴포트웨어,5,다슈,다슈 맨즈 매직커버 니플밴드 (52매),https://www.oliveyoung.co.kr/store/goods/getGoodsDetail.do?goodsNo=A000000143127&dispCatNo=90000010009&trackingCd=Best_Sellingbest&t_page=랭킹&t_click=판매랭킹_컴포트웨어_상품상세&t_number=5
컴포트웨어,6,폴프랜즈,[폴프랜즈] 원사이즈 양말 잭슨 세트 (JKN),https://www.oliveyoung.co.kr/store/goods/getGoodsDetail.do?goodsNo=A000000190833&dispCatNo=90000010009&trackingCd=Best_Sellingbest&t_page=랭킹&t_click=판매랭킹_컴포트웨어_상품상세&t_number=6
컴포트웨어,7,숨바꼭지,라이프티 숨바꼭지 베이직 (104매입),https://www.oliveyoung.co.kr/store/goods/getGoodsDetail.do?goodsNo=A000000187346&dispCatNo=90000010009&trackingCd=Best_Sellingbest&t_page=랭킹&t_click=판매랭킹_컴포트웨어_상품상세&t_number=7
컴포트웨어,8,마른파이브,마른파이브 UV차단 넉넉스타킹 50D (유발/무발),https://www.oliveyoung.co.kr/store/goods/getGoodsDetail.do?goodsNo=A000000173677&dispCatNo=90000010009&trackingCd=Best_Sellingbest&t_page=랭킹&t_click=판매랭킹_컴포트웨어_상품상세&t_number=8
컴포트웨어,9,숨바꼭지,숨바꼭지 투명,https://www.oliveyoung.co.kr/store/goods/getGoodsDetail.do?goodsNo=A000000167343&dispCatNo=90000010009&trackingCd=Best_Sellingbest&t_page=랭킹&t_click=판매랭킹_컴포트웨어_상품상세&t_number=9
컴포트웨어,10,감탄브라,[일체형] 자세브라 런닝형 - 브라 단품,https://www.oliveyoung.co.kr/store/goods/getGoodsDetail.do?goodsNo=B000000203848&dispCatNo=90000010009&trackingCd=Best_Sellingbest&t_page=랭킹&t_click=판매랭킹_컴포트웨어_상품상세&t_number=10
컴포트웨어,11,감탄브라,[일체형] 자세브라 런닝형 - 브라 3set,https://www.oliveyoung.co.kr/store/goods/getGoodsDetail.do?goodsNo=B000000203847&dispCatNo=90000010009&trackingCd=Best_Sellingbest&t_page=랭킹&t_click=판매랭킹_컴포트웨어_상품상세&t_number=11
컴포트웨어,12,감탄브라,[일체형] 자세브라 런닝형 - 브라팬티 1set,https://www.oliveyoung.co.kr/store/goods/getGoodsDetail.do?goodsNo=B000000203846&dispCatNo=90000010009&trackingCd=Best_Sellingbest&t_page=랭킹&t_click=판매랭킹_컴포트웨어_상품상세&t_number=12
컴포트웨어,13,감탄브라,[일체형] 자세브라 런닝형 - 브라팬티 3set,https://www.oliveyoung.co.kr/store/goods/getGoodsDetail.do?goodsNo=B000000203845&dispCatNo=90000010009&trackingCd=Best_Sellingbest&t_page=랭킹&t_click=판매랭킹_컴포트웨어_상품상세&t_number=13
컴포트웨어,14,감탄브라,[일체형] 자세브라 스트랩 - 브라 1&1,https://www.oliveyoung.co.kr/store/goods/getGoodsDetail.do?goodsNo=B000000203843&dispCatNo=90000010009&trackingCd=Best_Sellingbest&t_page=랭킹&t_click=판매랭킹_컴포트웨어_상품상세&t_number=14
컴포트웨어,15,감탄브라,[일체형] 자세브라 스트랩 - 브라 단품,https://www.oliveyoung.co.kr/store/goods/getGoodsDetail.do?goodsNo=B000000203844&dispCatNo=90000010009&trackingCd=Best_Sellingbest&t_page=랭킹&t_click=판매랭킹_컴포트웨어_상품상세&t_number=15
컴포트웨어,16,감탄브라,[일체형] 자세브라 스트랩 - 브라 3set,https://www.oliveyoung.co.kr/store/goods/getGoodsDetail.do?goodsNo=B000000203842&dispCatNo=90000010009&trackingCd=Best_Sellingbest&t_page=랭킹&t_click=판매랭킹_컴포트웨어_상품상세&t_number=16
컴포트웨어,17,감탄브라,[일체형] 자세브라 스트랩 - 브라팬티 1set,https://www.oliveyoung.co.kr/store/goods/getGoodsDetail.do?goodsNo=B000000203841&dispCatNo=90000010009&trackingCd=Best_Sellingbest&t_page=랭킹&t_click=판매랭킹_컴포트웨어_상품상세&t_number=17
컴포트웨어,18,감탄브라,[일체형] 자세브라 스트랩 - 브라팬티 3set,https://www.oliveyoung.co.kr/store/goods/getGoodsDetail.do?goodsNo=B000000203840&dispCatNo=90000010009&trackingCd=Best_Sellingbest&t_page=랭킹&t_click=판매랭킹_컴포트웨어_상품상세&t_number=18
컴포트웨어,19,감탄브라,자세브라 - 팬티 단품,https://www.oliveyoung.co.kr/store/goods/getGoodsDetail.do?goodsNo=B000000203839&dispCatNo=90000010009&trackingCd=Best_Sellingbest&t_page=랭킹&t_click=판매랭킹_컴포트웨어_상품상세&t_number=19
컴포트웨어,20,캘빈클라인 언더웨어,캘빈클라인 언더웨어 여성 모던코튼 트라이앵글 브라 블랙 (QF5650_001),https://www.oliveyoung.co.kr/store/goods/getGoodsDetail.do?goodsNo=B000000203801&dispCatNo=90000010009&trackingCd=Best_Sellingbest&t_page=랭킹&t_click=판매랭킹_컴포트웨어_상품상세&t_number=20
컴포트웨어,21,캘빈클라인 언더웨어,캘빈클라인 언더웨어 여성 모던코튼 트라이앵글 브라 화이트_QF5650100,https://www.oliveyoung.co.kr/store/goods/getGoodsDetail.do?goodsNo=B000000203800&dispCatNo=90000010009&trackingCd=Best_Sellingbest&t_page=랭킹&t_click=판매랭킹_컴포트웨어_상품상세&t_number=21
컴포트웨어,22,리무브,리무브 그래니 웨어 토프베이지 (탑/하이웨스트/미디웨스트 택1),https://www.oliveyoung.co.kr/store/goods/getGoodsDetail.do?goodsNo=B000000203643&dispCatNo=90000010009&trackingCd=Best_Sellingbest&t_page=랭킹&t_click=판매랭킹_컴포트웨어_상품상세&t_number=22
컴포트웨어,23,리무브,리무브 그래니 웨어 페일그린 (탑/하이웨스트/미디웨스트 택1),https://www.oliveyoung.co.kr/store/goods/getGoodsDetail.do?goodsNo=B000000203640&dispCatNo=90000010009&trackingCd=Best_Sellingbest&t_page=랭킹&t_click=판매랭킹_컴포트웨어_상품상세&t_number=23
컴포트웨어,24,리무브,리무브 그래니 웨어 브릭 (탑/하이웨스트/미디웨스트 택1),https://www.oliveyoung.co.kr/store/goods/getGoodsDetail.do?goodsNo=B000000203636&dispCatNo=90000010009&trackingCd=Best_Sellingbest&t_page=랭킹&t_click=판매랭킹_컴포트웨어_상품상세&t_number=24
컴포트웨어,25,리무브,리무브 그래니 하이웨스트 팬티 4color,https://www.oliveyoung.co.kr/store/goods/getGoodsDetail.do?goodsNo=B000000203634&dispCatNo=90000010009&trackingCd=Best_Sellingbest&t_page=랭킹&t_click=판매랭킹_컴포트웨어_상품상세&t_number=25
컴포트웨어,26,리무브,리무브 그래니 미디웨스트 팬티 4color,https://www.oliveyoung.co.kr/store/goods/getGoodsDetail.do?goodsNo=B000000203632&dispCatNo=90000010009&trackingCd=Best_Sellingbest&t_page=랭킹&t_click=판매랭킹_컴포트웨어_상품상세&t_number=26
컴포트웨어,27,리무브,리무브 그래니 탑 나시 4color,https://www.oliveyoung.co.kr/store/goods/getGoodsDetail.do?goodsNo=B000000203631&dispCatNo=90000010009&trackingCd=Best_Sellingbest&t_page=랭킹&t_click=판매랭킹_컴포트웨어_상품상세&t_number=27
컴포트웨어,28,리무브,리무브 그래니 웨어 내추럴 네이비 (탑/하이웨스트/미디웨스트 택1),https://www.oliveyoung.co.kr/store/goods/getGoodsDetail.do?goodsNo=B000000203599&dispCatNo=90000010009&trackingCd=Best_Sellingbest&t_page=랭킹&t_click=판매랭킹_컴포트웨어_상품상세&t_number=28
컴포트웨어,29,캘빈클라인 언더웨어,캘빈클라인 남성 코튼 스트레치 로우라이즈 트렁크 3PK_U2664NJS,https://www.oliveyoung.co.kr/store/goods/getGoodsDetail.do?goodsNo=B000000203524&dispCatNo=90000010009&trackingCd=Best_Sellingbest&t_page=랭킹&t_click=판매랭킹_컴포트웨어_상품상세&t_number=29
컴포트웨어,30,캘빈클라인 언더웨어,캘빈클라인 남성 코튼 스트레치 로우라이즈 트렁크 3PK_U2664MXB,https://www.oliveyoung.co.kr/store/goods/getGoodsDetail.do?goodsNo=B000000203513&dispCatNo=90000010009&trackingCd=Best_Sellingbest&t_page=랭킹&t_click=판매랭킹_컴포트웨어_상품상세&t_number=30
컴포트웨어,31,캘빈클라인 언더웨어,캘빈클라인 남성 인텐스 파워 마이크로 쿨링 로우라이즈 트렁크_NB3836UB1,https://www.oliveyoung.co.kr/store/goods/getGoodsDetail.do?goodsNo=B000000203512&dispCatNo=90000010009&trackingCd=Best_Sellingbest&t_page=랭킹&t_click=판매랭킹_컴포트웨어_상품상세&t_number=31
컴포트웨어,32,캘빈클라인 언더웨어,캘빈클라인 남성 코튼 스트레치 로우라이즈 트렁크 5PK_NB2734OJYO,https://www.oliveyoung.co.kr/store/goods/getGoodsDetail.do?goodsNo=B000000203500&dispCatNo=90000010009&trackingCd=Best_Sellingbest&t_page=랭킹&t_click=판매랭킹_컴포트웨어_상품상세&t_number=32
컴포트웨어,33,캘빈클라인 언더웨어,캘빈클라인 남성 코튼 스트레치 로우라이즈 트렁크 5PK_NB2734OJWE,https://www.oliveyoung.co.kr/store/goods/getGoodsDetail.do?goodsNo=B000000203499&dispCatNo=90000010009&trackingCd=Best_Sellingbest&t_page=랭킹&t_click=판매랭킹_컴포트웨어_상품상세&t_number=33
컴포트웨어,34,캘빈클라인 언더웨어,캘빈클라인 남성 리뉴 3PK 로우라이즈 트렁크_NP2648OUB1,https://www.oliveyoung.co.kr/store/goods/getGoodsDetail.do?goodsNo=B000000203497&dispCatNo=90000010009&trackingCd=Best_Sellingbest&t_page=랭킹&t_click=판매랭킹_컴포트웨어_상품상세&t_number=34
컴포트웨어,35,마른파이브,마른파이브 두프리 에어 심리스 누드브라 하프컵,https://www.oliveyoung.co.kr/store/goods/getGoodsDetail.do?goodsNo=A000000203369&dispCatNo=90000010009&trackingCd=Best_Sellingbest&t_page=랭킹&t_click=판매랭킹_컴포트웨어_상품상세&t_number=35
컴포트웨어,36,터치소울,터치소울 A to C 소울브라 & 소울햄팬티 (2 colors),https://www.oliveyoung.co.kr/store/goods/getGoodsDetail.do?goodsNo=B000000203274&dispCatNo=90000010009&trackingCd=Best_Sellingbest&t_page=랭킹&t_click=판매랭킹_컴포트웨어_상품상세&t_number=36
컴포트웨어,37,터치소울,터치소울 골지브라렛 SET (2 colors),https://www.oliveyoung.co.kr/store/goods/getGoodsDetail.do?goodsNo=B000000203270&dispCatNo=90000010009&trackingCd=Best_Sellingbest&t_page=랭킹&t_click=판매랭킹_컴포트웨어_상품상세&t_number=37
컴포트웨어,38,터치소울,터치소울 오프숄더 브라 2 colors (연장후크+투명끈 증정),https://www.oliveyoung.co.kr/store/goods/getGoodsDetail.do?goodsNo=B000000203269&dispCatNo=90000010009&trackingCd=Best_Sellingbest&t_page=랭킹&t_click=판매랭킹_컴포트웨어_상품상세&t_number=38
컴포트웨어,39,슬림9,[퍼스널컬러SET] 슬림9 에어컴팩트 셋업 (2 colors),https://www.oliveyoung.co.kr/store/goods/getGoodsDetail.do?goodsNo=B000000203268&dispCatNo=90000010009&trackingCd=Best_Sellingbest&t_page=랭킹&t_click=판매랭킹_컴포트웨어_상품상세&t_number=39
컴포트웨어,40,슬림9,[AIR/퍼스널컬러] 슬림나인 네모팬티 에어컴팩트 (3 colors),https://www.oliveyoung.co.kr/store/goods/getGoodsDetail.do?goodsNo=B000000203267&dispCatNo=90000010009&trackingCd=Best_Sellingbest&t_page=랭킹&t_click=판매랭킹_컴포트웨어_상품상세&t_number=40
컴포트웨어,41,슬림9,[AIR/퍼스널컬러] 슬림나인 편해브라 에어컴팩트 (3 colors),https://www.oliveyoung.co.kr/store/goods/getGoodsDetail.do?goodsNo=B000000203266&dispCatNo=90000010009&trackingCd=Best_Sellingbest&t_page=랭킹&t_click=판매랭킹_컴포트웨어_상품상세&t_number=41
컴포트웨어,42,슬림9,[AIR시리즈/퍼스널컬러] 슬림나인 편해브라 에어 (4 colors),https://www.oliveyoung.co.kr/store/goods/getGoodsDetail.do?goodsNo=B000000203265&dispCatNo=90000010009&trackingCd=Best_Sellingbest&t_page=랭킹&t_click=판매랭킹_컴포트웨어_상품상세&t_number=42
컴포트웨어,43,폴프랜즈,폴프랜즈 24SS 원사이즈 아동양말 B-SOCKS 100-190mm(1세-7세),https://www.oliveyoung.co.kr/store/goods/getGoodsDetail.do?goodsNo=B000000203015&dispCatNo=90000010009&trackingCd=Best_Sellingbest&t_page=랭킹&t_click=판매랭킹_컴포트웨어_상품상세&t_number=43
컴포트웨어,44,폴프랜즈,폴프랜즈 24SS 원사이즈 아동&성인 양말 K-SOCKS 190~250mm(7세-성인),https://www.oliveyoung.co.kr/store/goods/getGoodsDetail.do?goodsNo=B000000203011&dispCatNo=90000010009&trackingCd=Best_Sellingbest&t_page=랭킹&t_click=판매랭킹_컴포트웨어_상품상세&t_number=44
컴포트웨어,45,미언더,미언더 나무 삼각팬티 체커보드 3 colors,https://www.oliveyoung.co.kr/store/goods/getGoodsDetail.do?goodsNo=B000000202987&dispCatNo=90000010009&trackingCd=Best_Sellingbest&t_page=랭킹&t_click=판매랭킹_컴포트웨어_상품상세&t_number=45
컴포트웨어,46,원더브라,[Wonderbra] 스포츠 아웃밴드 노와이어 브라+하이웨스트팬티 8종 WBW4M29303132_T,https://www.oliveyoung.co.kr/store/goods/getGoodsDetail.do?goodsNo=B000000202962&dispCatNo=90000010009&trackingCd=Best_Sellingbest&t_page=랭킹&t_click=판매랭킹_컴포트웨어_상품상세&t_number=46
컴포트웨어,47,원더브라,[Wonderbra] 스포츠 아웃밴드 노와이어 브라팬티 2종(브라+하이웨스트팬티) 택 1,https://www.oliveyoung.co.kr/store/goods/getGoodsDetail.do?goodsNo=B000000202961&dispCatNo=90000010009&trackingCd=Best_Sellingbest&t_page=랭킹&t_click=판매랭킹_컴포트웨어_상품상세&t_number=47
컴포트웨어,48,원더브라,[Wonderbra] 스포츠 아웃밴드 노와이어 브라팬티 8종 WBW4M22232425_T,https://www.oliveyoung.co.kr/store/goods/getGoodsDetail.do?goodsNo=B000000202963&dispCatNo=90000010009&trackingCd=Best_Sellingbest&t_page=랭킹&t_click=판매랭킹_컴포트웨어_상품상세&t_number=48
컴포트웨어,49,원더브라,[Wonderbra] 스포츠 아웃밴드 노와이어 브라팬티 4종(브라2+하이웨스트팬티2) 택 1,https://www.oliveyoung.co.kr/store/goods/getGoodsDetail.do?goodsNo=B000000202960&dispCatNo=90000010009&trackingCd=Best_Sellingbest&t_page=랭킹&t_click=판매랭킹_컴포트웨어_상품상세&t_number=49
컴포트웨어,50,원더브라,[Wonderbra] 스포츠 아웃밴드 노와이어 브라팬티 6종(브라3+팬티3) 택 1,https://www.oliveyoung.co.kr/store/goods/getGoodsDetail.do?goodsNo=B000000202958&dispCatNo=90000010009&trackingCd=Best_Sellingbest&t_page=랭킹&t_click=판매랭킹_컴포트웨어_상품상세&t_number=50
컴포트웨어,51,원더브라,[Wonderbra] 스포츠 아웃밴드 노와이어 브라팬티 6종(브라3+하이웨스트팬티3) 택 1,https://www.oliveyoung.co.kr/store/goods/getGoodsDetail.do?goodsNo=B000000202959&dispCatNo=90000010009&trackingCd=Best_Sellingbest&t_page=랭킹&t_click=판매랭킹_컴포트웨어_상품상세&t_number=51
컴포트웨어,52,원더브라,[Wonderbra] 스포츠 아웃밴드 노와이어 브라팬티 4종(브라2+팬티2) 택 1,https://www.oliveyoung.co.kr/store/goods/getGoodsDetail.do?goodsNo=B000000202957&dispCatNo=90000010009&trackingCd=Best_Sellingbest&t_page=랭킹&t_click=판매랭킹_컴포트웨어_상품상세&t_number=52
컴포트웨어,53,원더브라,[Wonderbra] 스포츠 아웃밴드 노와이어 브라팬티 2종(브라+팬티) 택 1,https://www.oliveyoung.co.kr/store/goods/getGoodsDetail.do?goodsNo=B000000202956&dispCatNo=90000010009&trackingCd=Best_Sellingbest&t_page=랭킹&t_click=판매랭킹_컴포트웨어_상품상세&t_number=53
컴포트웨어,54,비브비브,비브비브 오가닉 오 브라/팬티 세트 (5colors),https://www.oliveyoung.co.kr/store/goods/getGoodsDetail.do?goodsNo=B000000202788&dispCatNo=90000010009&trackingCd=Best_Sellingbest&t_page=랭킹&t_click=판매랭킹_컴포트웨어_상품상세&t_number=54
컴포트웨어,55,나른,나른 트렁크 5PACK (베이직 2입 + 블루밍 3입),https://www.oliveyoung.co.kr/store/goods/getGoodsDetail.do?goodsNo=B000000202614&dispCatNo=90000010009&trackingCd=Best_Sellingbest&t_page=랭킹&t_click=판매랭킹_컴포트웨어_상품상세&t_number=55
컴포트웨어,56,나른,나른 복부보정 드로즈/팬티 2종 택 1,https://www.oliveyoung.co.kr/store/goods/getGoodsDetail.do?goodsNo=B000000202590&dispCatNo=90000010009&trackingCd=Best_Sellingbest&t_page=랭킹&t_click=판매랭킹_컴포트웨어_상품상세&t_number=56
컴포트웨어,57,감탄브라,[일체형] 모달스킨 감탄브라 - 스트랩 브라 단품,https://www.oliveyoung.co.kr/store/goods/getGoodsDetail.do?goodsNo=B000000202586&dispCatNo=90000010009&trackingCd=Best_Sellingbest&t_page=랭킹&t_click=판매랭킹_컴포트웨어_상품상세&t_number=57
컴포트웨어,58,감탄브라,[일체형] 모달스킨 감탄브라 - 스트랩 브라 2set,https://www.oliveyoung.co.kr/store/goods/getGoodsDetail.do?goodsNo=B000000202585&dispCatNo=90000010009&trackingCd=Best_Sellingbest&t_page=랭킹&t_click=판매랭킹_컴포트웨어_상품상세&t_number=58
컴포트웨어,59,감탄브라,[일체형] 모달스킨 감탄브라 - 스트랩 브라 3set,https://www.oliveyoung.co.kr/store/goods/getGoodsDetail.do?goodsNo=B000000202584&dispCatNo=90000010009&trackingCd=Best_Sellingbest&t_page=랭킹&t_click=판매랭킹_컴포트웨어_상품상세&t_number=59
컴포트웨어,60,감탄브라,[일체형] 모달스킨 감탄브라 - 후크형 스트랩 브라 단품,https://www.oliveyoung.co.kr/store/goods/getGoodsDetail.do?goodsNo=B000000202583&dispCatNo=90000010009&trackingCd=Best_Sellingbest&t_page=랭킹&t_click=판매랭킹_컴포트웨어_상품상세&t_number=60
컴포트웨어,61,감탄브라,[일체형] 모달스킨 감탄브라 - 후크형 스트랩 브라 2set,https://www.oliveyoung.co.kr/store/goods/getGoodsDetail.do?goodsNo=B000000202582&dispCatNo=90000010009&trackingCd=Best_Sellingbest&t_page=랭킹&t_click=판매랭킹_컴포트웨어_상품상세&t_number=61
컴포트웨어,62,감탄브라,[일체형] 모달스킨 감탄브라 - 후크형 스트랩 브라팬티 1Set,https://www.oliveyoung.co.kr/store/goods/getGoodsDetail.do?goodsNo=B000000202580&dispCatNo=90000010009&trackingCd=Best_Sellingbest&t_page=랭킹&t_click=판매랭킹_컴포트웨어_상품상세&t_number=62
컴포트웨어,63,감탄브라,[일체형] 모달스킨 감탄브라 - 후크형 스트랩 브라 3set,https://www.oliveyoung.co.kr/store/goods/getGoodsDetail.do?goodsNo=B000000202581&dispCatNo=90000010009&trackingCd=Best_Sellingbest&t_page=랭킹&t_click=판매랭킹_컴포트웨어_상품상세&t_number=63
컴포트웨어,64,감탄브라,에어쿨 네모팬티 - 3set,https://www.oliveyoung.co.kr/store/goods/getGoodsDetail.do?goodsNo=B000000202578&dispCatNo=90000010009&trackingCd=Best_Sellingbest&t_page=랭킹&t_click=판매랭킹_컴포트웨어_상품상세&t_number=64
컴포트웨어,65,감탄브라,[일체형] 감탄 에어쿨 브라탑 - 단품,https://www.oliveyoung.co.kr/store/goods/getGoodsDetail.do?goodsNo=B000000202577&dispCatNo=90000010009&trackingCd=Best_Sellingbest&t_page=랭킹&t_click=판매랭킹_컴포트웨어_상품상세&t_number=65
컴포트웨어,66,감탄브라,[일체형] 감탄 에어쿨 브라탑 - 3set,https://www.oliveyoung.co.kr/store/goods/getGoodsDetail.do?goodsNo=B000000202576&dispCatNo=90000010009&trackingCd=Best_Sellingbest&t_page=랭킹&t_click=판매랭킹_컴포트웨어_상품상세&t_number=66
컴포트웨어,67,베리시,베리시 올텐션 탑 리브드 롱슬리브 (2 color),https://www.oliveyoung.co.kr/store/goods/getGoodsDetail.do?goodsNo=B000000202549&dispCatNo=90000010009&trackingCd=Best_Sellingbest&t_page=랭킹&t_click=판매랭킹_컴포트웨어_상품상세&t_number=67
컴포트웨어,68,베리시,베리시 올텐션 브라탑 리브드 레이서백 (2 color),https://www.oliveyoung.co.kr/store/goods/getGoodsDetail.do?goodsNo=B000000202547&dispCatNo=90000010009&trackingCd=Best_Sellingbest&t_page=랭킹&t_click=판매랭킹_컴포트웨어_상품상세&t_number=68
컴포트웨어,69,베리시,베리시 올텐션 브라탑 리브드 크롭 (2 color),https://www.oliveyoung.co.kr/store/goods/getGoodsDetail.do?goodsNo=B000000202545&dispCatNo=90000010009&trackingCd=Best_Sellingbest&t_page=랭킹&t_click=판매랭킹_컴포트웨어_상품상세&t_number=69
컴포트웨어,70,베리시,베리시 올텐션 레깅스 리브드 부츠컷 (2 color),https://www.oliveyoung.co.kr/store/goods/getGoodsDetail.do?goodsNo=B000000202541&dispCatNo=90000010009&trackingCd=Best_Sellingbest&t_page=랭킹&t_click=판매랭킹_컴포트웨어_상품상세&t_number=70
컴포트웨어,71,베리시,베리시 올텐션 레깅스 리브드 9부 (2 color),https://www.oliveyoung.co.kr/store/goods/getGoodsDetail.do?goodsNo=B000000202540&dispCatNo=90000010009&trackingCd=Best_Sellingbest&t_page=랭킹&t_click=판매랭킹_컴포트웨어_상품상세&t_number=71
컴포트웨어,72,미언더,미언더 나무 삼각팬티 한글,https://www.oliveyoung.co.kr/store/goods/getGoodsDetail.do?goodsNo=B000000202324&dispCatNo=90000010009&trackingCd=Best_Sellingbest&t_page=랭킹&t_click=판매랭킹_컴포트웨어_상품상세&t_number=72
컴포트웨어,73,미언더,미언더 나무 드로즈 애플,https://www.oliveyoung.co.kr/store/goods/getGoodsDetail.do?goodsNo=B000000202323&dispCatNo=90000010009&trackingCd=Best_Sellingbest&t_page=랭킹&t_click=판매랭킹_컴포트웨어_상품상세&t_number=73
컴포트웨어,74,미언더,미언더 나무 삼각팬티 애플,https://www.oliveyoung.co.kr/store/goods/getGoodsDetail.do?goodsNo=B000000202322&dispCatNo=90000010009&trackingCd=Best_Sellingbest&t_page=랭킹&t_click=판매랭킹_컴포트웨어_상품상세&t_number=74
컴포트웨어,75,미언더,미언더 나무 삼각팬티 데이지 블루,https://www.oliveyoung.co.kr/store/goods/getGoodsDetail.do?goodsNo=B000000202320&dispCatNo=90000010009&trackingCd=Best_Sellingbest&t_page=랭킹&t_click=판매랭킹_컴포트웨어_상품상세&t_number=75
컴포트웨어,76,미언더,미언더 나무 삼각팬티 핑크튤립,https://www.oliveyoung.co.kr/store/goods/getGoodsDetail.do?goodsNo=B000000202319&dispCatNo=90000010009&trackingCd=Best_Sellingbest&t_page=랭킹&t_click=판매랭킹_컴포트웨어_상품상세&t_number=76
컴포트웨어,77,미언더,미언더 나무 삼각팬티 빅플라워 2 colors,https://www.oliveyoung.co.kr/store/goods/getGoodsDetail.do?goodsNo=B000000202318&dispCatNo=90000010009&trackingCd=Best_Sellingbest&t_page=랭킹&t_click=판매랭킹_컴포트웨어_상품상세&t_number=77
컴포트웨어,78,미언더,미언더 나무 드로즈 스트라이프 마린블루,https://www.oliveyoung.co.kr/store/goods/getGoodsDetail.do?goodsNo=B000000202317&dispCatNo=90000010009&trackingCd=Best_Sellingbest&t_page=랭킹&t_click=판매랭킹_컴포트웨어_상품상세&t_number=78
컴포트웨어,79,미언더,미언더 나무 드로즈 체커보드 3 colors,https://www.oliveyoung.co.kr/store/goods/getGoodsDetail.do?goodsNo=B000000202316&dispCatNo=90000010009&trackingCd=Best_Sellingbest&t_page=랭킹&t_click=판매랭킹_컴포트웨어_상품상세&t_number=79
컴포트웨어,80,미언더,미언더 남성용 나무 드로즈 스트라이프 2 colors,https://www.oliveyoung.co.kr/store/goods/getGoodsDetail.do?goodsNo=B000000202315&dispCatNo=90000010009&trackingCd=Best_Sellingbest&t_page=랭킹&t_click=판매랭킹_컴포트웨어_상품상세&t_number=80
컴포트웨어,81,미언더,미언더 남성용 나무 드로즈 체커보드 블랙,https://www.oliveyoung.co.kr/store/goods/getGoodsDetail.do?goodsNo=B000000202314&dispCatNo=90000010009&trackingCd=Best_Sellingbest&t_page=랭킹&t_click=판매랭킹_컴포트웨어_상품상세&t_number=81
컴포트웨어,82,미언더,미언더 나무 브라 & 삼각팬티 데이지 세트 2 colors,https://www.oliveyoung.co.kr/store/goods/getGoodsDetail.do?goodsNo=B000000202311&dispCatNo=90000010009&trackingCd=Best_Sellingbest&t_page=랭킹&t_click=판매랭킹_컴포트웨어_상품상세&t_number=82
컴포트웨어,83,폴프랜즈,폴프랜즈 24SS 원사이즈 골지양말 F-SOCKS 220~300mm(초등-성인),https://www.oliveyoung.co.kr/store/goods/getGoodsDetail.do?goodsNo=B000000201975&dispCatNo=90000010009&trackingCd=Best_Sellingbest&t_page=랭킹&t_click=판매랭킹_컴포트웨어_상품상세&t_number=83
컴포트웨어,84,원더브라,[Wonderbra] 노와이어 소프트 스킨 브라팬티 크림베이지 WBW3M10_T,https://www.oliveyoung.co.kr/store/goods/getGoodsDetail.do?goodsNo=B000000201631&dispCatNo=90000010009&trackingCd=Best_Sellingbest&t_page=랭킹&t_click=판매랭킹_컴포트웨어_상품상세&t_number=84
컴포트웨어,85,원더브라,[Wonderbra] 노와이어 소프트 스킨 브라팬티 핑크베이지 WBW3M11_T,https://www.oliveyoung.co.kr/store/goods/getGoodsDetail.do?goodsNo=B000000201630&dispCatNo=90000010009&trackingCd=Best_Sellingbest&t_page=랭킹&t_click=판매랭킹_컴포트웨어_상품상세&t_number=85
컴포트웨어,86,원더브라,[Wonderbra] 노와이어 소프트 스킨 브라팬티 블랙 WBW3M12_T,https://www.oliveyoung.co.kr/store/goods/getGoodsDetail.do?goodsNo=B000000201629&dispCatNo=90000010009&trackingCd=Best_Sellingbest&t_page=랭킹&t_click=판매랭킹_컴포트웨어_상품상세&t_number=86
컴포트웨어,87,캘빈클라인 언더웨어,캘빈클라인 여성 모던코튼 AF 브라렛 (H&E) 블랙 QF7586ADUB1,https://www.oliveyoung.co.kr/store/goods/getGoodsDetail.do?goodsNo=B000000201591&dispCatNo=90000010009&trackingCd=Best_Sellingbest&t_page=랭킹&t_click=판매랭킹_컴포트웨어_상품상세&t_number=87
컴포트웨어,88,캘빈클라인 언더웨어,캘빈클라인 여성 모던코튼 AF 브라렛 (H&E) 그레이 QF7586ADP7A,https://www.oliveyoung.co.kr/store/goods/getGoodsDetail.do?goodsNo=B000000201590&dispCatNo=90000010009&trackingCd=Best_Sellingbest&t_page=랭킹&t_click=판매랭킹_컴포트웨어_상품상세&t_number=88
컴포트웨어,89,캘빈클라인 언더웨어,캘빈클라인 여성 모던코튼 AF 푸쉬업 브라 그레이 QF7623ADP7A,https://www.oliveyoung.co.kr/store/goods/getGoodsDetail.do?goodsNo=B000000201589&dispCatNo=90000010009&trackingCd=Best_Sellingbest&t_page=랭킹&t_click=판매랭킹_컴포트웨어_상품상세&t_number=89
컴포트웨어,90,캘빈클라인 언더웨어,캘빈클라인 여성 모던코튼 AF 푸쉬업 브라 화이트 QF7623AD100,https://www.oliveyoung.co.kr/store/goods/getGoodsDetail.do?goodsNo=B000000201586&dispCatNo=90000010009&trackingCd=Best_Sellingbest&t_page=랭킹&t_click=판매랭킹_컴포트웨어_상품상세&t_number=90
컴포트웨어,91,캘빈클라인 언더웨어,캘빈클라인 여성 모던코튼 AF 푸쉬업 브라 블랙 QF7623ADUB1,https://www.oliveyoung.co.kr/store/goods/getGoodsDetail.do?goodsNo=B000000201580&dispCatNo=90000010009&trackingCd=Best_Sellingbest&t_page=랭킹&t_click=판매랭킹_컴포트웨어_상품상세&t_number=91
컴포트웨어,92,캘빈클라인 언더웨어,캘빈클라인 남성 모던코튼 스트레치 트렁크 2입 NB1086001,https://www.oliveyoung.co.kr/store/goods/getGoodsDetail.do?goodsNo=B000000201576&dispCatNo=90000010009&trackingCd=Best_Sellingbest&t_page=랭킹&t_click=판매랭킹_컴포트웨어_상품상세&t_number=92
컴포트웨어,93,캘빈클라인 언더웨어,캘빈클라인 남성 모던코튼 스트레치 트렁크 2입 NB1086_BHY,https://www.oliveyoung.co.kr/store/goods/getGoodsDetail.do?goodsNo=B000000201573&dispCatNo=90000010009&trackingCd=Best_Sellingbest&t_page=랭킹&t_click=판매랭킹_컴포트웨어_상품상세&t_number=93
컴포트웨어,94,캘빈클라인 언더웨어,캘빈클라인 여성 모던코튼 비키니 팬티 F3787AD_001,https://www.oliveyoung.co.kr/store/goods/getGoodsDetail.do?goodsNo=B000000201571&dispCatNo=90000010009&trackingCd=Best_Sellingbest&t_page=랭킹&t_click=판매랭킹_컴포트웨어_상품상세&t_number=94
컴포트웨어,95,나른,나른 베이직 트렁크 (2 colors),https://www.oliveyoung.co.kr/store/goods/getGoodsDetail.do?goodsNo=B000000201347&dispCatNo=90000010009&trackingCd=Best_Sellingbest&t_page=랭킹&t_click=판매랭킹_컴포트웨어_상품상세&t_number=95
컴포트웨어,96,폴프랜즈,[폴프랜즈] 원사이즈 크루삭스 이브 세트 (EVE),https://www.oliveyoung.co.kr/store/goods/getGoodsDetail.do?goodsNo=A000000201294&dispCatNo=90000010009&trackingCd=Best_Sellingbest&t_page=랭킹&t_click=판매랭킹_컴포트웨어_상품상세&t_number=96
컴포트웨어,97,폴프랜즈,[폴프랜즈] 원사이즈 크루삭스 슈가 세트 (SUG),https://www.oliveyoung.co.kr/store/goods/getGoodsDetail.do?goodsNo=A000000201293&dispCatNo=90000010009&trackingCd=Best_Sellingbest&t_page=랭킹&t_click=판매랭킹_컴포트웨어_상품상세&t_number=97
컴포트웨어,98,폴프랜즈,[폴프랜즈] 원사이즈 크루삭스 올리브 세트 (OLI),https://www.oliveyoung.co.kr/store/goods/getGoodsDetail.do?goodsNo=A000000201292&dispCatNo=90000010009&trackingCd=Best_Sellingbest&t_page=랭킹&t_click=판매랭킹_컴포트웨어_상품상세&t_number=98
컴포트웨어,99,마른파이브,마른파이브 쉬어 브라탑 크롭 베이직 3colors (블랙/화이트/브라운 M~XL),https://www.oliveyoung.co.kr/store/goods/getGoodsDetail.do?goodsNo=B000000201084&dispCatNo=90000010009&trackingCd=Best_Sellingbest&t_page=랭킹&t_click=판매랭킹_컴포트웨어_상품상세&t_number=99
컴포트웨어,100,마른파이브,마른파이브 쉬어 V넥 브라탑 크롭 슬림핏 4colors (블랙/브라운/머스타드/베이지),https://www.oliveyoung.co.kr/store/goods/getGoodsDetail.do?goodsNo=B000000201083&dispCatNo=90000010009&trackingCd=Best_Sellingbest&t_page=랭킹&t_click=판매랭킹_컴포트웨어_상품상세&t_number=100
리빙/펫,1,스너글,[NEW] 스너글 캡슐세제 13개입 2종 택1 (허거블 코튼/블루스파클 플러스),https://www.oliveyoung.co.kr/store/goods/getGoodsDetail.do?goodsNo=A000000197494&dispCatNo=90000010009&trackingCd=Best_Sellingbest&t_page=랭킹&t_click=판매랭킹_리빙/펫_상품상세&t_number=1
리빙/펫,2,스너글,스너글 섬유탈취제 150ml 6종 택1,https://www.oliveyoung.co.kr/store/goods/getGoodsDetail.do?goodsNo=A000000166192&dispCatNo=90000010009&trackingCd=Best_Sellingbest&t_page=랭킹&t_click=판매랭킹_리빙/펫_상품상세&t_number=2
리빙/펫,3,순백수,순백수 히노끼 디퓨저 150ml 3종 택1(리프/우드/로즈),https://www.oliveyoung.co.kr/store/goods/getGoodsDetail.do?goodsNo=A000000149474&dispCatNo=90000010009&trackingCd=Best_Sellingbest&t_page=랭킹&t_click=판매랭킹_리빙/펫_상품상세&t_number=3
리빙/펫,4,블랑101,[NEW] 블랑101 패브릭&룸스프레이 시그니처(본품+리필) 160mL,https://www.oliveyoung.co.kr/store/goods/getGoodsDetail.do?goodsNo=B000000193719&dispCatNo=90000010009&trackingCd=Best_Sellingbest&t_page=랭킹&t_click=판매랭킹_리빙/펫_상품상세&t_number=4
리빙/펫,5,보령메디앙스,[NEW] 비앤비 참숯까만면봉 150p,https://www.oliveyoung.co.kr/store/goods/getGoodsDetail.do?goodsNo=A000000111836&dispCatNo=90000010009&trackingCd=Best_Sellingbest&t_page=랭킹&t_click=판매랭킹_리빙/펫_상품상세&t_number=5
리빙/펫,6,더블유드레스룸,W.DRESSROOM 드레스퍼퓸 시즌3 80ml/160ml 6종 택1,https://www.oliveyoung.co.kr/store/goods/getGoodsDetail.do?goodsNo=A000000189285&dispCatNo=90000010009&trackingCd=Best_Sellingbest&t_page=랭킹&t_click=판매랭킹_리빙/펫_상품상세&t_number=6
리빙/펫,7,포맨트,포맨트 퍼퓸 차량용 방향제(코튼허그),https://www.oliveyoung.co.kr/store/goods/getGoodsDetail.do?goodsNo=A000000169776&dispCatNo=90000010009&trackingCd=Best_Sellingbest&t_page=랭킹&t_click=판매랭킹_리빙/펫_상품상세&t_number=7
리빙/펫,8,오센트,오센트 리필캡슐,https://www.oliveyoung.co.kr/store/goods/getGoodsDetail.do?goodsNo=A000000163035&dispCatNo=90000010009&trackingCd=Best_Sellingbest&t_page=랭킹&t_click=판매랭킹_리빙/펫_상품상세&t_number=8
리빙/펫,9,스너글,스너글 섬유탈취제 470ml 6종 택1,https://www.oliveyoung.co.kr/store/goods/getGoodsDetail.do?goodsNo=A000000189218&dispCatNo=90000010009&trackingCd=Best_Sellingbest&t_page=랭킹&t_click=판매랭킹_리빙/펫_상품상세&t_number=9
리빙/펫,10,아토팜,아토팜 세탁세제 1000ml,https://www.oliveyoung.co.kr/store/goods/getGoodsDetail.do?goodsNo=A000000181732&dispCatNo=90000010009&trackingCd=Best_Sellingbest&t_page=랭킹&t_click=판매랭킹_리빙/펫_상품상세&t_number=10
리빙/펫,11,깨끗한나라,깨끗한나라X브레드이발소 여행용 미용티슈 50매,https://www.oliveyoung.co.kr/store/goods/getGoodsDetail.do?goodsNo=A000000115031&dispCatNo=90000010009&trackingCd=Best_Sellingbest&t_page=랭킹&t_click=판매랭킹_리빙/펫_상품상세&t_number=11
리빙/펫,12,바디빔,바디빔 온오프 더블클린 필터샤워기 비타민 샤워기 컬러 택1 (비타볼&카본링&세디먼트 장착),https://www.oliveyoung.co.kr/store/goods/getGoodsDetail.do?goodsNo=B000000157126&dispCatNo=90000010009&trackingCd=Best_Sellingbest&t_page=랭킹&t_click=판매랭킹_리빙/펫_상품상세&t_number=12
리빙/펫,13,르셀르,[선물추천] 르셀르 룸 스프레이 250ml 4종 택1,https://www.oliveyoung.co.kr/store/goods/getGoodsDetail.do?goodsNo=A000000175028&dispCatNo=90000010009&trackingCd=Best_Sellingbest&t_page=랭킹&t_click=판매랭킹_리빙/펫_상품상세&t_number=13
리빙/펫,14,멈칫,멈칫 섬유향수 100ml 6종 택1,https://www.oliveyoung.co.kr/store/goods/getGoodsDetail.do?goodsNo=A000000156089&dispCatNo=90000010009&trackingCd=Best_Sellingbest&t_page=랭킹&t_click=판매랭킹_리빙/펫_상품상세&t_number=14
리빙/펫,15,마이달리아,마이달리아 패브릭포켓퍼퓸 6종 택1,https://www.oliveyoung.co.kr/store/goods/getGoodsDetail.do?goodsNo=A000000152955&dispCatNo=90000010009&trackingCd=Best_Sellingbest&t_page=랭킹&t_click=판매랭킹_리빙/펫_상품상세&t_number=15
리빙/펫,16,아로마티카,아로마티카 디퓨저 100ml 2종 택1 (메디테이팅/서렌),https://www.oliveyoung.co.kr/store/goods/getGoodsDetail.do?goodsNo=A000000166355&dispCatNo=90000010009&trackingCd=Best_Sellingbest&t_page=랭킹&t_click=판매랭킹_리빙/펫_상품상세&t_number=16
리빙/펫,17,바디빔,바디빔 더블클린 세면대용 정수헤드,https://www.oliveyoung.co.kr/store/goods/getGoodsDetail.do?goodsNo=B000000178652&dispCatNo=90000010009&trackingCd=Best_Sellingbest&t_page=랭킹&t_click=판매랭킹_리빙/펫_상품상세&t_number=17
리빙/펫,18,낫포유,[리뉴얼] 낫포유 앰플 샤워기(본품/필터 3종) 택1,https://www.oliveyoung.co.kr/store/goods/getGoodsDetail.do?goodsNo=A000000194109&dispCatNo=90000010009&trackingCd=Best_Sellingbest&t_page=랭킹&t_click=판매랭킹_리빙/펫_상품상세&t_number=18
리빙/펫,19,헤트라스,[1+1] 헤트라스 프리미엄 대용량 디퓨저 500ml 2개입 4종 택1,https://www.oliveyoung.co.kr/store/goods/getGoodsDetail.do?goodsNo=A000000169593&dispCatNo=90000010009&trackingCd=Best_Sellingbest&t_page=랭킹&t_click=판매랭킹_리빙/펫_상품상세&t_number=19
리빙/펫,20,멈칫,[증량] 멈칫 섬유향수 2종 택1,https://www.oliveyoung.co.kr/store/goods/getGoodsDetail.do?goodsNo=A000000149719&dispCatNo=90000010009&trackingCd=Best_Sellingbest&t_page=랭킹&t_click=판매랭킹_리빙/펫_상품상세&t_number=20
리빙/펫,21,아이젠틀맨,[향기플러팅]아이젠틀맨 섬유향수 100ml 3종 택1,https://www.oliveyoung.co.kr/store/goods/getGoodsDetail.do?goodsNo=A000000143719&dispCatNo=90000010009&trackingCd=Best_Sellingbest&t_page=랭킹&t_click=판매랭킹_리빙/펫_상품상세&t_number=21
리빙/펫,22,아토팜,아토팜 섬유유연제 1000ml 2종 택1(프리지아코튼/튤립블라썸),https://www.oliveyoung.co.kr/store/goods/getGoodsDetail.do?goodsNo=A000000181734&dispCatNo=90000010009&trackingCd=Best_Sellingbest&t_page=랭킹&t_click=판매랭킹_리빙/펫_상품상세&t_number=22
리빙/펫,23,러비더비,[NEW] 러비더비 섬유향수 피치썸 시그니처 200ml,https://www.oliveyoung.co.kr/store/goods/getGoodsDetail.do?goodsNo=A000000160240&dispCatNo=90000010009&trackingCd=Best_Sellingbest&t_page=랭킹&t_click=판매랭킹_리빙/펫_상품상세&t_number=23
리빙/펫,24,더블유드레스룸,W.DRESSROOM 드레스퍼퓸 시즌3 160ml 6종 택1,https://www.oliveyoung.co.kr/store/goods/getGoodsDetail.do?goodsNo=A000000189283&dispCatNo=90000010009&trackingCd=Best_Sellingbest&t_page=랭킹&t_click=판매랭킹_리빙/펫_상품상세&t_number=24
리빙/펫,25,푸푸리,푸푸리 오리지널 시트러스 1.4 oz,https://www.oliveyoung.co.kr/store/goods/getGoodsDetail.do?goodsNo=A000000015862&dispCatNo=90000010009&trackingCd=Best_Sellingbest&t_page=랭킹&t_click=판매랭킹_리빙/펫_상품상세&t_number=25
리빙/펫,26,페브리즈,페브리즈 섬유탈취제 상쾌한 향 370ml,https://www.oliveyoung.co.kr/store/goods/getGoodsDetail.do?goodsNo=A000000111982&dispCatNo=90000010009&trackingCd=Best_Sellingbest&t_page=랭킹&t_click=판매랭킹_리빙/펫_상품상세&t_number=26
리빙/펫,27,더블유드레스룸,W.DRESSROOM 페브클린 No.49 Peach Blossom 500ml,https://www.oliveyoung.co.kr/store/goods/getGoodsDetail.do?goodsNo=A000000116493&dispCatNo=90000010009&trackingCd=Best_Sellingbest&t_page=랭킹&t_click=판매랭킹_리빙/펫_상품상세&t_number=27
리빙/펫,28,크리넥스,크리넥스 99.9% 항균 안심물티슈 20매,https://www.oliveyoung.co.kr/store/goods/getGoodsDetail.do?goodsNo=A000000137826&dispCatNo=90000010009&trackingCd=Best_Sellingbest&t_page=랭킹&t_click=판매랭킹_리빙/펫_상품상세&t_number=28
리빙/펫,29,닥터아토,닥터아토 눈&얼굴전용티슈 20매,https://www.oliveyoung.co.kr/store/goods/getGoodsDetail.do?goodsNo=A000000107014&dispCatNo=90000010009&trackingCd=Best_Sellingbest&t_page=랭킹&t_click=판매랭킹_리빙/펫_상품상세&t_number=29
리빙/펫,30,헤트라스,헤트라스 오브제 디퓨저 200ml*2개입 6종 택 1,https://www.oliveyoung.co.kr/store/goods/getGoodsDetail.do?goodsNo=A000000204134&dispCatNo=90000010009&trackingCd=Best_Sellingbest&t_page=랭킹&t_click=판매랭킹_리빙/펫_상품상세&t_number=30
리빙/펫,31,호텔도슨,[NEW] 호텔도슨 차량용 디퓨저 리필 17g 5종 택1,https://www.oliveyoung.co.kr/store/goods/getGoodsDetail.do?goodsNo=A000000203938&dispCatNo=90000010009&trackingCd=Best_Sellingbest&t_page=랭킹&t_click=판매랭킹_리빙/펫_상품상세&t_number=31
리빙/펫,32,호텔도슨,[NEW] 호텔도슨 디퓨저 250ml 6종 택1,https://www.oliveyoung.co.kr/store/goods/getGoodsDetail.do?goodsNo=A000000203936&dispCatNo=90000010009&trackingCd=Best_Sellingbest&t_page=랭킹&t_click=판매랭킹_리빙/펫_상품상세&t_number=32
리빙/펫,33,호텔도슨,[NEW] 호텔도슨 디퓨저리필 250ml 6종 택1,https://www.oliveyoung.co.kr/store/goods/getGoodsDetail.do?goodsNo=A000000203933&dispCatNo=90000010009&trackingCd=Best_Sellingbest&t_page=랭킹&t_click=판매랭킹_리빙/펫_상품상세&t_number=33
리빙/펫,34,크리넥스,크리넥스 에코그린소프트 리틀카카오프렌즈 물티슈 100매,https://www.oliveyoung.co.kr/store/goods/getGoodsDetail.do?goodsNo=A000000203928&dispCatNo=90000010009&trackingCd=Best_Sellingbest&t_page=랭킹&t_click=판매랭킹_리빙/펫_상품상세&t_number=34
리빙/펫,35,펫토리아,리터락커 전용 에어씰봉투 X 9개,https://www.oliveyoung.co.kr/store/goods/getGoodsDetail.do?goodsNo=B000000203914&dispCatNo=90000010009&trackingCd=Best_Sellingbest&t_page=랭킹&t_click=판매랭킹_리빙/펫_상품상세&t_number=35
리빙/펫,36,감탄브라,[일체형] 자세브라 런닝형 - 브라 단품,https://www.oliveyoung.co.kr/store/goods/getGoodsDetail.do?goodsNo=B000000203848&dispCatNo=90000010009&trackingCd=Best_Sellingbest&t_page=랭킹&t_click=판매랭킹_리빙/펫_상품상세&t_number=36
리빙/펫,37,감탄브라,[일체형] 자세브라 런닝형 - 브라 3set,https://www.oliveyoung.co.kr/store/goods/getGoodsDetail.do?goodsNo=B000000203847&dispCatNo=90000010009&trackingCd=Best_Sellingbest&t_page=랭킹&t_click=판매랭킹_리빙/펫_상품상세&t_number=37
리빙/펫,38,감탄브라,[일체형] 자세브라 런닝형 - 브라팬티 1set,https://www.oliveyoung.co.kr/store/goods/getGoodsDetail.do?goodsNo=B000000203846&dispCatNo=90000010009&trackingCd=Best_Sellingbest&t_page=랭킹&t_click=판매랭킹_리빙/펫_상품상세&t_number=38
리빙/펫,39,감탄브라,[일체형] 자세브라 런닝형 - 브라팬티 3set,https://www.oliveyoung.co.kr/store/goods/getGoodsDetail.do?goodsNo=B000000203845&dispCatNo=90000010009&trackingCd=Best_Sellingbest&t_page=랭킹&t_click=판매랭킹_리빙/펫_상품상세&t_number=39
리빙/펫,40,감탄브라,[일체형] 자세브라 스트랩 - 브라 1&1,https://www.oliveyoung.co.kr/store/goods/getGoodsDetail.do?goodsNo=B000000203843&dispCatNo=90000010009&trackingCd=Best_Sellingbest&t_page=랭킹&t_click=판매랭킹_리빙/펫_상품상세&t_number=40
리빙/펫,41,감탄브라,[일체형] 자세브라 스트랩 - 브라 단품,https://www.oliveyoung.co.kr/store/goods/getGoodsDetail.do?goodsNo=B000000203844&dispCatNo=90000010009&trackingCd=Best_Sellingbest&t_page=랭킹&t_click=판매랭킹_리빙/펫_상품상세&t_number=41
리빙/펫,42,감탄브라,[일체형] 자세브라 스트랩 - 브라 3set,https://www.oliveyoung.co.kr/store/goods/getGoodsDetail.do?goodsNo=B000000203842&dispCatNo=90000010009&trackingCd=Best_Sellingbest&t_page=랭킹&t_click=판매랭킹_리빙/펫_상품상세&t_number=42
리빙/펫,43,감탄브라,[일체형] 자세브라 스트랩 - 브라팬티 1set,https://www.oliveyoung.co.kr/store/goods/getGoodsDetail.do?goodsNo=B000000203841&dispCatNo=90000010009&trackingCd=Best_Sellingbest&t_page=랭킹&t_click=판매랭킹_리빙/펫_상품상세&t_number=43
리빙/펫,44,감탄브라,[일체형] 자세브라 스트랩 - 브라팬티 3set,https://www.oliveyoung.co.kr/store/goods/getGoodsDetail.do?goodsNo=B000000203840&dispCatNo=90000010009&trackingCd=Best_Sellingbest&t_page=랭킹&t_click=판매랭킹_리빙/펫_상품상세&t_number=44
리빙/펫,45,감탄브라,자세브라 - 팬티 단품,https://www.oliveyoung.co.kr/store/goods/getGoodsDetail.do?goodsNo=B000000203839&dispCatNo=90000010009&trackingCd=Best_Sellingbest&t_page=랭킹&t_click=판매랭킹_리빙/펫_상품상세&t_number=45
리빙/펫,46,비스켓스튜디오,비스켓스튜디오 빈티지 포스터 - A3 size (4type),https://www.oliveyoung.co.kr/store/goods/getGoodsDetail.do?goodsNo=B000000203833&dispCatNo=90000010009&trackingCd=Best_Sellingbest&t_page=랭킹&t_click=판매랭킹_리빙/펫_상품상세&t_number=46
리빙/펫,47,비스켓스튜디오,비스켓스튜디오 베이직 포스터 - Iceland A3 size (9type),https://www.oliveyoung.co.kr/store/goods/getGoodsDetail.do?goodsNo=B000000203832&dispCatNo=90000010009&trackingCd=Best_Sellingbest&t_page=랭킹&t_click=판매랭킹_리빙/펫_상품상세&t_number=47
리빙/펫,48,비스켓스튜디오,비스켓스튜디오 베이직 포스터 - Paris A3 size (9type),https://www.oliveyoung.co.kr/store/goods/getGoodsDetail.do?goodsNo=B000000203830&dispCatNo=90000010009&trackingCd=Best_Sellingbest&t_page=랭킹&t_click=판매랭킹_리빙/펫_상품상세&t_number=48
리빙/펫,49,비스켓스튜디오,비스켓스튜디오 베이직 포스터 - London A3 size (10type),https://www.oliveyoung.co.kr/store/goods/getGoodsDetail.do?goodsNo=B000000203829&dispCatNo=90000010009&trackingCd=Best_Sellingbest&t_page=랭킹&t_click=판매랭킹_리빙/펫_상품상세&t_number=49
리빙/펫,50,비스켓스튜디오,비스켓스튜디오 모멘트 포스터 (8type),https://www.oliveyoung.co.kr/store/goods/getGoodsDetail.do?goodsNo=B000000203828&dispCatNo=90000010009&trackingCd=Best_Sellingbest&t_page=랭킹&t_click=판매랭킹_리빙/펫_상품상세&t_number=50
리빙/펫,51,호텔도슨,[NEW] 호텔도슨 룸 앤 패브릭 스프레이 50ml 3종 중 택 1,https://www.oliveyoung.co.kr/store/goods/getGoodsDetail.do?goodsNo=A000000203785&dispCatNo=90000010009&trackingCd=Best_Sellingbest&t_page=랭킹&t_click=판매랭킹_리빙/펫_상품상세&t_number=51
리빙/펫,52,호텔도슨,[NEW] 호텔도슨 디퓨저 250ml 프레스포샴페인,https://www.oliveyoung.co.kr/store/goods/getGoodsDetail.do?goodsNo=A000000203784&dispCatNo=90000010009&trackingCd=Best_Sellingbest&t_page=랭킹&t_click=판매랭킹_리빙/펫_상품상세&t_number=52
리빙/펫,53,호텔도슨,[NEW] 호텔도슨 디퓨저 250ml 자르댕 미드나잇,https://www.oliveyoung.co.kr/store/goods/getGoodsDetail.do?goodsNo=A000000203780&dispCatNo=90000010009&trackingCd=Best_Sellingbest&t_page=랭킹&t_click=판매랭킹_리빙/펫_상품상세&t_number=53
리빙/펫,54,호텔도슨,[NEW] 호텔도슨 디퓨저 250ml 색드보야지,https://www.oliveyoung.co.kr/store/goods/getGoodsDetail.do?goodsNo=A000000203779&dispCatNo=90000010009&trackingCd=Best_Sellingbest&t_page=랭킹&t_click=판매랭킹_리빙/펫_상품상세&t_number=54
리빙/펫,55,호텔도슨,[NEW] 호텔도슨 디퓨저 250ml 룸넘버792,https://www.oliveyoung.co.kr/store/goods/getGoodsDetail.do?goodsNo=A000000203778&dispCatNo=90000010009&trackingCd=Best_Sellingbest&t_page=랭킹&t_click=판매랭킹_리빙/펫_상품상세&t_number=55
리빙/펫,56,호텔도슨,[NEW] 호텔도슨 디퓨저 250ml 더시크릿세션,https://www.oliveyoung.co.kr/store/goods/getGoodsDetail.do?goodsNo=A000000203776&dispCatNo=90000010009&trackingCd=Best_Sellingbest&t_page=랭킹&t_click=판매랭킹_리빙/펫_상품상세&t_number=56
리빙/펫,57,호텔도슨,[NEW] 호텔도슨 룸 앤 패브릭 스프레이 50ml 더시크릿세션,https://www.oliveyoung.co.kr/store/goods/getGoodsDetail.do?goodsNo=A000000203775&dispCatNo=90000010009&trackingCd=Best_Sellingbest&t_page=랭킹&t_click=판매랭킹_리빙/펫_상품상세&t_number=57
리빙/펫,58,호텔도슨,[NEW] 호텔도슨 룸 앤 패브릭 스프레이 50ml 웰컴투더플레져돔,https://www.oliveyoung.co.kr/store/goods/getGoodsDetail.do?goodsNo=A000000203773&dispCatNo=90000010009&trackingCd=Best_Sellingbest&t_page=랭킹&t_click=판매랭킹_리빙/펫_상품상세&t_number=58
리빙/펫,59,호텔도슨,[NEW] 호텔도슨 차량용 디퓨저 케이스 에크뤼 베이지,https://www.oliveyoung.co.kr/store/goods/getGoodsDetail.do?goodsNo=A000000203738&dispCatNo=90000010009&trackingCd=Best_Sellingbest&t_page=랭킹&t_click=판매랭킹_리빙/펫_상품상세&t_number=59
리빙/펫,60,호텔도슨,[NEW] 호텔도슨 차량용 디퓨저 케이스 블랙,https://www.oliveyoung.co.kr/store/goods/getGoodsDetail.do?goodsNo=A000000203734&dispCatNo=90000010009&trackingCd=Best_Sellingbest&t_page=랭킹&t_click=판매랭킹_리빙/펫_상품상세&t_number=60
리빙/펫,61,테일러센츠,테일러센츠 시티라인 디퓨저 500ml 4종 택1 (온),https://www.oliveyoung.co.kr/store/goods/getGoodsDetail.do?goodsNo=B000000203713&dispCatNo=90000010009&trackingCd=Best_Sellingbest&t_page=랭킹&t_click=판매랭킹_리빙/펫_상품상세&t_number=61
리빙/펫,62,더독,더독 소프트 수제간식 말랑카츄 20g 2종,https://www.oliveyoung.co.kr/store/goods/getGoodsDetail.do?goodsNo=B000000203649&dispCatNo=90000010009&trackingCd=Best_Sellingbest&t_page=랭킹&t_click=판매랭킹_리빙/펫_상품상세&t_number=62
리빙/펫,63,보국,보국 25L 대용량 제습기 BKD-1123B,https://www.oliveyoung.co.kr/store/goods/getGoodsDetail.do?goodsNo=B000000203645&dispCatNo=90000010009&trackingCd=Best_Sellingbest&t_page=랭킹&t_click=판매랭킹_리빙/펫_상품상세&t_number=63
리빙/펫,64,보국,보국 3D 리모컨 써큘레이터 BKF-4224W,https://www.oliveyoung.co.kr/store/goods/getGoodsDetail.do?goodsNo=B000000203642&dispCatNo=90000010009&trackingCd=Best_Sellingbest&t_page=랭킹&t_click=판매랭킹_리빙/펫_상품상세&t_number=64
리빙/펫,65,더독,더독 소프트 육포 고기한입 450g 3종,https://www.oliveyoung.co.kr/store/goods/getGoodsDetail.do?goodsNo=B000000203641&dispCatNo=90000010009&trackingCd=Best_Sellingbest&t_page=랭킹&t_click=판매랭킹_리빙/펫_상품상세&t_number=65
리빙/펫,66,더독,더독 더캣 캣스토랑 월척비트 3종,https://www.oliveyoung.co.kr/store/goods/getGoodsDetail.do?goodsNo=B000000203638&dispCatNo=90000010009&trackingCd=Best_Sellingbest&t_page=랭킹&t_click=판매랭킹_리빙/펫_상품상세&t_number=66
리빙/펫,67,보국,보국 대용량 에어프라이어 7L BKK-4107B,https://www.oliveyoung.co.kr/store/goods/getGoodsDetail.do?goodsNo=B000000203637&dispCatNo=90000010009&trackingCd=Best_Sellingbest&t_page=랭킹&t_click=판매랭킹_리빙/펫_상품상세&t_number=67
리빙/펫,68,더독,더독 강아지 치약 껌 덴탈 카리에스 껌 280g 3종,https://www.oliveyoung.co.kr/store/goods/getGoodsDetail.do?goodsNo=B000000203635&dispCatNo=90000010009&trackingCd=Best_Sellingbest&t_page=랭킹&t_click=판매랭킹_리빙/펫_상품상세&t_number=68
리빙/펫,69,더독,더독 닥터소프트 치킨 노령견 / 성견용 3kg,https://www.oliveyoung.co.kr/store/goods/getGoodsDetail.do?goodsNo=B000000203633&dispCatNo=90000010009&trackingCd=Best_Sellingbest&t_page=랭킹&t_click=판매랭킹_리빙/펫_상품상세&t_number=69
리빙/펫,70,더독,더독 닥터소프트 명작 시그니처 1.2kg 3종,https://www.oliveyoung.co.kr/store/goods/getGoodsDetail.do?goodsNo=B000000203630&dispCatNo=90000010009&trackingCd=Best_Sellingbest&t_page=랭킹&t_click=판매랭킹_리빙/펫_상품상세&t_number=70
리빙/펫,71,호텔도슨,[NEW] 호텔도슨 디퓨저 250ml 웰컴 투 더 플레져돔,https://www.oliveyoung.co.kr/store/goods/getGoodsDetail.do?goodsNo=A000000203574&dispCatNo=90000010009&trackingCd=Best_Sellingbest&t_page=랭킹&t_click=판매랭킹_리빙/펫_상품상세&t_number=71
리빙/펫,72,더독,더독 강아지 껌 트위스틱 듀오 200g 5종,https://www.oliveyoung.co.kr/store/goods/getGoodsDetail.do?goodsNo=B000000203562&dispCatNo=90000010009&trackingCd=Best_Sellingbest&t_page=랭킹&t_click=판매랭킹_리빙/펫_상품상세&t_number=72
리빙/펫,73,더독,더독 스모크 갈비 강아지 껌 립츄 250g 2종,https://www.oliveyoung.co.kr/store/goods/getGoodsDetail.do?goodsNo=B000000203545&dispCatNo=90000010009&trackingCd=Best_Sellingbest&t_page=랭킹&t_click=판매랭킹_리빙/펫_상품상세&t_number=73
리빙/펫,74,더독,더독 올인원 덴탈껌 모닝키세스 500g 3종,https://www.oliveyoung.co.kr/store/goods/getGoodsDetail.do?goodsNo=B000000203542&dispCatNo=90000010009&trackingCd=Best_Sellingbest&t_page=랭킹&t_click=판매랭킹_리빙/펫_상품상세&t_number=74
리빙/펫,75,헤트라스,헤트라스 섬유향수 호텔우드 80ml,https://www.oliveyoung.co.kr/store/goods/getGoodsDetail.do?goodsNo=A000000203496&dispCatNo=90000010009&trackingCd=Best_Sellingbest&t_page=랭킹&t_click=판매랭킹_리빙/펫_상품상세&t_number=75
리빙/펫,76,헤트라스,헤트라스 섬유향수 잉글랜드 코튼 80ml,https://www.oliveyoung.co.kr/store/goods/getGoodsDetail.do?goodsNo=A000000203495&dispCatNo=90000010009&trackingCd=Best_Sellingbest&t_page=랭킹&t_click=판매랭킹_리빙/펫_상품상세&t_number=76
리빙/펫,77,헤트라스,헤트라스 섬유향수 허그솝 80ml,https://www.oliveyoung.co.kr/store/goods/getGoodsDetail.do?goodsNo=A000000203362&dispCatNo=90000010009&trackingCd=Best_Sellingbest&t_page=랭킹&t_click=판매랭킹_리빙/펫_상품상세&t_number=77
리빙/펫,78,P Collection,P Collection 더 플라자 호텔 디퓨저 40ml (차량용),https://www.oliveyoung.co.kr/store/goods/getGoodsDetail.do?goodsNo=A000000203321&dispCatNo=90000010009&trackingCd=Best_Sellingbest&t_page=랭킹&t_click=판매랭킹_리빙/펫_상품상세&t_number=78
리빙/펫,79,P Collection,P Collection 더 플라자 호텔 디퓨저 100ml,https://www.oliveyoung.co.kr/store/goods/getGoodsDetail.do?goodsNo=A000000203320&dispCatNo=90000010009&trackingCd=Best_Sellingbest&t_page=랭킹&t_click=판매랭킹_리빙/펫_상품상세&t_number=79
리빙/펫,80,P Collection,P Collection 더 플라자 호텔 디퓨저 200ml,https://www.oliveyoung.co.kr/store/goods/getGoodsDetail.do?goodsNo=A000000203318&dispCatNo=90000010009&trackingCd=Best_Sellingbest&t_page=랭킹&t_click=판매랭킹_리빙/펫_상품상세&t_number=80
리빙/펫,81,P Collection,P Collection 더 플라자 호텔 디퓨저 3종 중 택 1 (40ml/100ml/200ml),https://www.oliveyoung.co.kr/store/goods/getGoodsDetail.do?goodsNo=A000000203317&dispCatNo=90000010009&trackingCd=Best_Sellingbest&t_page=랭킹&t_click=판매랭킹_리빙/펫_상품상세&t_number=81
리빙/펫,82,코코도르,코코도르 디퓨저 1000ml (500ml*2/대용량) 4종 택1,https://www.oliveyoung.co.kr/store/goods/getGoodsDetail.do?goodsNo=A000000203304&dispCatNo=90000010009&trackingCd=Best_Sellingbest&t_page=랭킹&t_click=판매랭킹_리빙/펫_상품상세&t_number=82
리빙/펫,83,센트 오브 파라다이스,센트 오브 파라다이스 디퓨저/차량용 방향제 2종 택 1,https://www.oliveyoung.co.kr/store/goods/getGoodsDetail.do?goodsNo=A000000203289&dispCatNo=90000010009&trackingCd=Best_Sellingbest&t_page=랭킹&t_click=판매랭킹_리빙/펫_상품상세&t_number=83
리빙/펫,84,테일러센츠,테일러센츠 퍼퓸드 오브제 카디퓨저 가든브리즈 15ml,https://www.oliveyoung.co.kr/store/goods/getGoodsDetail.do?goodsNo=A000000203288&dispCatNo=90000010009&trackingCd=Best_Sellingbest&t_page=랭킹&t_click=판매랭킹_리빙/펫_상품상세&t_number=84
리빙/펫,85,쿤달,[올영 선런칭] 쿤달 센트오브모먼트 퍼퓸 디퓨저 200ml (3종 택1),https://www.oliveyoung.co.kr/store/goods/getGoodsDetail.do?goodsNo=A000000203285&dispCatNo=90000010009&trackingCd=Best_Sellingbest&t_page=랭킹&t_click=판매랭킹_리빙/펫_상품상세&t_number=85
리빙/펫,86,르난세,르난세 몽드 타원 그라탕 1+1,https://www.oliveyoung.co.kr/store/goods/getGoodsDetail.do?goodsNo=B000000203284&dispCatNo=90000010009&trackingCd=Best_Sellingbest&t_page=랭킹&t_click=판매랭킹_리빙/펫_상품상세&t_number=86
리빙/펫,87,르난세,르난세 몽드 요거트볼 1+1,https://www.oliveyoung.co.kr/store/goods/getGoodsDetail.do?goodsNo=B000000203276&dispCatNo=90000010009&trackingCd=Best_Sellingbest&t_page=랭킹&t_click=판매랭킹_리빙/펫_상품상세&t_number=87
리빙/펫,88,글래드호텔,글래드 포레스트 디퓨저 150ml 2종 택 1 (제주/서울향),https://www.oliveyoung.co.kr/store/goods/getGoodsDetail.do?goodsNo=A000000203273&dispCatNo=90000010009&trackingCd=Best_Sellingbest&t_page=랭킹&t_click=판매랭킹_리빙/펫_상품상세&t_number=88
리빙/펫,89,글래드호텔,글래드 포레스트 차량용방향제(케이스+리필용 2개입) 2종 택 1 (제주/서울향),https://www.oliveyoung.co.kr/store/goods/getGoodsDetail.do?goodsNo=A000000203259&dispCatNo=90000010009&trackingCd=Best_Sellingbest&t_page=랭킹&t_click=판매랭킹_리빙/펫_상품상세&t_number=89
리빙/펫,90,센트 오브 파라다이스,센트 오브 파라다이스 차량용 방향제(케이스+리필용2개입),https://www.oliveyoung.co.kr/store/goods/getGoodsDetail.do?goodsNo=A000000203239&dispCatNo=90000010009&trackingCd=Best_Sellingbest&t_page=랭킹&t_click=판매랭킹_리빙/펫_상품상세&t_number=90
리빙/펫,91,센트 오브 파라다이스,센트 오브 파라다이스 시그니처향 디퓨저 100ml*2개입 기획,https://www.oliveyoung.co.kr/store/goods/getGoodsDetail.do?goodsNo=A000000203238&dispCatNo=90000010009&trackingCd=Best_Sellingbest&t_page=랭킹&t_click=판매랭킹_리빙/펫_상품상세&t_number=91
리빙/펫,92,테일러센츠,테일러센츠 오브제 디퓨저 1L 2종 택1,https://www.oliveyoung.co.kr/store/goods/getGoodsDetail.do?goodsNo=B000000203208&dispCatNo=90000010009&trackingCd=Best_Sellingbest&t_page=랭킹&t_click=판매랭킹_리빙/펫_상품상세&t_number=92
리빙/펫,93,펫토리아,펫토리아 GP 5단 플랫폼 숨숨집 고양이 중형 캣타워 130cm 베이지,https://www.oliveyoung.co.kr/store/goods/getGoodsDetail.do?goodsNo=B000000203136&dispCatNo=90000010009&trackingCd=Best_Sellingbest&t_page=랭킹&t_click=판매랭킹_리빙/펫_상품상세&t_number=93
리빙/펫,94,펫토리아,펫토리아 GP 4단 플랫폼 고양이 중형 캣타워 112cm 베이지,https://www.oliveyoung.co.kr/store/goods/getGoodsDetail.do?goodsNo=B000000203135&dispCatNo=90000010009&trackingCd=Best_Sellingbest&t_page=랭킹&t_click=판매랭킹_리빙/펫_상품상세&t_number=94
리빙/펫,95,펫토리아,펫토리아 GP 5단 원형 플랫폼 고양이 중형 캣타워 92cm 베이지,https://www.oliveyoung.co.kr/store/goods/getGoodsDetail.do?goodsNo=B000000203134&dispCatNo=90000010009&trackingCd=Best_Sellingbest&t_page=랭킹&t_click=판매랭킹_리빙/펫_상품상세&t_number=95
리빙/펫,96,펫토리아,펫토리아 GP 플랫폼 숨숨집 고양이 소형 캣타워 77cm 그레이,https://www.oliveyoung.co.kr/store/goods/getGoodsDetail.do?goodsNo=B000000203133&dispCatNo=90000010009&trackingCd=Best_Sellingbest&t_page=랭킹&t_click=판매랭킹_리빙/펫_상품상세&t_number=96
리빙/펫,97,펫토리아,펫토리아 GP 플랫폼 숨숨집 고양이 중형 캣타워 111cm 브라운,https://www.oliveyoung.co.kr/store/goods/getGoodsDetail.do?goodsNo=B000000203132&dispCatNo=90000010009&trackingCd=Best_Sellingbest&t_page=랭킹&t_click=판매랭킹_리빙/펫_상품상세&t_number=97
리빙/펫,98,펫토리아,펫토리아 GP 플랫폼 숨숨집 고양이 중형 캣타워 101cm 그레이,https://www.oliveyoung.co.kr/store/goods/getGoodsDetail.do?goodsNo=B000000203131&dispCatNo=90000010009&trackingCd=Best_Sellingbest&t_page=랭킹&t_click=판매랭킹_리빙/펫_상품상세&t_number=98
리빙/펫,99,펫토리아,펫토리아 GP 6단 터널 숨숨집 플랫폼 고양이 중형 캣타워 138cm 양털베이지,https://www.oliveyoung.co.kr/store/goods/getGoodsDetail.do?goodsNo=B000000203130&dispCatNo=90000010009&trackingCd=Best_Sellingbest&t_page=랭킹&t_click=판매랭킹_리빙/펫_상품상세&t_number=99
리빙/펫,100,펫토리아,펫토리아 GP 플랫폼 슬라이드 스크래쳐 고양이 소형 캣타워 그레이,https://www.oliveyoung.co.kr/store/goods/getGoodsDetail.do?goodsNo=B000000203129&dispCatNo=90000010009&trackingCd=Best_Sellingbest&t_page=랭킹&t_click=판매랭킹_리빙/펫_상품상세&t_number=100
취미/팬시,1,젤리크루,케키바이고미_빵곰인턴의 맥주타임 리무버블 스티커 1+1,https://www.oliveyoung.co.kr/store/goods/getGoodsDetail.do?goodsNo=B000000190076&dispCatNo=90000010009&trackingCd=Best_Sellingbest&t_page=랭킹&t_click=판매랭킹_취미/팬시_상품상세&t_number=1
취미/팬시,2,미니레코드,캐치더영 2nd Mini Album [Catch The Young : Fragments of Odyssey] (Platform ver.),https://www.oliveyoung.co.kr/store/goods/getGoodsDetail.do?goodsNo=B000000204066&dispCatNo=90000010009&trackingCd=Best_Sellingbest&t_page=랭킹&t_click=판매랭킹_취미/팬시_상품상세&t_number=2
취미/팬시,3,비스켓스튜디오,비스켓스튜디오 컬러 인덱스 스티커,https://www.oliveyoung.co.kr/store/goods/getGoodsDetail.do?goodsNo=B000000203834&dispCatNo=90000010009&trackingCd=Best_Sellingbest&t_page=랭킹&t_click=판매랭킹_취미/팬시_상품상세&t_number=3
취미/팬시,4,비스켓스튜디오,비스켓스튜디오 모멘트 포스터 (8type),https://www.oliveyoung.co.kr/store/goods/getGoodsDetail.do?goodsNo=B000000203828&dispCatNo=90000010009&trackingCd=Best_Sellingbest&t_page=랭킹&t_click=판매랭킹_취미/팬시_상품상세&t_number=4
취미/팬시,5,비스켓스튜디오,비스켓스튜디오 필름 마스킹테이프 (6type),https://www.oliveyoung.co.kr/store/goods/getGoodsDetail.do?goodsNo=B000000203827&dispCatNo=90000010009&trackingCd=Best_Sellingbest&t_page=랭킹&t_click=판매랭킹_취미/팬시_상품상세&t_number=5
취미/팬시,6,비스켓스튜디오,비스켓스튜디오 뷰파인더 카드 - Iceland (11type),https://www.oliveyoung.co.kr/store/goods/getGoodsDetail.do?goodsNo=B000000203826&dispCatNo=90000010009&trackingCd=Best_Sellingbest&t_page=랭킹&t_click=판매랭킹_취미/팬시_상품상세&t_number=6
취미/팬시,7,비스켓스튜디오,비스켓스튜디오 뷰파인더 카드 - Paris (9type),https://www.oliveyoung.co.kr/store/goods/getGoodsDetail.do?goodsNo=B000000203825&dispCatNo=90000010009&trackingCd=Best_Sellingbest&t_page=랭킹&t_click=판매랭킹_취미/팬시_상품상세&t_number=7
취미/팬시,8,비스켓스튜디오,비스켓스튜디오 뷰파인더 카드 - London (11type),https://www.oliveyoung.co.kr/store/goods/getGoodsDetail.do?goodsNo=B000000203820&dispCatNo=90000010009&trackingCd=Best_Sellingbest&t_page=랭킹&t_click=판매랭킹_취미/팬시_상품상세&t_number=8
취미/팬시,9,비스켓스튜디오,비스켓스튜디오 프레임 카드 (6type),https://www.oliveyoung.co.kr/store/goods/getGoodsDetail.do?goodsNo=B000000203819&dispCatNo=90000010009&trackingCd=Best_Sellingbest&t_page=랭킹&t_click=판매랭킹_취미/팬시_상품상세&t_number=9
취미/팬시,10,비스켓스튜디오,비스켓스튜디오 빈티지 엽서 (6type),https://www.oliveyoung.co.kr/store/goods/getGoodsDetail.do?goodsNo=B000000203818&dispCatNo=90000010009&trackingCd=Best_Sellingbest&t_page=랭킹&t_click=판매랭킹_취미/팬시_상품상세&t_number=10
취미/팬시,11,비스켓스튜디오,비스켓스튜디오 퍼스트 스몰 엽서 (8type),https://www.oliveyoung.co.kr/store/goods/getGoodsDetail.do?goodsNo=B000000203817&dispCatNo=90000010009&trackingCd=Best_Sellingbest&t_page=랭킹&t_click=판매랭킹_취미/팬시_상품상세&t_number=11
취미/팬시,12,비스켓스튜디오,비스켓스튜디오 포토 메모패드 (4type),https://www.oliveyoung.co.kr/store/goods/getGoodsDetail.do?goodsNo=B000000203816&dispCatNo=90000010009&trackingCd=Best_Sellingbest&t_page=랭킹&t_click=판매랭킹_취미/팬시_상품상세&t_number=12
취미/팬시,13,비스켓스튜디오,비스켓스튜디오 스케쥴 메모패드 (4type),https://www.oliveyoung.co.kr/store/goods/getGoodsDetail.do?goodsNo=B000000203815&dispCatNo=90000010009&trackingCd=Best_Sellingbest&t_page=랭킹&t_click=판매랭킹_취미/팬시_상품상세&t_number=13
취미/팬시,14,비스켓스튜디오,비스켓스튜디오 포켓 노트 - Line (6color),https://www.oliveyoung.co.kr/store/goods/getGoodsDetail.do?goodsNo=B000000203814&dispCatNo=90000010009&trackingCd=Best_Sellingbest&t_page=랭킹&t_click=판매랭킹_취미/팬시_상품상세&t_number=14
취미/팬시,15,비스켓스튜디오,비스켓스튜디오 시즌노트 - Grid (9type),https://www.oliveyoung.co.kr/store/goods/getGoodsDetail.do?goodsNo=B000000203813&dispCatNo=90000010009&trackingCd=Best_Sellingbest&t_page=랭킹&t_click=판매랭킹_취미/팬시_상품상세&t_number=15
취미/팬시,16,비스켓스튜디오,비스켓스튜디오 시즌노트 - Diary (4type),https://www.oliveyoung.co.kr/store/goods/getGoodsDetail.do?goodsNo=B000000203812&dispCatNo=90000010009&trackingCd=Best_Sellingbest&t_page=랭킹&t_click=판매랭킹_취미/팬시_상품상세&t_number=16
취미/팬시,17,비스켓스튜디오,비스켓스튜디오 시즌노트 라인노트,https://www.oliveyoung.co.kr/store/goods/getGoodsDetail.do?goodsNo=B000000203810&dispCatNo=90000010009&trackingCd=Best_Sellingbest&t_page=랭킹&t_click=판매랭킹_취미/팬시_상품상세&t_number=17
취미/팬시,18,비스켓스튜디오,비스켓스튜디오 [양장] 시즌노트 - Arendal (2type),https://www.oliveyoung.co.kr/store/goods/getGoodsDetail.do?goodsNo=B000000203809&dispCatNo=90000010009&trackingCd=Best_Sellingbest&t_page=랭킹&t_click=판매랭킹_취미/팬시_상품상세&t_number=18
취미/팬시,19,비스켓스튜디오,비스켓스튜디오 [양장] 시즌노트 - Jeju (2type),https://www.oliveyoung.co.kr/store/goods/getGoodsDetail.do?goodsNo=B000000203808&dispCatNo=90000010009&trackingCd=Best_Sellingbest&t_page=랭킹&t_click=판매랭킹_취미/팬시_상품상세&t_number=19
취미/팬시,20,비스켓스튜디오,비스켓스튜디오 [양장] 프레젠트 다이어리 (6color),https://www.oliveyoung.co.kr/store/goods/getGoodsDetail.do?goodsNo=B000000203774&dispCatNo=90000010009&trackingCd=Best_Sellingbest&t_page=랭킹&t_click=판매랭킹_취미/팬시_상품상세&t_number=20
취미/팬시,21,투모로우바이투게더,투모로우바이투게더 minisode 3: TOMORROW (Weverse Albums ver.) 세트 앨범2종,https://www.oliveyoung.co.kr/store/goods/getGoodsDetail.do?goodsNo=B000000203435&dispCatNo=90000010009&trackingCd=Best_Sellingbest&t_page=랭킹&t_click=판매랭킹_취미/팬시_상품상세&t_number=21
취미/팬시,22,투모로우바이투게더,투모로우바이투게더 minisode 3: TOMORROW 세트 앨범 3종,https://www.oliveyoung.co.kr/store/goods/getGoodsDetail.do?goodsNo=B000000203434&dispCatNo=90000010009&trackingCd=Best_Sellingbest&t_page=랭킹&t_click=판매랭킹_취미/팬시_상품상세&t_number=22
취미/팬시,23,투모로우바이투게더,투모로우바이투게더 minisode 3: TOMORROW (Light Ver.) 세트 앨범5종,https://www.oliveyoung.co.kr/store/goods/getGoodsDetail.do?goodsNo=B000000203433&dispCatNo=90000010009&trackingCd=Best_Sellingbest&t_page=랭킹&t_click=판매랭킹_취미/팬시_상품상세&t_number=23
취미/팬시,24,투모로우바이투게더,투모로우바이투게더 minisode 3: TOMORROW (Weverse Albums ver.),https://www.oliveyoung.co.kr/store/goods/getGoodsDetail.do?goodsNo=B000000203432&dispCatNo=90000010009&trackingCd=Best_Sellingbest&t_page=랭킹&t_click=판매랭킹_취미/팬시_상품상세&t_number=24
취미/팬시,25,투모로우바이투게더,투모로우바이투게더 minisode 3: TOMORROW(Ethereal / Romantic / Promise Ver.),https://www.oliveyoung.co.kr/store/goods/getGoodsDetail.do?goodsNo=B000000203431&dispCatNo=90000010009&trackingCd=Best_Sellingbest&t_page=랭킹&t_click=판매랭킹_취미/팬시_상품상세&t_number=25
취미/팬시,26,투모로우바이투게더,투모로우바이투게더 minisode 3: TOMORROW (Light Ver.),https://www.oliveyoung.co.kr/store/goods/getGoodsDetail.do?goodsNo=B000000203430&dispCatNo=90000010009&trackingCd=Best_Sellingbest&t_page=랭킹&t_click=판매랭킹_취미/팬시_상품상세&t_number=26
취미/팬시,27,윙블링,14k post 글랑 진주 원터치 링귀걸이 (주문제작),https://www.oliveyoung.co.kr/store/goods/getGoodsDetail.do?goodsNo=B000000203232&dispCatNo=90000010009&trackingCd=Best_Sellingbest&t_page=랭킹&t_click=판매랭킹_취미/팬시_상품상세&t_number=27
취미/팬시,28,윙블링,14k post 에리카 진주 원터치 링귀걸이 (주문제작),https://www.oliveyoung.co.kr/store/goods/getGoodsDetail.do?goodsNo=B000000203231&dispCatNo=90000010009&trackingCd=Best_Sellingbest&t_page=랭킹&t_click=판매랭킹_취미/팬시_상품상세&t_number=28
취미/팬시,29,윙블링,14k post 스완 귀걸이 (주문제작),https://www.oliveyoung.co.kr/store/goods/getGoodsDetail.do?goodsNo=B000000203230&dispCatNo=90000010009&trackingCd=Best_Sellingbest&t_page=랭킹&t_click=판매랭킹_취미/팬시_상품상세&t_number=29
취미/팬시,30,윙블링,14k post 델로 진주 원터치 링귀걸이 (주문제작),https://www.oliveyoung.co.kr/store/goods/getGoodsDetail.do?goodsNo=B000000203229&dispCatNo=90000010009&trackingCd=Best_Sellingbest&t_page=랭킹&t_click=판매랭킹_취미/팬시_상품상세&t_number=30
취미/팬시,31,윙블링,14k post 슬리브 원터치 링귀걸이 (주문제작),https://www.oliveyoung.co.kr/store/goods/getGoodsDetail.do?goodsNo=B000000203228&dispCatNo=90000010009&trackingCd=Best_Sellingbest&t_page=랭킹&t_click=판매랭킹_취미/팬시_상품상세&t_number=31
취미/팬시,32,윙블링,14k post 라우드 원터치 링귀걸이 (주문제작),https://www.oliveyoung.co.kr/store/goods/getGoodsDetail.do?goodsNo=B000000203227&dispCatNo=90000010009&trackingCd=Best_Sellingbest&t_page=랭킹&t_click=판매랭킹_취미/팬시_상품상세&t_number=32
취미/팬시,33,윙블링,14k post 루엘 원터치 링귀걸이 (주문제작),https://www.oliveyoung.co.kr/store/goods/getGoodsDetail.do?goodsNo=B000000203226&dispCatNo=90000010009&trackingCd=Best_Sellingbest&t_page=랭킹&t_click=판매랭킹_취미/팬시_상품상세&t_number=33
취미/팬시,34,윙블링,14k post 벨루가 고래꼬리 원터치 링귀걸이 (주문제작),https://www.oliveyoung.co.kr/store/goods/getGoodsDetail.do?goodsNo=B000000203225&dispCatNo=90000010009&trackingCd=Best_Sellingbest&t_page=랭킹&t_click=판매랭킹_취미/팬시_상품상세&t_number=34
취미/팬시,35,오아,오아 셀카프로 짐벌 블루투스 셀카봉 삼각대,https://www.oliveyoung.co.kr/store/goods/getGoodsDetail.do?goodsNo=B000000203032&dispCatNo=90000010009&trackingCd=Best_Sellingbest&t_page=랭킹&t_click=판매랭킹_취미/팬시_상품상세&t_number=35
취미/팬시,36,오아,오아 와이더F2 자동 센서 차량용 핸드폰 고속 무선 충전 거치대,https://www.oliveyoung.co.kr/store/goods/getGoodsDetail.do?goodsNo=B000000203029&dispCatNo=90000010009&trackingCd=Best_Sellingbest&t_page=랭킹&t_click=판매랭킹_취미/팬시_상품상세&t_number=36
취미/팬시,37,루카랩,루카랩 스크랩 더 모먼트 아카이브 6공 만년 다이어리 팩,https://www.oliveyoung.co.kr/store/goods/getGoodsDetail.do?goodsNo=B000000202979&dispCatNo=90000010009&trackingCd=Best_Sellingbest&t_page=랭킹&t_click=판매랭킹_취미/팬시_상품상세&t_number=37
취미/팬시,38,루카랩,루카랩 올 인 데코 라인 스티커팩 6종 세트,https://www.oliveyoung.co.kr/store/goods/getGoodsDetail.do?goodsNo=B000000202976&dispCatNo=90000010009&trackingCd=Best_Sellingbest&t_page=랭킹&t_click=판매랭킹_취미/팬시_상품상세&t_number=38
취미/팬시,39,루카랩,루카랩 케어베어 씰 스티커 9종 지퍼백 세트,https://www.oliveyoung.co.kr/store/goods/getGoodsDetail.do?goodsNo=B000000202973&dispCatNo=90000010009&trackingCd=Best_Sellingbest&t_page=랭킹&t_click=판매랭킹_취미/팬시_상품상세&t_number=39
취미/팬시,40,루카랩,루카랩 케어베어 리무버 스티커 7종 지퍼백 세트,https://www.oliveyoung.co.kr/store/goods/getGoodsDetail.do?goodsNo=B000000202971&dispCatNo=90000010009&trackingCd=Best_Sellingbest&t_page=랭킹&t_click=판매랭킹_취미/팬시_상품상세&t_number=40
취미/팬시,41,루카랩,루카랩 케어베어 포켓 필통 펜슬케이스 (4종 택1),https://www.oliveyoung.co.kr/store/goods/getGoodsDetail.do?goodsNo=B000000202970&dispCatNo=90000010009&trackingCd=Best_Sellingbest&t_page=랭킹&t_click=판매랭킹_취미/팬시_상품상세&t_number=41
취미/팬시,42,루카랩,루카랩 케어베어 플러피 미니 파우치 (4종 택1),https://www.oliveyoung.co.kr/store/goods/getGoodsDetail.do?goodsNo=B000000202968&dispCatNo=90000010009&trackingCd=Best_Sellingbest&t_page=랭킹&t_click=판매랭킹_취미/팬시_상품상세&t_number=42
취미/팬시,43,루카랩,루카랩 A5 육공 리필 속지 먼슬리 Vol.2,https://www.oliveyoung.co.kr/store/goods/getGoodsDetail.do?goodsNo=B000000202967&dispCatNo=90000010009&trackingCd=Best_Sellingbest&t_page=랭킹&t_click=판매랭킹_취미/팬시_상품상세&t_number=43
취미/팬시,44,루카랩,루카랩 A5 육공 리필 속지 위클리 Vol.2,https://www.oliveyoung.co.kr/store/goods/getGoodsDetail.do?goodsNo=B000000202966&dispCatNo=90000010009&trackingCd=Best_Sellingbest&t_page=랭킹&t_click=판매랭킹_취미/팬시_상품상세&t_number=44
취미/팬시,45,루카랩,루카랩 A5 육공 리필 무지 노트,https://www.oliveyoung.co.kr/store/goods/getGoodsDetail.do?goodsNo=B000000202965&dispCatNo=90000010009&trackingCd=Best_Sellingbest&t_page=랭킹&t_click=판매랭킹_취미/팬시_상품상세&t_number=45
취미/팬시,46,루카랩,루카랩 A5 육공 리필 점보 모눈 노트,https://www.oliveyoung.co.kr/store/goods/getGoodsDetail.do?goodsNo=B000000202955&dispCatNo=90000010009&trackingCd=Best_Sellingbest&t_page=랭킹&t_click=판매랭킹_취미/팬시_상품상세&t_number=46
취미/팬시,47,루카랩,루카랩 A5 이형지 리필속지,https://www.oliveyoung.co.kr/store/goods/getGoodsDetail.do?goodsNo=B000000202954&dispCatNo=90000010009&trackingCd=Best_Sellingbest&t_page=랭킹&t_click=판매랭킹_취미/팬시_상품상세&t_number=47
취미/팬시,48,메이드모먼,[mm] 베이직 디자인 [맥세이프 보조배터리],https://www.oliveyoung.co.kr/store/goods/getGoodsDetail.do?goodsNo=B000000202892&dispCatNo=90000010009&trackingCd=Best_Sellingbest&t_page=랭킹&t_click=판매랭킹_취미/팬시_상품상세&t_number=48
취미/팬시,49,메이드모먼,collage beach 디자인 [맥세이프 보조배터리],https://www.oliveyoung.co.kr/store/goods/getGoodsDetail.do?goodsNo=B000000202891&dispCatNo=90000010009&trackingCd=Best_Sellingbest&t_page=랭킹&t_click=판매랭킹_취미/팬시_상품상세&t_number=49
취미/팬시,50,메이드모먼,collage garden 디자인 [맥세이프 보조배터리],https://www.oliveyoung.co.kr/store/goods/getGoodsDetail.do?goodsNo=B000000202890&dispCatNo=90000010009&trackingCd=Best_Sellingbest&t_page=랭킹&t_click=판매랭킹_취미/팬시_상품상세&t_number=50
취미/팬시,51,메이드모먼,collage holiday 디자인 [맥세이프 보조배터리],https://www.oliveyoung.co.kr/store/goods/getGoodsDetail.do?goodsNo=B000000202889&dispCatNo=90000010009&trackingCd=Best_Sellingbest&t_page=랭킹&t_click=판매랭킹_취미/팬시_상품상세&t_number=51
취미/팬시,52,메이드모먼,collage hotel 디자인 [맥세이프 보조배터리],https://www.oliveyoung.co.kr/store/goods/getGoodsDetail.do?goodsNo=B000000202888&dispCatNo=90000010009&trackingCd=Best_Sellingbest&t_page=랭킹&t_click=판매랭킹_취미/팬시_상품상세&t_number=52
취미/팬시,53,메이드모먼,collage vintage store 디자인 [맥세이프 보조배터리],https://www.oliveyoung.co.kr/store/goods/getGoodsDetail.do?goodsNo=B000000202887&dispCatNo=90000010009&trackingCd=Best_Sellingbest&t_page=랭킹&t_click=판매랭킹_취미/팬시_상품상세&t_number=53
취미/팬시,54,메이드모먼,fluffy bunnies 디자인 [맥세이프 보조배터리],https://www.oliveyoung.co.kr/store/goods/getGoodsDetail.do?goodsNo=B000000202886&dispCatNo=90000010009&trackingCd=Best_Sellingbest&t_page=랭킹&t_click=판매랭킹_취미/팬시_상품상세&t_number=54
취미/팬시,55,메이드모먼,full bloom 디자인 [맥세이프 보조배터리],https://www.oliveyoung.co.kr/store/goods/getGoodsDetail.do?goodsNo=B000000202885&dispCatNo=90000010009&trackingCd=Best_Sellingbest&t_page=랭킹&t_click=판매랭킹_취미/팬시_상품상세&t_number=55
취미/팬시,56,메이드모먼,heart teddy pattern 디자인 [맥세이프 보조배터리],https://www.oliveyoung.co.kr/store/goods/getGoodsDetail.do?goodsNo=B000000202884&dispCatNo=90000010009&trackingCd=Best_Sellingbest&t_page=랭킹&t_click=판매랭킹_취미/팬시_상품상세&t_number=56
취미/팬시,57,메이드모먼,hug love 레터링 디자인 [맥세이프 보조배터리],https://www.oliveyoung.co.kr/store/goods/getGoodsDetail.do?goodsNo=B000000202883&dispCatNo=90000010009&trackingCd=Best_Sellingbest&t_page=랭킹&t_click=판매랭킹_취미/팬시_상품상세&t_number=57
취미/팬시,58,메이드모먼,lazy cat 디자인 [맥세이프 보조배터리],https://www.oliveyoung.co.kr/store/goods/getGoodsDetail.do?goodsNo=B000000202882&dispCatNo=90000010009&trackingCd=Best_Sellingbest&t_page=랭킹&t_click=판매랭킹_취미/팬시_상품상세&t_number=58
취미/팬시,59,메이드모먼,nostalgia sticker 디자인 [맥세이프 보조배터리],https://www.oliveyoung.co.kr/store/goods/getGoodsDetail.do?goodsNo=B000000202881&dispCatNo=90000010009&trackingCd=Best_Sellingbest&t_page=랭킹&t_click=판매랭킹_취미/팬시_상품상세&t_number=59
취미/팬시,60,메이드모먼,own romantic ribbon 디자인 [맥세이프 보조배터리],https://www.oliveyoung.co.kr/store/goods/getGoodsDetail.do?goodsNo=B000000202871&dispCatNo=90000010009&trackingCd=Best_Sellingbest&t_page=랭킹&t_click=판매랭킹_취미/팬시_상품상세&t_number=60
취미/팬시,61,메이드모먼,pattern teddy souvenir pendant 디자인 [맥세이프 보조배터리],https://www.oliveyoung.co.kr/store/goods/getGoodsDetail.do?goodsNo=B000000202865&dispCatNo=90000010009&trackingCd=Best_Sellingbest&t_page=랭킹&t_click=판매랭킹_취미/팬시_상품상세&t_number=61
취미/팬시,62,메이드모먼,pray for you 토끼 디자인 [맥세이프 보조배터리],https://www.oliveyoung.co.kr/store/goods/getGoodsDetail.do?goodsNo=B000000202862&dispCatNo=90000010009&trackingCd=Best_Sellingbest&t_page=랭킹&t_click=판매랭킹_취미/팬시_상품상세&t_number=62
취미/팬시,63,메이드모먼,pure love 디자인 [맥세이프 보조배터리],https://www.oliveyoung.co.kr/store/goods/getGoodsDetail.do?goodsNo=B000000202860&dispCatNo=90000010009&trackingCd=Best_Sellingbest&t_page=랭킹&t_click=판매랭킹_취미/팬시_상품상세&t_number=63
취미/팬시,64,메이드모먼,sweet up 레터링 디자인 [맥세이프 보조배터리],https://www.oliveyoung.co.kr/store/goods/getGoodsDetail.do?goodsNo=B000000202858&dispCatNo=90000010009&trackingCd=Best_Sellingbest&t_page=랭킹&t_click=판매랭킹_취미/팬시_상품상세&t_number=64
취미/팬시,65,메이드모먼,taste sweet 디자인 [맥세이프 보조배터리],https://www.oliveyoung.co.kr/store/goods/getGoodsDetail.do?goodsNo=B000000202856&dispCatNo=90000010009&trackingCd=Best_Sellingbest&t_page=랭킹&t_click=판매랭킹_취미/팬시_상품상세&t_number=65
취미/팬시,66,메이드모먼,멜로디 버티 디자인 [맥세이프 보조배터리],https://www.oliveyoung.co.kr/store/goods/getGoodsDetail.do?goodsNo=B000000202854&dispCatNo=90000010009&trackingCd=Best_Sellingbest&t_page=랭킹&t_click=판매랭킹_취미/팬시_상품상세&t_number=66
취미/팬시,67,메이드모먼,모어댄썸머 디자인 [맥세이프 보조배터리],https://www.oliveyoung.co.kr/store/goods/getGoodsDetail.do?goodsNo=B000000202852&dispCatNo=90000010009&trackingCd=Best_Sellingbest&t_page=랭킹&t_click=판매랭킹_취미/팬시_상품상세&t_number=67
취미/팬시,68,메이드모먼,오션팝 디자인 [맥세이프 보조배터리],https://www.oliveyoung.co.kr/store/goods/getGoodsDetail.do?goodsNo=B000000202850&dispCatNo=90000010009&trackingCd=Best_Sellingbest&t_page=랭킹&t_click=판매랭킹_취미/팬시_상품상세&t_number=68
취미/팬시,69,메이드모먼,big knit bear 디자인 [맥세이프 보조배터리],https://www.oliveyoung.co.kr/store/goods/getGoodsDetail.do?goodsNo=B000000202848&dispCatNo=90000010009&trackingCd=Best_Sellingbest&t_page=랭킹&t_click=판매랭킹_취미/팬시_상품상세&t_number=69
취미/팬시,70,메이드모먼,collage shiny holiday 디자인 [맥세이프 보조배터리],https://www.oliveyoung.co.kr/store/goods/getGoodsDetail.do?goodsNo=B000000202846&dispCatNo=90000010009&trackingCd=Best_Sellingbest&t_page=랭킹&t_click=판매랭킹_취미/팬시_상품상세&t_number=70
취미/팬시,71,메이드모먼,collage white snow 디자인 [맥세이프 보조배터리],https://www.oliveyoung.co.kr/store/goods/getGoodsDetail.do?goodsNo=B000000202844&dispCatNo=90000010009&trackingCd=Best_Sellingbest&t_page=랭킹&t_click=판매랭킹_취미/팬시_상품상세&t_number=71
취미/팬시,72,메이드모먼,fluffy heart snow 디자인 [맥세이프 보조배터리],https://www.oliveyoung.co.kr/store/goods/getGoodsDetail.do?goodsNo=B000000202843&dispCatNo=90000010009&trackingCd=Best_Sellingbest&t_page=랭킹&t_click=판매랭킹_취미/팬시_상품상세&t_number=72
취미/팬시,73,메이드모먼,house checkerboard 디자인 [맥세이프 보조배터리],https://www.oliveyoung.co.kr/store/goods/getGoodsDetail.do?goodsNo=B000000202842&dispCatNo=90000010009&trackingCd=Best_Sellingbest&t_page=랭킹&t_click=판매랭킹_취미/팬시_상품상세&t_number=73
취미/팬시,74,메이드모먼,keep warm mittens 디자인 [맥세이프 보조배터리],https://www.oliveyoung.co.kr/store/goods/getGoodsDetail.do?goodsNo=B000000202841&dispCatNo=90000010009&trackingCd=Best_Sellingbest&t_page=랭킹&t_click=판매랭킹_취미/팬시_상품상세&t_number=74
취미/팬시,75,메이드모먼,love the scents 레터링 디자인 [맥세이프 보조배터리],https://www.oliveyoung.co.kr/store/goods/getGoodsDetail.do?goodsNo=B000000202840&dispCatNo=90000010009&trackingCd=Best_Sellingbest&t_page=랭킹&t_click=판매랭킹_취미/팬시_상품상세&t_number=75
취미/팬시,76,메이드모먼,my fluffy collection 디자인 [맥세이프 보조배터리],https://www.oliveyoung.co.kr/store/goods/getGoodsDetail.do?goodsNo=B000000202839&dispCatNo=90000010009&trackingCd=Best_Sellingbest&t_page=랭킹&t_click=판매랭킹_취미/팬시_상품상세&t_number=76
취미/팬시,77,메이드모먼,pattern sweet some teddy 디자인 [맥세이프 보조배터리],https://www.oliveyoung.co.kr/store/goods/getGoodsDetail.do?goodsNo=B000000202838&dispCatNo=90000010009&trackingCd=Best_Sellingbest&t_page=랭킹&t_click=판매랭킹_취미/팬시_상품상세&t_number=77
취미/팬시,78,메이드모먼,pattern winter fluffy teddy 디자인 [맥세이프 보조배터리],https://www.oliveyoung.co.kr/store/goods/getGoodsDetail.do?goodsNo=B000000202837&dispCatNo=90000010009&trackingCd=Best_Sellingbest&t_page=랭킹&t_click=판매랭킹_취미/팬시_상품상세&t_number=78
취미/팬시,79,메이드모먼,vintage seasons greetings 디자인 [맥세이프 보조배터리],https://www.oliveyoung.co.kr/store/goods/getGoodsDetail.do?goodsNo=B000000202836&dispCatNo=90000010009&trackingCd=Best_Sellingbest&t_page=랭킹&t_click=판매랭킹_취미/팬시_상품상세&t_number=79
취미/팬시,80,메이드모먼,winter collection 디자인 [맥세이프 보조배터리],https://www.oliveyoung.co.kr/store/goods/getGoodsDetail.do?goodsNo=B000000202835&dispCatNo=90000010009&trackingCd=Best_Sellingbest&t_page=랭킹&t_click=판매랭킹_취미/팬시_상품상세&t_number=80
취미/팬시,81,메이드모먼,your cupid 레터링 디자인 [맥세이프 보조배터리],https://www.oliveyoung.co.kr/store/goods/getGoodsDetail.do?goodsNo=B000000202834&dispCatNo=90000010009&trackingCd=Best_Sellingbest&t_page=랭킹&t_click=판매랭킹_취미/팬시_상품상세&t_number=81
취미/팬시,82,메이드모먼,grow a garden 디자인 [맥세이프 보조배터리],https://www.oliveyoung.co.kr/store/goods/getGoodsDetail.do?goodsNo=B000000202833&dispCatNo=90000010009&trackingCd=Best_Sellingbest&t_page=랭킹&t_click=판매랭킹_취미/팬시_상품상세&t_number=82
취미/팬시,83,메이드모먼,coloring blue 디자인 [맥세이프 보조배터리],https://www.oliveyoung.co.kr/store/goods/getGoodsDetail.do?goodsNo=B000000202832&dispCatNo=90000010009&trackingCd=Best_Sellingbest&t_page=랭킹&t_click=판매랭킹_취미/팬시_상품상세&t_number=83
취미/팬시,84,메이드모먼,coloring green 디자인 [맥세이프 보조배터리],https://www.oliveyoung.co.kr/store/goods/getGoodsDetail.do?goodsNo=B000000202831&dispCatNo=90000010009&trackingCd=Best_Sellingbest&t_page=랭킹&t_click=판매랭킹_취미/팬시_상품상세&t_number=84
취미/팬시,85,메이드모먼,coloring pink 디자인 [맥세이프 보조배터리],https://www.oliveyoung.co.kr/store/goods/getGoodsDetail.do?goodsNo=B000000202830&dispCatNo=90000010009&trackingCd=Best_Sellingbest&t_page=랭킹&t_click=판매랭킹_취미/팬시_상품상세&t_number=85
취미/팬시,86,메이드모먼,coloring yellow 디자인 [맥세이프 보조배터리],https://www.oliveyoung.co.kr/store/goods/getGoodsDetail.do?goodsNo=B000000202829&dispCatNo=90000010009&trackingCd=Best_Sellingbest&t_page=랭킹&t_click=판매랭킹_취미/팬시_상품상세&t_number=86
취미/팬시,87,메이드모먼,dreamy floral collage 디자인 [맥세이프 보조배터리],https://www.oliveyoung.co.kr/store/goods/getGoodsDetail.do?goodsNo=B000000202828&dispCatNo=90000010009&trackingCd=Best_Sellingbest&t_page=랭킹&t_click=판매랭킹_취미/팬시_상품상세&t_number=87
취미/팬시,88,메이드모먼,dreamy pond splash 디자인 [맥세이프 보조배터리],https://www.oliveyoung.co.kr/store/goods/getGoodsDetail.do?goodsNo=B000000202827&dispCatNo=90000010009&trackingCd=Best_Sellingbest&t_page=랭킹&t_click=판매랭킹_취미/팬시_상품상세&t_number=88
취미/팬시,89,메이드모먼,floral garden collage 디자인 [맥세이프 보조배터리],https://www.oliveyoung.co.kr/store/goods/getGoodsDetail.do?goodsNo=B000000202826&dispCatNo=90000010009&trackingCd=Best_Sellingbest&t_page=랭킹&t_click=판매랭킹_취미/팬시_상품상세&t_number=89
취미/팬시,90,메이드모먼,happy weekend 디자인 [맥세이프 보조배터리],https://www.oliveyoung.co.kr/store/goods/getGoodsDetail.do?goodsNo=B000000202825&dispCatNo=90000010009&trackingCd=Best_Sellingbest&t_page=랭킹&t_click=판매랭킹_취미/팬시_상품상세&t_number=90
취미/팬시,91,메이드모먼,spring moments sticker 디자인 [맥세이프 보조배터리],https://www.oliveyoung.co.kr/store/goods/getGoodsDetail.do?goodsNo=B000000202824&dispCatNo=90000010009&trackingCd=Best_Sellingbest&t_page=랭킹&t_click=판매랭킹_취미/팬시_상품상세&t_number=91
취미/팬시,92,메이드모먼,spring of love 디자인 [맥세이프 보조배터리],https://www.oliveyoung.co.kr/store/goods/getGoodsDetail.do?goodsNo=B000000202823&dispCatNo=90000010009&trackingCd=Best_Sellingbest&t_page=랭킹&t_click=판매랭킹_취미/팬시_상품상세&t_number=92
취미/팬시,93,더나인몰,puppy collage 맥세이프 보조배터리 5000 아이폰 무선 충전,https://www.oliveyoung.co.kr/store/goods/getGoodsDetail.do?goodsNo=B000000202822&dispCatNo=90000010009&trackingCd=Best_Sellingbest&t_page=랭킹&t_click=판매랭킹_취미/팬시_상품상세&t_number=93
취미/팬시,94,더나인몰,패턴 스트로베리 뽀꾸 맥세이프 보조배터리 5000 아이폰 무선 충전,https://www.oliveyoung.co.kr/store/goods/getGoodsDetail.do?goodsNo=B000000202821&dispCatNo=90000010009&trackingCd=Best_Sellingbest&t_page=랭킹&t_click=판매랭킹_취미/팬시_상품상세&t_number=94
취미/팬시,95,더나인몰,student puppy 맥세이프 보조배터리 5000 아이폰 무선 충전,https://www.oliveyoung.co.kr/store/goods/getGoodsDetail.do?goodsNo=B000000202820&dispCatNo=90000010009&trackingCd=Best_Sellingbest&t_page=랭킹&t_click=판매랭킹_취미/팬시_상품상세&t_number=95
취미/팬시,96,더나인몰,pixel farmer gummy 맥세이프 보조배터리 5000 아이폰 무선 충전,https://www.oliveyoung.co.kr/store/goods/getGoodsDetail.do?goodsNo=B000000202819&dispCatNo=90000010009&trackingCd=Best_Sellingbest&t_page=랭킹&t_click=판매랭킹_취미/팬시_상품상세&t_number=96
취미/팬시,97,더나인몰,pattern hug puppy 맥세이프 보조배터리 5000 아이폰 무선 충전,https://www.oliveyoung.co.kr/store/goods/getGoodsDetail.do?goodsNo=B000000202818&dispCatNo=90000010009&trackingCd=Best_Sellingbest&t_page=랭킹&t_click=판매랭킹_취미/팬시_상품상세&t_number=97
취미/팬시,98,더나인몰,pattern hey tiger gym 맥세이프 보조배터리 5000 아이폰 무선 충전,https://www.oliveyoung.co.kr/store/goods/getGoodsDetail.do?goodsNo=B000000202817&dispCatNo=90000010009&trackingCd=Best_Sellingbest&t_page=랭킹&t_click=판매랭킹_취미/팬시_상품상세&t_number=98
취미/팬시,99,더나인몰,pattern gummy financier 맥세이프 보조배터리 5000 아이폰 무선 충전,https://www.oliveyoung.co.kr/store/goods/getGoodsDetail.do?goodsNo=B000000202816&dispCatNo=90000010009&trackingCd=Best_Sellingbest&t_page=랭킹&t_click=판매랭킹_취미/팬시_상품상세&t_number=99
취미/팬시,100,더나인몰,pattern bad raptor 맥세이프 보조배터리 5000 아이폰 무선 충전,https://www.oliveyoung.co.kr/store/goods/getGoodsDetail.do?goodsNo=B000000202815&dispCatNo=90000010009&trackingCd=Best_Sellingbest&t_page=랭킹&t_click=판매랭킹_취미/팬시_상품상세&t_number=100
