랭킹 카테고리,순위,브랜드명,상품명,링크
전체,1,VT,[6/1 하루특가/아랑Pick] VT 리들샷 100 에센스 50ml 기획/단품,https://www.oliveyoung.co.kr/store/goods/getGoodsDetail.do?goodsNo=A000000183731&dispCatNo=90000010009&trackingCd=Best_Sellingbest&t_page=랭킹&t_click=판매랭킹_전체_상품상세&t_number=1
전체,2,메디힐,[한정기획] 메디힐 패드 100매+100매(+10매) 더블기획 6종 택1,https://www.oliveyoung.co.kr/store/goods/getGoodsDetail.do?goodsNo=A000000205482&dispCatNo=90000010009&trackingCd=Best_Sellingbest&t_page=랭킹&t_click=판매랭킹_전체_상품상세&t_number=2
전체,3,퓌,[100개 특가/6월한정] 퓌 립앤치크 블러리 푸딩팟 증정 기획(+팬던트키링),https://www.oliveyoung.co.kr/store/goods/getGoodsDetail.do?goodsNo=A000000205905&dispCatNo=90000010009&trackingCd=Best_Sellingbest&t_page=랭킹&t_click=판매랭킹_전체_상품상세&t_number=3
전체,4,메디힐,[6년연속1위] 메디힐 에센셜 마스크팩 1매 6종 택1,https://www.oliveyoung.co.kr/store/goods/getGoodsDetail.do?goodsNo=A000000160659&dispCatNo=90000010009&trackingCd=Best_Sellingbest&t_page=랭킹&t_click=판매랭킹_전체_상품상세&t_number=4
전체,5,헤라,[100개 특가/ 한정기획]헤라 블랙 쿠션 파운데이션 (본품 15g+리필 15g+미니쿠션5g+하이라이터),https://www.oliveyoung.co.kr/store/goods/getGoodsDetail.do?goodsNo=A000000202777&dispCatNo=90000010009&trackingCd=Best_Sellingbest&t_page=랭킹&t_click=판매랭킹_전체_상품상세&t_number=5
전체,6,아누아,[6/1 하루특가][리필기획] 아누아 어성초 77 클리어패드 리필 기획 (70+70매 리필),https://www.oliveyoung.co.kr/store/goods/getGoodsDetail.do?goodsNo=A000000162249&dispCatNo=90000010009&trackingCd=Best_Sellingbest&t_page=랭킹&t_click=판매랭킹_전체_상품상세&t_number=6
전체,7,오쏘몰,[6/1 하루특가] 오쏘몰 이뮨 멀티비타민&미네랄 14입+2입(오쏘몰 바이탈 M/F 증정기획),https://www.oliveyoung.co.kr/store/goods/getGoodsDetail.do?goodsNo=A000000193086&dispCatNo=90000010009&trackingCd=Best_Sellingbest&t_page=랭킹&t_click=판매랭킹_전체_상품상세&t_number=7
전체,8,스킨푸드,[100개특가/총90매]스킨푸드 캐롯 카로틴 카밍 워터 패드 기획 (60매+30매+캐롯시트 2매 증정),https://www.oliveyoung.co.kr/store/goods/getGoodsDetail.do?goodsNo=A000000204929&dispCatNo=90000010009&trackingCd=Best_Sellingbest&t_page=랭킹&t_click=판매랭킹_전체_상품상세&t_number=8
전체,9,아누아,[6/1 하루특가] 아누아 어성초 포어 컨트롤 클렌징오일 200ml 더블 기획,https://www.oliveyoung.co.kr/store/goods/getGoodsDetail.do?goodsNo=A000000205555&dispCatNo=90000010009&trackingCd=Best_Sellingbest&t_page=랭킹&t_click=판매랭킹_전체_상품상세&t_number=9
전체,10,어노브,[헤어케어 1위] 어노브 대용량 딥 데미지 트리트먼트 EX 더블/듀오 기획 4종 택1(텐더블룸/웜페탈),https://www.oliveyoung.co.kr/store/goods/getGoodsDetail.do?goodsNo=A000000171423&dispCatNo=90000010009&trackingCd=Best_Sellingbest&t_page=랭킹&t_click=판매랭킹_전체_상품상세&t_number=10
전체,11,닥터지,[1+1+증정]닥터지 레드 블레미쉬 바쿠치올 포어젯 세럼 30ml 리필 기획 (+크림 10ml),https://www.oliveyoung.co.kr/store/goods/getGoodsDetail.do?goodsNo=A000000205086&dispCatNo=90000010009&trackingCd=Best_Sellingbest&t_page=랭킹&t_click=판매랭킹_전체_상품상세&t_number=11
전체,12,성분에디터,[6/1 하루특가] 성분에디터 그린토마토 모공앰플 30ml 1+1+1 트리플기획,https://www.oliveyoung.co.kr/store/goods/getGoodsDetail.do?goodsNo=A000000204781&dispCatNo=90000010009&trackingCd=Best_Sellingbest&t_page=랭킹&t_click=판매랭킹_전체_상품상세&t_number=12
전체,13,웰라쥬,[형원PICK] 웰라쥬 리얼 히알루로닉 블루 100 앰플 75ml 1+1 기획,https://www.oliveyoung.co.kr/store/goods/getGoodsDetail.do?goodsNo=A000000162035&dispCatNo=90000010009&trackingCd=Best_Sellingbest&t_page=랭킹&t_click=판매랭킹_전체_상품상세&t_number=13
전체,14,바이오더마,[100개 특가/아일릿 원희PICK]바이오더마 센시비오 H2O 500ml 더블 기획 (+대왕 화장솜 10매),https://www.oliveyoung.co.kr/store/goods/getGoodsDetail.do?goodsNo=A000000205166&dispCatNo=90000010009&trackingCd=Best_Sellingbest&t_page=랭킹&t_click=판매랭킹_전체_상품상세&t_number=14
전체,15,구달,[100개특가/한정기획] 구달 청귤 비타C 잡티케어 세럼 30ml+31ml 리필 기획,https://www.oliveyoung.co.kr/store/goods/getGoodsDetail.do?goodsNo=A000000180462&dispCatNo=90000010009&trackingCd=Best_Sellingbest&t_page=랭킹&t_click=판매랭킹_전체_상품상세&t_number=15
전체,16,피지오겔,[6/1 하루특가] 피지오겔 DMT 페이셜 보습크림 150ml + DMT 마스크팩 1매 증정 기획,https://www.oliveyoung.co.kr/store/goods/getGoodsDetail.do?goodsNo=A000000205785&dispCatNo=90000010009&trackingCd=Best_Sellingbest&t_page=랭킹&t_click=판매랭킹_전체_상품상세&t_number=16
전체,17,토리든,[6월 올영픽/단독기획] 토리든 다이브인 저분자 히알루론산 세럼 50ml 리필기획(+리필팩 50ml),https://www.oliveyoung.co.kr/store/goods/getGoodsDetail.do?goodsNo=A000000189261&dispCatNo=90000010009&trackingCd=Best_Sellingbest&t_page=랭킹&t_click=판매랭킹_전체_상품상세&t_number=17
전체,18,구달,[고윤정PICK/1+1 기획] 구달 맑은 어성초 진정 수분 선크림 50ml+50ml 기획,https://www.oliveyoung.co.kr/store/goods/getGoodsDetail.do?goodsNo=A000000198527&dispCatNo=90000010009&trackingCd=Best_Sellingbest&t_page=랭킹&t_click=판매랭킹_전체_상품상세&t_number=18
전체,19,달바,[48%][6월 올영픽/올인원케어] 달바 화이트 트러플 퍼스트 스프레이 세럼 100ml + 100ml 기획세트,https://www.oliveyoung.co.kr/store/goods/getGoodsDetail.do?goodsNo=A000000179685&dispCatNo=90000010009&trackingCd=Best_Sellingbest&t_page=랭킹&t_click=판매랭킹_전체_상품상세&t_number=19
전체,20,닥터지,[1+1/굿즈증정]닥터지 레드 블레미쉬 클리어 수딩 크림 70ml 1+1 기획,https://www.oliveyoung.co.kr/store/goods/getGoodsDetail.do?goodsNo=A000000205085&dispCatNo=90000010009&trackingCd=Best_Sellingbest&t_page=랭킹&t_click=판매랭킹_전체_상품상세&t_number=20
전체,21,마녀공장,[3년연속1위] 마녀공장 퓨어 클렌징 오일 300ml +25mlx2 한정 기획,https://www.oliveyoung.co.kr/store/goods/getGoodsDetail.do?goodsNo=A000000199588&dispCatNo=90000010009&trackingCd=Best_Sellingbest&t_page=랭킹&t_click=판매랭킹_전체_상품상세&t_number=21
전체,22,딘토,[6/1 하루특가/단독선런칭] 딘토 블러글로이 립 틴트 30 colors (실버예은 PICK),https://www.oliveyoung.co.kr/store/goods/getGoodsDetail.do?goodsNo=A000000201123&dispCatNo=90000010009&trackingCd=Best_Sellingbest&t_page=랭킹&t_click=판매랭킹_전체_상품상세&t_number=22
전체,23,딜라이트 프로젝트,딜라이트 프로젝트 베이글칩 6종 택1,https://www.oliveyoung.co.kr/store/goods/getGoodsDetail.do?goodsNo=A000000147779&dispCatNo=90000010009&trackingCd=Best_Sellingbest&t_page=랭킹&t_click=판매랭킹_전체_상품상세&t_number=23
전체,24,푸드올로지,[택연PICK]맨올로지컷 1100mg*60정(10일분),https://www.oliveyoung.co.kr/store/goods/getGoodsDetail.do?goodsNo=A000000170107&dispCatNo=90000010009&trackingCd=Best_Sellingbest&t_page=랭킹&t_click=판매랭킹_전체_상품상세&t_number=24
전체,25,라운드랩,[6월 올영픽] 라운드랩 자작나무 수분 선크림 50ml 1+1 기획 (+20ml),https://www.oliveyoung.co.kr/store/goods/getGoodsDetail.do?goodsNo=A000000205091&dispCatNo=90000010009&trackingCd=Best_Sellingbest&t_page=랭킹&t_click=판매랭킹_전체_상품상세&t_number=25
전체,26,달바,[30시간 핑크광채] 달바 워터풀 핑크 톤업 선크림 듀오 기획 (50ml+50ml),https://www.oliveyoung.co.kr/store/goods/getGoodsDetail.do?goodsNo=A000000180237&dispCatNo=90000010009&trackingCd=Best_Sellingbest&t_page=랭킹&t_click=판매랭킹_전체_상품상세&t_number=26
전체,27,라엘,[1+1] 라엘 유기농순면커버 생리대 6종 택1,https://www.oliveyoung.co.kr/store/goods/getGoodsDetail.do?goodsNo=A000000131345&dispCatNo=90000010009&trackingCd=Best_Sellingbest&t_page=랭킹&t_click=판매랭킹_전체_상품상세&t_number=27
전체,28,네이밍,[단독][지냐 공동개발] 네이밍 제로 그래비티 커버 핏 쿠션 기획 (본품+리필),https://www.oliveyoung.co.kr/store/goods/getGoodsDetail.do?goodsNo=A000000206187&dispCatNo=90000010009&trackingCd=Best_Sellingbest&t_page=랭킹&t_click=판매랭킹_전체_상품상세&t_number=28
전체,29,라로슈포제,[100개특가] 라로슈포제 시카플라스트 밤B5+ 100ml 기획 (+시카크림 15ml 증정),https://www.oliveyoung.co.kr/store/goods/getGoodsDetail.do?goodsNo=A000000205173&dispCatNo=90000010009&trackingCd=Best_Sellingbest&t_page=랭킹&t_click=판매랭킹_전체_상품상세&t_number=29
전체,30,투쿨포스쿨,[6/1 하루특가/애교살 메이커] 투쿨포스쿨 프로타주 펜슬 단품/기획 (아이글리츠 증정),https://www.oliveyoung.co.kr/store/goods/getGoodsDetail.do?goodsNo=A000000120656&dispCatNo=90000010009&trackingCd=Best_Sellingbest&t_page=랭킹&t_click=판매랭킹_전체_상품상세&t_number=30
전체,31,쉬크,[6/1 하루특가] 쉬크 인튜이션 버라이어티 기획 4종 택1 (기+날4입),https://www.oliveyoung.co.kr/store/goods/getGoodsDetail.do?goodsNo=A000000180360&dispCatNo=90000010009&trackingCd=Best_Sellingbest&t_page=랭킹&t_click=판매랭킹_전체_상품상세&t_number=31
전체,32,파티온,[대용량] 파티온 노스카나인 트러블 세럼 단독 기획 (50ml+15ml),https://www.oliveyoung.co.kr/store/goods/getGoodsDetail.do?goodsNo=A000000175878&dispCatNo=90000010009&trackingCd=Best_Sellingbest&t_page=랭킹&t_click=판매랭킹_전체_상품상세&t_number=32
전체,33,메디힐,[6년연속1위] 메디힐 에센셜 마스크팩 10매 6종 택1,https://www.oliveyoung.co.kr/store/goods/getGoodsDetail.do?goodsNo=A000000160736&dispCatNo=90000010009&trackingCd=Best_Sellingbest&t_page=랭킹&t_click=판매랭킹_전체_상품상세&t_number=33
전체,34,정샘물,[이효리PICK] 정샘물 에센셜 스킨 누더 쿠션 (본품+리필),https://www.oliveyoung.co.kr/store/goods/getGoodsDetail.do?goodsNo=A000000139063&dispCatNo=90000010009&trackingCd=Best_Sellingbest&t_page=랭킹&t_click=판매랭킹_전체_상품상세&t_number=34
전체,35,에스트라,에스트라 아토베리어365 크림 80ml 기획 (+하이드로에센스 25ml+리제덤세럼 7ml),https://www.oliveyoung.co.kr/store/goods/getGoodsDetail.do?goodsNo=A000000200642&dispCatNo=90000010009&trackingCd=Best_Sellingbest&t_page=랭킹&t_click=판매랭킹_전체_상품상세&t_number=35
전체,36,브링그린,[6/1 하루특가]브링그린 티트리시카수딩크림플러스 더블한정기획(+토너250)(배스킨콜라보),https://www.oliveyoung.co.kr/store/goods/getGoodsDetail.do?goodsNo=A000000205156&dispCatNo=90000010009&trackingCd=Best_Sellingbest&t_page=랭킹&t_click=판매랭킹_전체_상품상세&t_number=36
전체,37,라운드랩,[100개특가/후니언PICK] 라운드랩 소나무 진정 시카 앰플 30ml 더블기획 (+크림 50ml),https://www.oliveyoung.co.kr/store/goods/getGoodsDetail.do?goodsNo=A000000205219&dispCatNo=90000010009&trackingCd=Best_Sellingbest&t_page=랭킹&t_click=판매랭킹_전체_상품상세&t_number=37
전체,38,넘버즈인,[10매] 넘버즈인 1번~5번 마스크팩 10매 기획 5종 중 택 1,https://www.oliveyoung.co.kr/store/goods/getGoodsDetail.do?goodsNo=A000000205979&dispCatNo=90000010009&trackingCd=Best_Sellingbest&t_page=랭킹&t_click=판매랭킹_전체_상품상세&t_number=38
전체,39,클리오,[6/1 하루특가/리필+코숏키링 증정] 클리오 킬커버 스킨 픽서 쿠션 기획/단품,https://www.oliveyoung.co.kr/store/goods/getGoodsDetail.do?goodsNo=A000000198200&dispCatNo=90000010009&trackingCd=Best_Sellingbest&t_page=랭킹&t_click=판매랭킹_전체_상품상세&t_number=39
전체,40,어반디케이,[6월 올영PICK] 어반디케이 올나이터 세팅 픽서 올리브영 1+1 단독 기획,https://www.oliveyoung.co.kr/store/goods/getGoodsDetail.do?goodsNo=A000000152195&dispCatNo=90000010009&trackingCd=Best_Sellingbest&t_page=랭킹&t_click=판매랭킹_전체_상품상세&t_number=40
전체,41,클리오,클리오 샤프 쏘 심플 워터프루프 펜슬라이너 단품/더블기획,https://www.oliveyoung.co.kr/store/goods/getGoodsDetail.do?goodsNo=A000000198343&dispCatNo=90000010009&trackingCd=Best_Sellingbest&t_page=랭킹&t_click=판매랭킹_전체_상품상세&t_number=41
전체,42,바이오던스,바이오던스 바이오 콜라겐 리얼 딥 마스크 16매,https://www.oliveyoung.co.kr/store/goods/getGoodsDetail.do?goodsNo=A000000184348&dispCatNo=90000010009&trackingCd=Best_Sellingbest&t_page=랭킹&t_click=판매랭킹_전체_상품상세&t_number=42
전체,43,피지오겔,[6/1 하루특가] 피지오겔 포맨 기획 3종 (DMT 플루이드 / DMT 크림 / 시카 플루이드),https://www.oliveyoung.co.kr/store/goods/getGoodsDetail.do?goodsNo=A000000205873&dispCatNo=90000010009&trackingCd=Best_Sellingbest&t_page=랭킹&t_click=판매랭킹_전체_상품상세&t_number=43
전체,44,퓌,[100개 특가] 퓌 쿠션 글래스 내추럴 5컬러 기획(+리필파우치/퍼프2매),https://www.oliveyoung.co.kr/store/goods/getGoodsDetail.do?goodsNo=A000000205095&dispCatNo=90000010009&trackingCd=Best_Sellingbest&t_page=랭킹&t_click=판매랭킹_전체_상품상세&t_number=44
전체,45,토리든,[100개특가/한정기획] 토리든 다이브인 수딩크림 100ml 더블 한정 기획 (+20ml+셀메이징 앰플 10ml),https://www.oliveyoung.co.kr/store/goods/getGoodsDetail.do?goodsNo=A000000200645&dispCatNo=90000010009&trackingCd=Best_Sellingbest&t_page=랭킹&t_click=판매랭킹_전체_상품상세&t_number=45
전체,46,롬앤,"[단종컬러 재출시] 롬앤 쥬시 래스팅 틴트 (드래곤핑크, 피치미 외)",https://www.oliveyoung.co.kr/store/goods/getGoodsDetail.do?goodsNo=A000000125955&dispCatNo=90000010009&trackingCd=Best_Sellingbest&t_page=랭킹&t_click=판매랭킹_전체_상품상세&t_number=46
전체,47,클리오,[100개 특가][냥생역전 코숏/볼록스티커 증정] 클리오 프로아이팔레트에어 기획/단품,https://www.oliveyoung.co.kr/store/goods/getGoodsDetail.do?goodsNo=A000000188988&dispCatNo=90000010009&trackingCd=Best_Sellingbest&t_page=랭킹&t_click=판매랭킹_전체_상품상세&t_number=47
전체,48,아이소이,[1+1최초기획/총60ml] 아이소이 잡티로즈세럼 30ml 1+1 한정기획(30ml+30ml),https://www.oliveyoung.co.kr/store/goods/getGoodsDetail.do?goodsNo=A000000202964&dispCatNo=90000010009&trackingCd=Best_Sellingbest&t_page=랭킹&t_click=판매랭킹_전체_상품상세&t_number=48
전체,49,투크,[100개 특가/NEW도화컬러] 투크 워터프루프 슬림 아이라이너 13colors,https://www.oliveyoung.co.kr/store/goods/getGoodsDetail.do?goodsNo=A000000185046&dispCatNo=90000010009&trackingCd=Best_Sellingbest&t_page=랭킹&t_click=판매랭킹_전체_상품상세&t_number=49
전체,50,바닐라코,[마이멜로디 콜라보]바닐라코 클린잇제로 오리지널 클렌징밤 125ml 기획 (+세안밴드),https://www.oliveyoung.co.kr/store/goods/getGoodsDetail.do?goodsNo=A000000205073&dispCatNo=90000010009&trackingCd=Best_Sellingbest&t_page=랭킹&t_click=판매랭킹_전체_상품상세&t_number=50
전체,51,낫포유,[6년 연속 1위 트러블 미스트] 낫포유 클리어 바디미스트 200ml,https://www.oliveyoung.co.kr/store/goods/getGoodsDetail.do?goodsNo=A000000167213&dispCatNo=90000010009&trackingCd=Best_Sellingbest&t_page=랭킹&t_click=판매랭킹_전체_상품상세&t_number=51
전체,52,에이프릴스킨,에이프릴스킨 히어로 쿠션 (리필 증정),https://www.oliveyoung.co.kr/store/goods/getGoodsDetail.do?goodsNo=A000000163765&dispCatNo=90000010009&trackingCd=Best_Sellingbest&t_page=랭킹&t_click=판매랭킹_전체_상품상세&t_number=52
전체,53,어노브,[1&1] 어노브 실크 오일 에센스 더블 기획세트 (70ml+70ml) 2종 택1(텐더블룸/웜페탈),https://www.oliveyoung.co.kr/store/goods/getGoodsDetail.do?goodsNo=A000000171422&dispCatNo=90000010009&trackingCd=Best_Sellingbest&t_page=랭킹&t_click=판매랭킹_전체_상품상세&t_number=53
전체,54,딜라이트 프로젝트,딜라이트 프로젝트 프레첼 2종 택1,https://www.oliveyoung.co.kr/store/goods/getGoodsDetail.do?goodsNo=A000000147782&dispCatNo=90000010009&trackingCd=Best_Sellingbest&t_page=랭킹&t_click=판매랭킹_전체_상품상세&t_number=54
전체,55,바닐라코,[100개 특가/헬로키티에디션]바닐라코 프라임 프라이머 피니쉬 파우더(+브러쉬)(단품/기획),https://www.oliveyoung.co.kr/store/goods/getGoodsDetail.do?goodsNo=A000000165215&dispCatNo=90000010009&trackingCd=Best_Sellingbest&t_page=랭킹&t_click=판매랭킹_전체_상품상세&t_number=55
전체,56,아누아,[100개특가/리뷰이벤트] 아누아 어성초 77 수딩 토너 350ml 리필 기획세트(350ml+350ml리필),https://www.oliveyoung.co.kr/store/goods/getGoodsDetail.do?goodsNo=A000000166675&dispCatNo=90000010009&trackingCd=Best_Sellingbest&t_page=랭킹&t_click=판매랭킹_전체_상품상세&t_number=56
전체,57,쏘피,[신상특가] 쏘피 쿨링프레쉬 생리대 9종 택1 (단품/번들),https://www.oliveyoung.co.kr/store/goods/getGoodsDetail.do?goodsNo=A000000203949&dispCatNo=90000010009&trackingCd=Best_Sellingbest&t_page=랭킹&t_click=판매랭킹_전체_상품상세&t_number=57
전체,58,바이오던스,[100개특가/OY 단독] 바이오던스 바이오 콜라겐 리얼 딥 마스크 7매,https://www.oliveyoung.co.kr/store/goods/getGoodsDetail.do?goodsNo=A000000187480&dispCatNo=90000010009&trackingCd=Best_Sellingbest&t_page=랭킹&t_click=판매랭킹_전체_상품상세&t_number=58
전체,59,달바,[1+1][쿨톤보정]달바 워터풀 퍼플 톤업 선크림 듀오 기획 (50ml+50ml),https://www.oliveyoung.co.kr/store/goods/getGoodsDetail.do?goodsNo=A000000200614&dispCatNo=90000010009&trackingCd=Best_Sellingbest&t_page=랭킹&t_click=판매랭킹_전체_상품상세&t_number=59
전체,60,에스네이처,[후니언PICK/1+1] 에스네이처 아쿠아 스쿠알란 수분크림 60ml 더블 어워즈 한정기획 (60ml+60ml),https://www.oliveyoung.co.kr/store/goods/getGoodsDetail.do?goodsNo=A000000192782&dispCatNo=90000010009&trackingCd=Best_Sellingbest&t_page=랭킹&t_click=판매랭킹_전체_상품상세&t_number=60
전체,61,프리메라,[6/1 하루특가/1+1리필기획]프리메라 알파인 베리 워터리 크림 50ml 리필 기획,https://www.oliveyoung.co.kr/store/goods/getGoodsDetail.do?goodsNo=A000000182795&dispCatNo=90000010009&trackingCd=Best_Sellingbest&t_page=랭킹&t_click=판매랭킹_전체_상품상세&t_number=61
전체,62,식물나라,[썸머특가][NEW]식물나라 가벼운 수분 선 젤 로션 보노보노 기획,https://www.oliveyoung.co.kr/store/goods/getGoodsDetail.do?goodsNo=A000000151900&dispCatNo=90000010009&trackingCd=Best_Sellingbest&t_page=랭킹&t_click=판매랭킹_전체_상품상세&t_number=62
전체,63,일소,[피지클리너] 일소 슈퍼 멜팅 세범 소프트너 150ml 기획 (+솜 40매 증정),https://www.oliveyoung.co.kr/store/goods/getGoodsDetail.do?goodsNo=A000000192568&dispCatNo=90000010009&trackingCd=Best_Sellingbest&t_page=랭킹&t_click=판매랭킹_전체_상품상세&t_number=63
전체,64,디어달리아,디어달리아 페탈 드롭 리퀴드 블러쉬,https://www.oliveyoung.co.kr/store/goods/getGoodsDetail.do?goodsNo=A000000205145&dispCatNo=90000010009&trackingCd=Best_Sellingbest&t_page=랭킹&t_click=판매랭킹_전체_상품상세&t_number=64
전체,65,코스노리,[100개 특가/한정기획]코스노리 롱 액티브 아이래쉬 세럼 비건 속눈썹영양제 (단품/기획),https://www.oliveyoung.co.kr/store/goods/getGoodsDetail.do?goodsNo=A000000140618&dispCatNo=90000010009&trackingCd=Best_Sellingbest&t_page=랭킹&t_click=판매랭킹_전체_상품상세&t_number=65
전체,66,닥터브로너스,[6/1 하루특가] 닥터브로너스 퓨어 캐스틸 솝 950ml 10종 택 1,https://www.oliveyoung.co.kr/store/goods/getGoodsDetail.do?goodsNo=A000000154091&dispCatNo=90000010009&trackingCd=Best_Sellingbest&t_page=랭킹&t_click=판매랭킹_전체_상품상세&t_number=66
전체,67,이니스프리,이니스프리 레티놀 시카 흔적 앰플 30mL 기획,https://www.oliveyoung.co.kr/store/goods/getGoodsDetail.do?goodsNo=A000000204197&dispCatNo=90000010009&trackingCd=Best_Sellingbest&t_page=랭킹&t_click=판매랭킹_전체_상품상세&t_number=67
전체,68,키스미,[100개 특가/6월 올영픽] 키스미 히로인메이크 스무스 리퀴드 아이라이너 3종 1+1 한정 기획,https://www.oliveyoung.co.kr/store/goods/getGoodsDetail.do?goodsNo=A000000185974&dispCatNo=90000010009&trackingCd=Best_Sellingbest&t_page=랭킹&t_click=판매랭킹_전체_상품상세&t_number=68
전체,69,하트퍼센트,[단독기획] 하트퍼센트 도트 온 무드 립펜슬 20colors + 미니 글로우틴트 기획/단품 택1,https://www.oliveyoung.co.kr/store/goods/getGoodsDetail.do?goodsNo=A000000174066&dispCatNo=90000010009&trackingCd=Best_Sellingbest&t_page=랭킹&t_click=판매랭킹_전체_상품상세&t_number=69
전체,70,메디힐,[한정수량 스페셜 증정] 메디힐 더마 모델링 팩 풀패키지 3종 택1(티트리/마데카소사이드/히알루론산),https://www.oliveyoung.co.kr/store/goods/getGoodsDetail.do?goodsNo=A000000205486&dispCatNo=90000010009&trackingCd=Best_Sellingbest&t_page=랭킹&t_click=판매랭킹_전체_상품상세&t_number=70
전체,71,아이오페,아이오페 레티놀 슈퍼 바운스 세럼 30ml 기획 (+10ml+스템3크림15ml*2ea),https://www.oliveyoung.co.kr/store/goods/getGoodsDetail.do?goodsNo=A000000204266&dispCatNo=90000010009&trackingCd=Best_Sellingbest&t_page=랭킹&t_click=판매랭킹_전체_상품상세&t_number=71
전체,72,클리오,[100개 특가/리필기획] 클리오 킬브로우 오토하드브로우펜슬 (리뉴얼),https://www.oliveyoung.co.kr/store/goods/getGoodsDetail.do?goodsNo=A000000204946&dispCatNo=90000010009&trackingCd=Best_Sellingbest&t_page=랭킹&t_click=판매랭킹_전체_상품상세&t_number=72
전체,73,센트룸,센트룸 멀티 구미 40정 (20일분),https://www.oliveyoung.co.kr/store/goods/getGoodsDetail.do?goodsNo=A000000150977&dispCatNo=90000010009&trackingCd=Best_Sellingbest&t_page=랭킹&t_click=판매랭킹_전체_상품상세&t_number=73
전체,74,비플레인,[100개특가] 비플레인 녹두 약산성 클렌징폼 160ml + 40ml 기획,https://www.oliveyoung.co.kr/store/goods/getGoodsDetail.do?goodsNo=A000000187479&dispCatNo=90000010009&trackingCd=Best_Sellingbest&t_page=랭킹&t_click=판매랭킹_전체_상품상세&t_number=74
전체,75,셀퓨전씨,[수분쿨링] 셀퓨전씨 포스트 알파 쿨링 패드 70매,https://www.oliveyoung.co.kr/store/goods/getGoodsDetail.do?goodsNo=A000000167203&dispCatNo=90000010009&trackingCd=Best_Sellingbest&t_page=랭킹&t_click=판매랭킹_전체_상품상세&t_number=75
전체,76,라엘,[1+1] 라엘 유기농 순면커버 입는오버나이트 6종 택1,https://www.oliveyoung.co.kr/store/goods/getGoodsDetail.do?goodsNo=A000000157030&dispCatNo=90000010009&trackingCd=Best_Sellingbest&t_page=랭킹&t_click=판매랭킹_전체_상품상세&t_number=76
전체,77,스튜디오17,[3차 재입고] 스튜디오17 브러쉬 & 퍼프 클렌저,https://www.oliveyoung.co.kr/store/goods/getGoodsDetail.do?goodsNo=A000000184796&dispCatNo=90000010009&trackingCd=Best_Sellingbest&t_page=랭킹&t_click=판매랭킹_전체_상품상세&t_number=77
전체,78,웨이크메이크,웨이크메이크 소프트 블러링 아이팔레트 19 COLOR (기획/단품),https://www.oliveyoung.co.kr/store/goods/getGoodsDetail.do?goodsNo=A000000180532&dispCatNo=90000010009&trackingCd=Best_Sellingbest&t_page=랭킹&t_click=판매랭킹_전체_상품상세&t_number=78
전체,79,어노브,[100개특가/1&1] 어노브 딥 데미지 리페어 샴푸 더블 기획세트 (500g+500g),https://www.oliveyoung.co.kr/store/goods/getGoodsDetail.do?goodsNo=A000000183059&dispCatNo=90000010009&trackingCd=Best_Sellingbest&t_page=랭킹&t_click=판매랭킹_전체_상품상세&t_number=79
전체,80,아로마티카,[100개특가]아로마티카 퓨어앤소프트 여성청결제 170ml 기획(+캐모마일&티트리170ml 증정),https://www.oliveyoung.co.kr/store/goods/getGoodsDetail.do?goodsNo=A000000174439&dispCatNo=90000010009&trackingCd=Best_Sellingbest&t_page=랭킹&t_click=판매랭킹_전체_상품상세&t_number=80
전체,81,에뛰드,[100개특가/단독기획] 에뛰드 컬 픽스 마스카라 1+1 기획,https://www.oliveyoung.co.kr/store/goods/getGoodsDetail.do?goodsNo=A000000203943&dispCatNo=90000010009&trackingCd=Best_Sellingbest&t_page=랭킹&t_click=판매랭킹_전체_상품상세&t_number=81
전체,82,에스쁘아,[6월 올영픽] 에스쁘아 비벨벳 커버쿠션 뉴클래스 기획 (본품+리필),https://www.oliveyoung.co.kr/store/goods/getGoodsDetail.do?goodsNo=A000000184222&dispCatNo=90000010009&trackingCd=Best_Sellingbest&t_page=랭킹&t_click=판매랭킹_전체_상품상세&t_number=82
전체,83,AZH,[이보영 PICK] AZH 실키 에센스 헤어 오일 _헤어 디자이너가 직접 만든 헤어 오일,https://www.oliveyoung.co.kr/store/goods/getGoodsDetail.do?goodsNo=A000000203858&dispCatNo=90000010009&trackingCd=Best_Sellingbest&t_page=랭킹&t_click=판매랭킹_전체_상품상세&t_number=83
전체,84,온더바디,[100개특가] 온더바디 발을씻자 코튼 풋샴푸 대용량 510ml 3종(레몬/자몽/쿨링) 택1,https://www.oliveyoung.co.kr/store/goods/getGoodsDetail.do?goodsNo=A000000165990&dispCatNo=90000010009&trackingCd=Best_Sellingbest&t_page=랭킹&t_click=판매랭킹_전체_상품상세&t_number=84
전체,85,에스네이처,[후니언 PICK/1+1] 에스네이처 아쿠아 스쿠알란 수분크림 60ml 더블 기획 (+카밍패드 2매),https://www.oliveyoung.co.kr/store/goods/getGoodsDetail.do?goodsNo=A000000202894&dispCatNo=90000010009&trackingCd=Best_Sellingbest&t_page=랭킹&t_click=판매랭킹_전체_상품상세&t_number=85
전체,86,셀퓨전씨,셀퓨전씨 레이저 UV 썬스크린 35ml 트리플 한정기획,https://www.oliveyoung.co.kr/store/goods/getGoodsDetail.do?goodsNo=A000000204653&dispCatNo=90000010009&trackingCd=Best_Sellingbest&t_page=랭킹&t_click=판매랭킹_전체_상품상세&t_number=86
전체,87,메디큐브 에이지알,[6/1 하루특가/1등 뷰티디바이스] 메디큐브 에이지알 부스터 프로,https://www.oliveyoung.co.kr/store/goods/getGoodsDetail.do?goodsNo=A000000200028&dispCatNo=90000010009&trackingCd=Best_Sellingbest&t_page=랭킹&t_click=판매랭킹_전체_상품상세&t_number=87
전체,88,VT,VT 리들샷 300 에센스 50ml,https://www.oliveyoung.co.kr/store/goods/getGoodsDetail.do?goodsNo=A000000189544&dispCatNo=90000010009&trackingCd=Best_Sellingbest&t_page=랭킹&t_click=판매랭킹_전체_상품상세&t_number=88
전체,89,바이오더마,[7일특가/아일릿 원희PICK]바이오더마 하이드라비오 에센스로션 200ml 더블 기획,https://www.oliveyoung.co.kr/store/goods/getGoodsDetail.do?goodsNo=A000000205169&dispCatNo=90000010009&trackingCd=Best_Sellingbest&t_page=랭킹&t_click=판매랭킹_전체_상품상세&t_number=89
전체,90,브링그린,[100개 특가][트러블촉이올때] 브링그린 징크테카 트러블 세럼 한정기획,https://www.oliveyoung.co.kr/store/goods/getGoodsDetail.do?goodsNo=A000000200646&dispCatNo=90000010009&trackingCd=Best_Sellingbest&t_page=랭킹&t_click=판매랭킹_전체_상품상세&t_number=90
전체,91,브링그린,[썸머 특가][시원진정] 브링그린 알로에99% 수딩젤 300ml 더블기획 (300ml+300ml),https://www.oliveyoung.co.kr/store/goods/getGoodsDetail.do?goodsNo=A000000141845&dispCatNo=90000010009&trackingCd=Best_Sellingbest&t_page=랭킹&t_click=판매랭킹_전체_상품상세&t_number=91
전체,92,아로셀,[소의튜브 PICK/ 콜라겐177%생성] 아로셀 슈퍼 콜라겐 마스크 2종 택1,https://www.oliveyoung.co.kr/store/goods/getGoodsDetail.do?goodsNo=A000000206206&dispCatNo=90000010009&trackingCd=Best_Sellingbest&t_page=랭킹&t_click=판매랭킹_전체_상품상세&t_number=92
전체,93,바닐라코,[마이멜로디 콜라보] 바닐라코 클린잇제로 포어클래리파잉 클렌징밤 125ml 기획 (+세안밴드),https://www.oliveyoung.co.kr/store/goods/getGoodsDetail.do?goodsNo=A000000205074&dispCatNo=90000010009&trackingCd=Best_Sellingbest&t_page=랭킹&t_click=판매랭킹_전체_상품상세&t_number=93
전체,94,메디힐,[6년연속1위/단독기획] 메디힐 티트리 에센셜 마스크 10+1매 기획,https://www.oliveyoung.co.kr/store/goods/getGoodsDetail.do?goodsNo=A000000180500&dispCatNo=90000010009&trackingCd=Best_Sellingbest&t_page=랭킹&t_click=판매랭킹_전체_상품상세&t_number=94
전체,95,트리헛,[썸머특가/7년연속 1위] 트리헛 시어 슈가 스크럽 510g 12종 택1,https://www.oliveyoung.co.kr/store/goods/getGoodsDetail.do?goodsNo=A000000148549&dispCatNo=90000010009&trackingCd=Best_Sellingbest&t_page=랭킹&t_click=판매랭킹_전체_상품상세&t_number=95
전체,96,비건이펙트,[화해1위]비건이펙트 클린 앤 글로우 청보리 LHA 젤 클렌저 205ml 기획 (+토너패드 4EA 증정),https://www.oliveyoung.co.kr/store/goods/getGoodsDetail.do?goodsNo=A000000193919&dispCatNo=90000010009&trackingCd=Best_Sellingbest&t_page=랭킹&t_click=판매랭킹_전체_상품상세&t_number=96
전체,97,넘버즈인,[흔적미백] 넘버즈인 5번 글루타치온C 흔적 앰플 30ml+30ml 듀오기획,https://www.oliveyoung.co.kr/store/goods/getGoodsDetail.do?goodsNo=A000000189837&dispCatNo=90000010009&trackingCd=Best_Sellingbest&t_page=랭킹&t_click=판매랭킹_전체_상품상세&t_number=97
전체,98,크리니크,[세일특가] 크리니크 치크 팝 단품/기획 택1,https://www.oliveyoung.co.kr/store/goods/getGoodsDetail.do?goodsNo=A000000158991&dispCatNo=90000010009&trackingCd=Best_Sellingbest&t_page=랭킹&t_click=판매랭킹_전체_상품상세&t_number=98
전체,99,어뮤즈,[장원영 PICK/리필기획] 어뮤즈 세라믹 스킨 퍼펙터 쿠션 리필 기획 (본품+리필 증정),https://www.oliveyoung.co.kr/store/goods/getGoodsDetail.do?goodsNo=A000000200357&dispCatNo=90000010009&trackingCd=Best_Sellingbest&t_page=랭킹&t_click=판매랭킹_전체_상품상세&t_number=99
전체,100,달바,[1+1][메이크업 착붙] 달바 워터풀 에센스 선크림 듀오 기획 (50ml+50ml),https://www.oliveyoung.co.kr/store/goods/getGoodsDetail.do?goodsNo=A000000180235&dispCatNo=90000010009&trackingCd=Best_Sellingbest&t_page=랭킹&t_click=판매랭킹_전체_상품상세&t_number=100
스킨케어,1,VT,[6/1 하루특가/아랑Pick] VT 리들샷 100 에센스 50ml 기획/단품,https://www.oliveyoung.co.kr/store/goods/getGoodsDetail.do?goodsNo=A000000183731&dispCatNo=90000010009&trackingCd=Best_Sellingbest&t_page=랭킹&t_click=판매랭킹_스킨케어_상품상세&t_number=1
스킨케어,2,닥터지,[1+1+증정]닥터지 레드 블레미쉬 바쿠치올 포어젯 세럼 30ml 리필 기획 (+크림 10ml),https://www.oliveyoung.co.kr/store/goods/getGoodsDetail.do?goodsNo=A000000205086&dispCatNo=90000010009&trackingCd=Best_Sellingbest&t_page=랭킹&t_click=판매랭킹_스킨케어_상품상세&t_number=2
스킨케어,3,성분에디터,[6/1 하루특가] 성분에디터 그린토마토 모공앰플 30ml 1+1+1 트리플기획,https://www.oliveyoung.co.kr/store/goods/getGoodsDetail.do?goodsNo=A000000204781&dispCatNo=90000010009&trackingCd=Best_Sellingbest&t_page=랭킹&t_click=판매랭킹_스킨케어_상품상세&t_number=3
스킨케어,4,웰라쥬,[형원PICK] 웰라쥬 리얼 히알루로닉 블루 100 앰플 75ml 1+1 기획,https://www.oliveyoung.co.kr/store/goods/getGoodsDetail.do?goodsNo=A000000162035&dispCatNo=90000010009&trackingCd=Best_Sellingbest&t_page=랭킹&t_click=판매랭킹_스킨케어_상품상세&t_number=4
스킨케어,5,구달,[100개특가/한정기획] 구달 청귤 비타C 잡티케어 세럼 30ml+31ml 리필 기획,https://www.oliveyoung.co.kr/store/goods/getGoodsDetail.do?goodsNo=A000000180462&dispCatNo=90000010009&trackingCd=Best_Sellingbest&t_page=랭킹&t_click=판매랭킹_스킨케어_상품상세&t_number=5
스킨케어,6,피지오겔,[6/1 하루특가] 피지오겔 DMT 페이셜 보습크림 150ml + DMT 마스크팩 1매 증정 기획,https://www.oliveyoung.co.kr/store/goods/getGoodsDetail.do?goodsNo=A000000205785&dispCatNo=90000010009&trackingCd=Best_Sellingbest&t_page=랭킹&t_click=판매랭킹_스킨케어_상품상세&t_number=6
스킨케어,7,토리든,[6월 올영픽/단독기획] 토리든 다이브인 저분자 히알루론산 세럼 50ml 리필기획(+리필팩 50ml),https://www.oliveyoung.co.kr/store/goods/getGoodsDetail.do?goodsNo=A000000189261&dispCatNo=90000010009&trackingCd=Best_Sellingbest&t_page=랭킹&t_click=판매랭킹_스킨케어_상품상세&t_number=7
스킨케어,8,달바,[48%][6월 올영픽/올인원케어] 달바 화이트 트러플 퍼스트 스프레이 세럼 100ml + 100ml 기획세트,https://www.oliveyoung.co.kr/store/goods/getGoodsDetail.do?goodsNo=A000000179685&dispCatNo=90000010009&trackingCd=Best_Sellingbest&t_page=랭킹&t_click=판매랭킹_스킨케어_상품상세&t_number=8
스킨케어,9,닥터지,[1+1/굿즈증정]닥터지 레드 블레미쉬 클리어 수딩 크림 70ml 1+1 기획,https://www.oliveyoung.co.kr/store/goods/getGoodsDetail.do?goodsNo=A000000205085&dispCatNo=90000010009&trackingCd=Best_Sellingbest&t_page=랭킹&t_click=판매랭킹_스킨케어_상품상세&t_number=9
스킨케어,10,라로슈포제,[100개특가] 라로슈포제 시카플라스트 밤B5+ 100ml 기획 (+시카크림 15ml 증정),https://www.oliveyoung.co.kr/store/goods/getGoodsDetail.do?goodsNo=A000000205173&dispCatNo=90000010009&trackingCd=Best_Sellingbest&t_page=랭킹&t_click=판매랭킹_스킨케어_상품상세&t_number=10
스킨케어,11,파티온,[대용량] 파티온 노스카나인 트러블 세럼 단독 기획 (50ml+15ml),https://www.oliveyoung.co.kr/store/goods/getGoodsDetail.do?goodsNo=A000000175878&dispCatNo=90000010009&trackingCd=Best_Sellingbest&t_page=랭킹&t_click=판매랭킹_스킨케어_상품상세&t_number=11
스킨케어,12,에스트라,에스트라 아토베리어365 크림 80ml 기획 (+하이드로에센스 25ml+리제덤세럼 7ml),https://www.oliveyoung.co.kr/store/goods/getGoodsDetail.do?goodsNo=A000000200642&dispCatNo=90000010009&trackingCd=Best_Sellingbest&t_page=랭킹&t_click=판매랭킹_스킨케어_상품상세&t_number=12
스킨케어,13,브링그린,[6/1 하루특가]브링그린 티트리시카수딩크림플러스 더블한정기획(+토너250)(배스킨콜라보),https://www.oliveyoung.co.kr/store/goods/getGoodsDetail.do?goodsNo=A000000205156&dispCatNo=90000010009&trackingCd=Best_Sellingbest&t_page=랭킹&t_click=판매랭킹_스킨케어_상품상세&t_number=13
스킨케어,14,라운드랩,[100개특가/후니언PICK] 라운드랩 소나무 진정 시카 앰플 30ml 더블기획 (+크림 50ml),https://www.oliveyoung.co.kr/store/goods/getGoodsDetail.do?goodsNo=A000000205219&dispCatNo=90000010009&trackingCd=Best_Sellingbest&t_page=랭킹&t_click=판매랭킹_스킨케어_상품상세&t_number=14
스킨케어,15,피지오겔,[6/1 하루특가] 피지오겔 포맨 기획 3종 (DMT 플루이드 / DMT 크림 / 시카 플루이드),https://www.oliveyoung.co.kr/store/goods/getGoodsDetail.do?goodsNo=A000000205873&dispCatNo=90000010009&trackingCd=Best_Sellingbest&t_page=랭킹&t_click=판매랭킹_스킨케어_상품상세&t_number=15
스킨케어,16,토리든,[100개특가/한정기획] 토리든 다이브인 수딩크림 100ml 더블 한정 기획 (+20ml+셀메이징 앰플 10ml),https://www.oliveyoung.co.kr/store/goods/getGoodsDetail.do?goodsNo=A000000200645&dispCatNo=90000010009&trackingCd=Best_Sellingbest&t_page=랭킹&t_click=판매랭킹_스킨케어_상품상세&t_number=16
스킨케어,17,아이소이,[1+1최초기획/총60ml] 아이소이 잡티로즈세럼 30ml 1+1 한정기획(30ml+30ml),https://www.oliveyoung.co.kr/store/goods/getGoodsDetail.do?goodsNo=A000000202964&dispCatNo=90000010009&trackingCd=Best_Sellingbest&t_page=랭킹&t_click=판매랭킹_스킨케어_상품상세&t_number=17
스킨케어,18,아누아,[100개특가/리뷰이벤트] 아누아 어성초 77 수딩 토너 350ml 리필 기획세트(350ml+350ml리필),https://www.oliveyoung.co.kr/store/goods/getGoodsDetail.do?goodsNo=A000000166675&dispCatNo=90000010009&trackingCd=Best_Sellingbest&t_page=랭킹&t_click=판매랭킹_스킨케어_상품상세&t_number=18
스킨케어,19,에스네이처,[후니언PICK/1+1] 에스네이처 아쿠아 스쿠알란 수분크림 60ml 더블 어워즈 한정기획 (60ml+60ml),https://www.oliveyoung.co.kr/store/goods/getGoodsDetail.do?goodsNo=A000000192782&dispCatNo=90000010009&trackingCd=Best_Sellingbest&t_page=랭킹&t_click=판매랭킹_스킨케어_상품상세&t_number=19
스킨케어,20,프리메라,[6/1 하루특가/1+1리필기획]프리메라 알파인 베리 워터리 크림 50ml 리필 기획,https://www.oliveyoung.co.kr/store/goods/getGoodsDetail.do?goodsNo=A000000182795&dispCatNo=90000010009&trackingCd=Best_Sellingbest&t_page=랭킹&t_click=판매랭킹_스킨케어_상품상세&t_number=20
스킨케어,21,이니스프리,이니스프리 레티놀 시카 흔적 앰플 30mL 기획,https://www.oliveyoung.co.kr/store/goods/getGoodsDetail.do?goodsNo=A000000204197&dispCatNo=90000010009&trackingCd=Best_Sellingbest&t_page=랭킹&t_click=판매랭킹_스킨케어_상품상세&t_number=21
스킨케어,22,아이오페,아이오페 레티놀 슈퍼 바운스 세럼 30ml 기획 (+10ml+스템3크림15ml*2ea),https://www.oliveyoung.co.kr/store/goods/getGoodsDetail.do?goodsNo=A000000204266&dispCatNo=90000010009&trackingCd=Best_Sellingbest&t_page=랭킹&t_click=판매랭킹_스킨케어_상품상세&t_number=22
스킨케어,23,에스네이처,[후니언 PICK/1+1] 에스네이처 아쿠아 스쿠알란 수분크림 60ml 더블 기획 (+카밍패드 2매),https://www.oliveyoung.co.kr/store/goods/getGoodsDetail.do?goodsNo=A000000202894&dispCatNo=90000010009&trackingCd=Best_Sellingbest&t_page=랭킹&t_click=판매랭킹_스킨케어_상품상세&t_number=23
스킨케어,24,VT,VT 리들샷 300 에센스 50ml,https://www.oliveyoung.co.kr/store/goods/getGoodsDetail.do?goodsNo=A000000189544&dispCatNo=90000010009&trackingCd=Best_Sellingbest&t_page=랭킹&t_click=판매랭킹_스킨케어_상품상세&t_number=24
스킨케어,25,바이오더마,[7일특가/아일릿 원희PICK]바이오더마 하이드라비오 에센스로션 200ml 더블 기획,https://www.oliveyoung.co.kr/store/goods/getGoodsDetail.do?goodsNo=A000000205169&dispCatNo=90000010009&trackingCd=Best_Sellingbest&t_page=랭킹&t_click=판매랭킹_스킨케어_상품상세&t_number=25
스킨케어,26,브링그린,[100개 특가][트러블촉이올때] 브링그린 징크테카 트러블 세럼 한정기획,https://www.oliveyoung.co.kr/store/goods/getGoodsDetail.do?goodsNo=A000000200646&dispCatNo=90000010009&trackingCd=Best_Sellingbest&t_page=랭킹&t_click=판매랭킹_스킨케어_상품상세&t_number=26
스킨케어,27,넘버즈인,[흔적미백] 넘버즈인 5번 글루타치온C 흔적 앰플 30ml+30ml 듀오기획,https://www.oliveyoung.co.kr/store/goods/getGoodsDetail.do?goodsNo=A000000189837&dispCatNo=90000010009&trackingCd=Best_Sellingbest&t_page=랭킹&t_click=판매랭킹_스킨케어_상품상세&t_number=27
스킨케어,28,피지오겔,[한정기획] 피지오겔 사이언수티컬즈 데일리뮨 앰플 세럼 20ml+글로우에센스 20ml+마스크팩 1매 기획,https://www.oliveyoung.co.kr/store/goods/getGoodsDetail.do?goodsNo=A000000203796&dispCatNo=90000010009&trackingCd=Best_Sellingbest&t_page=랭킹&t_click=판매랭킹_스킨케어_상품상세&t_number=28
스킨케어,29,토리든,[단독기획] 토리든 다이브인 저분자 히알루론산 토너 500ml 기획 (+화장솜 60매 증정),https://www.oliveyoung.co.kr/store/goods/getGoodsDetail.do?goodsNo=A000000180474&dispCatNo=90000010009&trackingCd=Best_Sellingbest&t_page=랭킹&t_click=판매랭킹_스킨케어_상품상세&t_number=29
스킨케어,30,파티온,"[단독기획] 파티온 노스카나인 트러블 크림 45ml 기획(+크림5ml, 세럼15ml 증정)",https://www.oliveyoung.co.kr/store/goods/getGoodsDetail.do?goodsNo=A000000182955&dispCatNo=90000010009&trackingCd=Best_Sellingbest&t_page=랭킹&t_click=판매랭킹_스킨케어_상품상세&t_number=30
스킨케어,31,코스알엑스,코스알엑스 더 비타민C 23 세럼 20g 더블 기획 (+펩타이드세럼 30ml*2),https://www.oliveyoung.co.kr/store/goods/getGoodsDetail.do?goodsNo=A000000204072&dispCatNo=90000010009&trackingCd=Best_Sellingbest&t_page=랭킹&t_click=판매랭킹_스킨케어_상품상세&t_number=31
스킨케어,32,넘버즈인,[피부결] 넘버즈인 3번 보들보들 결 세럼 80ml 기획(+3번 결 세럼팩),https://www.oliveyoung.co.kr/store/goods/getGoodsDetail.do?goodsNo=A000000182627&dispCatNo=90000010009&trackingCd=Best_Sellingbest&t_page=랭킹&t_click=판매랭킹_스킨케어_상품상세&t_number=32
스킨케어,33,바이오힐보,[3D볼륨탄력크림] 바이오힐보 프로바이오덤 3D 리프팅크림 50ml 리필기획,https://www.oliveyoung.co.kr/store/goods/getGoodsDetail.do?goodsNo=A000000199701&dispCatNo=90000010009&trackingCd=Best_Sellingbest&t_page=랭킹&t_click=판매랭킹_스킨케어_상품상세&t_number=33
스킨케어,34,토리든,[100개특가]토리든 다이브인 저분자 히알루론산 수딩크림 더블기획 (100ml+100ml),https://www.oliveyoung.co.kr/store/goods/getGoodsDetail.do?goodsNo=A000000165598&dispCatNo=90000010009&trackingCd=Best_Sellingbest&t_page=랭킹&t_click=판매랭킹_스킨케어_상품상세&t_number=34
스킨케어,35,라운드랩,[100개특가/1등토너] 라운드랩 1025 독도 토너 500ml 기획 (+200ml+ 마스크팩 1매),https://www.oliveyoung.co.kr/store/goods/getGoodsDetail.do?goodsNo=A000000205218&dispCatNo=90000010009&trackingCd=Best_Sellingbest&t_page=랭킹&t_click=판매랭킹_스킨케어_상품상세&t_number=35
스킨케어,36,아벤느,[100개특가]아벤느 오 떼르말 300ml 2입 기획,https://www.oliveyoung.co.kr/store/goods/getGoodsDetail.do?goodsNo=A000000010498&dispCatNo=90000010009&trackingCd=Best_Sellingbest&t_page=랭킹&t_click=판매랭킹_스킨케어_상품상세&t_number=36
스킨케어,37,한율,한율 어린쑥 수분진정 크림 110ml 대용량 기획 (+25ml+ 패드2매+흡착팩폼2ml),https://www.oliveyoung.co.kr/store/goods/getGoodsDetail.do?goodsNo=A000000205876&dispCatNo=90000010009&trackingCd=Best_Sellingbest&t_page=랭킹&t_click=판매랭킹_스킨케어_상품상세&t_number=37
스킨케어,38,브링그린,[대용량][한정기획] 브링그린 티트리시카수딩토너 500mL+200리필(배스킨콜라보),https://www.oliveyoung.co.kr/store/goods/getGoodsDetail.do?goodsNo=A000000205155&dispCatNo=90000010009&trackingCd=Best_Sellingbest&t_page=랭킹&t_click=판매랭킹_스킨케어_상품상세&t_number=38
스킨케어,39,쏘내추럴,쏘내추럴 올 데이 메이크업 픽서 더블기획 (120ml+120ml),https://www.oliveyoung.co.kr/store/goods/getGoodsDetail.do?goodsNo=A000000162114&dispCatNo=90000010009&trackingCd=Best_Sellingbest&t_page=랭킹&t_click=판매랭킹_스킨케어_상품상세&t_number=39
스킨케어,40,바이오더마,[7일특가]바이오더마 시카비오 포마드 100ml,https://www.oliveyoung.co.kr/store/goods/getGoodsDetail.do?goodsNo=A000000134691&dispCatNo=90000010009&trackingCd=Best_Sellingbest&t_page=랭킹&t_click=판매랭킹_스킨케어_상품상세&t_number=40
스킨케어,41,바이오더마,[7일특가/아일릿 이로하PICK]바이오더마 하이드라비오 토너 500ml 기획 (+양면 토너패드 50매),https://www.oliveyoung.co.kr/store/goods/getGoodsDetail.do?goodsNo=A000000205168&dispCatNo=90000010009&trackingCd=Best_Sellingbest&t_page=랭킹&t_click=판매랭킹_스킨케어_상품상세&t_number=41
스킨케어,42,이니스프리,이니스프리X쿠로미 비타C 그린티 엔자임 세럼 30mL 기획,https://www.oliveyoung.co.kr/store/goods/getGoodsDetail.do?goodsNo=A000000204179&dispCatNo=90000010009&trackingCd=Best_Sellingbest&t_page=랭킹&t_click=판매랭킹_스킨케어_상품상세&t_number=42
스킨케어,43,아이디얼포맨,[100개 특가]아이디얼 포 맨 프레시 올인원 젤 로션 1+1 한정기획,https://www.oliveyoung.co.kr/store/goods/getGoodsDetail.do?goodsNo=A000000205061&dispCatNo=90000010009&trackingCd=Best_Sellingbest&t_page=랭킹&t_click=판매랭킹_스킨케어_상품상세&t_number=43
스킨케어,44,라운드랩,[6월 올영픽/크림본품증정] 라운드랩 자작나무 수분 크림 80ml 1+1 기획 (+50ml),https://www.oliveyoung.co.kr/store/goods/getGoodsDetail.do?goodsNo=A000000205221&dispCatNo=90000010009&trackingCd=Best_Sellingbest&t_page=랭킹&t_click=판매랭킹_스킨케어_상품상세&t_number=44
스킨케어,45,라로슈포제,라로슈포제 에빠끌라 울트라 컨센트레이티드 세럼 30ml 기획 (+에빠끌라 폼 15ml+에빠끌라 세럼 3ml 증정),https://www.oliveyoung.co.kr/store/goods/getGoodsDetail.do?goodsNo=A000000202898&dispCatNo=90000010009&trackingCd=Best_Sellingbest&t_page=랭킹&t_click=판매랭킹_스킨케어_상품상세&t_number=45
스킨케어,46,헤브블루,헤브블루 살몬 케어링 센텔라 토너 200ml,https://www.oliveyoung.co.kr/store/goods/getGoodsDetail.do?goodsNo=A000000199507&dispCatNo=90000010009&trackingCd=Best_Sellingbest&t_page=랭킹&t_click=판매랭킹_스킨케어_상품상세&t_number=46
스킨케어,47,에스트라,[NEW/리뉴얼] 에스트라 아토베리어365 로션 150ml,https://www.oliveyoung.co.kr/store/goods/getGoodsDetail.do?goodsNo=A000000198321&dispCatNo=90000010009&trackingCd=Best_Sellingbest&t_page=랭킹&t_click=판매랭킹_스킨케어_상품상세&t_number=47
스킨케어,48,구달,[고윤정PICK/한정기획] 구달 청귤 비타C 잡티케어 크림 리필에디션 기획(75ml+75ml리필),https://www.oliveyoung.co.kr/store/goods/getGoodsDetail.do?goodsNo=A000000180464&dispCatNo=90000010009&trackingCd=Best_Sellingbest&t_page=랭킹&t_click=판매랭킹_스킨케어_상품상세&t_number=48
스킨케어,49,라네즈,[한정기획] 라네즈 크림스킨 170ml 리필 기획 (+170ml 리필),https://www.oliveyoung.co.kr/store/goods/getGoodsDetail.do?goodsNo=A000000190280&dispCatNo=90000010009&trackingCd=Best_Sellingbest&t_page=랭킹&t_click=판매랭킹_스킨케어_상품상세&t_number=49
스킨케어,50,비플레인,[1+1][모공탄력] 비플레인 녹두 모공 타이트업 세럼 30ml 1+1 기획,https://www.oliveyoung.co.kr/store/goods/getGoodsDetail.do?goodsNo=A000000201658&dispCatNo=90000010009&trackingCd=Best_Sellingbest&t_page=랭킹&t_click=판매랭킹_스킨케어_상품상세&t_number=50
스킨케어,51,차앤박,차앤박(CNP) 프로폴리스 앰플 1+1 스페셜기획 (앰플30ml*2+앰플마스크1매+샷크림50ml),https://www.oliveyoung.co.kr/store/goods/getGoodsDetail.do?goodsNo=A000000204861&dispCatNo=90000010009&trackingCd=Best_Sellingbest&t_page=랭킹&t_click=판매랭킹_스킨케어_상품상세&t_number=51
스킨케어,52,에스네이처,[화해1위/수분쿨링진정] 에스네이처 아쿠아 오아시스 수분 젤크림 90ml 기획 (+카밍패드 2매),https://www.oliveyoung.co.kr/store/goods/getGoodsDetail.do?goodsNo=A000000202893&dispCatNo=90000010009&trackingCd=Best_Sellingbest&t_page=랭킹&t_click=판매랭킹_스킨케어_상품상세&t_number=52
스킨케어,53,비욘드,[400만개돌파/1등수분크림] 비욘드 엔젤아쿠아 수분진정크림 더블기획(150mlX2개입)(비건),https://www.oliveyoung.co.kr/store/goods/getGoodsDetail.do?goodsNo=A000000163511&dispCatNo=90000010009&trackingCd=Best_Sellingbest&t_page=랭킹&t_click=판매랭킹_스킨케어_상품상세&t_number=53
스킨케어,54,에스트라,에스트라 리제덤365 모공탄력 캡슐세럼 30ml+7ml 기획 (+리제덤 크림 10ml)(2405),https://www.oliveyoung.co.kr/store/goods/getGoodsDetail.do?goodsNo=A000000203786&dispCatNo=90000010009&trackingCd=Best_Sellingbest&t_page=랭킹&t_click=판매랭킹_스킨케어_상품상세&t_number=54
스킨케어,55,에스트라,에스트라 에이시카365 흔적진정세럼 40ml 기획/단품,https://www.oliveyoung.co.kr/store/goods/getGoodsDetail.do?goodsNo=A000000186994&dispCatNo=90000010009&trackingCd=Best_Sellingbest&t_page=랭킹&t_click=판매랭킹_스킨케어_상품상세&t_number=55
스킨케어,56,라로슈포제,라로슈포제 히알루 B5 세럼 기획/단품,https://www.oliveyoung.co.kr/store/goods/getGoodsDetail.do?goodsNo=A000000160470&dispCatNo=90000010009&trackingCd=Best_Sellingbest&t_page=랭킹&t_click=판매랭킹_스킨케어_상품상세&t_number=56
스킨케어,57,피지오겔,[한정기획] 피지오겔 DMT 페이셜 로션 200ml+토너 50ml 증정 기획,https://www.oliveyoung.co.kr/store/goods/getGoodsDetail.do?goodsNo=A000000203070&dispCatNo=90000010009&trackingCd=Best_Sellingbest&t_page=랭킹&t_click=판매랭킹_스킨케어_상품상세&t_number=57
스킨케어,58,에스트라,에스트라 아토베리어365 하이드로 수딩크림 60ml 기획(+하이드로에센스25ml+선크림10ml),https://www.oliveyoung.co.kr/store/goods/getGoodsDetail.do?goodsNo=A000000205939&dispCatNo=90000010009&trackingCd=Best_Sellingbest&t_page=랭킹&t_click=판매랭킹_스킨케어_상품상세&t_number=58
스킨케어,59,아이디얼포맨,[6월올영픽]아이디얼 포 맨 퍼펙트 올인원 가정의달 퍼펙트 세트,https://www.oliveyoung.co.kr/store/goods/getGoodsDetail.do?goodsNo=A000000203835&dispCatNo=90000010009&trackingCd=Best_Sellingbest&t_page=랭킹&t_click=판매랭킹_스킨케어_상품상세&t_number=59
스킨케어,60,라로슈포제,라로슈포제 시카플라스트 크림 B5 100ml 기획 (시카토너50ml+시카밤3ml*2),https://www.oliveyoung.co.kr/store/goods/getGoodsDetail.do?goodsNo=A000000203920&dispCatNo=90000010009&trackingCd=Best_Sellingbest&t_page=랭킹&t_click=판매랭킹_스킨케어_상품상세&t_number=60
스킨케어,61,에스네이처,[인보라PICK/화해1위] 에스네이처 아쿠아 스쿠알란 세럼 50ml 기획(+50ml 리필+수분크림10ml),https://www.oliveyoung.co.kr/store/goods/getGoodsDetail.do?goodsNo=A000000188004&dispCatNo=90000010009&trackingCd=Best_Sellingbest&t_page=랭킹&t_click=판매랭킹_스킨케어_상품상세&t_number=61
스킨케어,62,유세린,"[글로벌 2,600만 판매]유세린 하이알루론 3X 나이트크림 50ml 기획 (+컨센트레이트 5ml 2개+화장솜 증정)",https://www.oliveyoung.co.kr/store/goods/getGoodsDetail.do?goodsNo=A000000200502&dispCatNo=90000010009&trackingCd=Best_Sellingbest&t_page=랭킹&t_click=판매랭킹_스킨케어_상품상세&t_number=62
스킨케어,63,아이소이,[1+1/티트리 세라마이드] 아이소이 장수진 수분크림 50ml 1+1 한정기획(50ml+50ml),https://www.oliveyoung.co.kr/store/goods/getGoodsDetail.do?goodsNo=A000000202972&dispCatNo=90000010009&trackingCd=Best_Sellingbest&t_page=랭킹&t_click=판매랭킹_스킨케어_상품상세&t_number=63
스킨케어,64,코스알엑스,[담쓰PICK]코스알엑스 더 6 펩타이드 스킨 부스터 세럼 150ml 기획 (30ml 추가증정),https://www.oliveyoung.co.kr/store/goods/getGoodsDetail.do?goodsNo=A000000204071&dispCatNo=90000010009&trackingCd=Best_Sellingbest&t_page=랭킹&t_click=판매랭킹_스킨케어_상품상세&t_number=64
스킨케어,65,퍼셀,퍼셀 20억/mL 픽셀바이옴 원액 20ml,https://www.oliveyoung.co.kr/store/goods/getGoodsDetail.do?goodsNo=A000000200663&dispCatNo=90000010009&trackingCd=Best_Sellingbest&t_page=랭킹&t_click=판매랭킹_스킨케어_상품상세&t_number=65
스킨케어,66,디마르3,디마르3 시그니처 에스투드 프로텍터 모공 앰플 30ml,https://www.oliveyoung.co.kr/store/goods/getGoodsDetail.do?goodsNo=A000000203876&dispCatNo=90000010009&trackingCd=Best_Sellingbest&t_page=랭킹&t_click=판매랭킹_스킨케어_상품상세&t_number=66
스킨케어,67,웰라쥬,[단독/더블기획]웰라쥬 리얼 히알루로닉 100 크림 50ml 1+1 기획,https://www.oliveyoung.co.kr/store/goods/getGoodsDetail.do?goodsNo=A000000178512&dispCatNo=90000010009&trackingCd=Best_Sellingbest&t_page=랭킹&t_click=판매랭킹_스킨케어_상품상세&t_number=67
스킨케어,68,셀리맥스,[단독기획] 셀리맥스 더 리얼 노니 에너지 앰플 90ml 에디션 (80ml+10ml),https://www.oliveyoung.co.kr/store/goods/getGoodsDetail.do?goodsNo=A000000203971&dispCatNo=90000010009&trackingCd=Best_Sellingbest&t_page=랭킹&t_click=판매랭킹_스킨케어_상품상세&t_number=68
스킨케어,69,라운드랩,[6월 올영픽][최모나PICK/신상특가] 라운드랩 비타 나이아신 잡티 세럼 30ml 기획 (+잡티크림 10ml),https://www.oliveyoung.co.kr/store/goods/getGoodsDetail.do?goodsNo=A000000204169&dispCatNo=90000010009&trackingCd=Best_Sellingbest&t_page=랭킹&t_click=판매랭킹_스킨케어_상품상세&t_number=69
스킨케어,70,유세린,[1+1/아이크림1등] 유세린 하이알루론 3X 아이크림 더블기획 (15ml+15ml),https://www.oliveyoung.co.kr/store/goods/getGoodsDetail.do?goodsNo=A000000118803&dispCatNo=90000010009&trackingCd=Best_Sellingbest&t_page=랭킹&t_click=판매랭킹_스킨케어_상품상세&t_number=70
스킨케어,71,달바,[46%][SOS/진정케어] 달바 화이트 트러플 바이탈 스프레이 세럼 100ml + 100ml 기획세트,https://www.oliveyoung.co.kr/store/goods/getGoodsDetail.do?goodsNo=A000000181080&dispCatNo=90000010009&trackingCd=Best_Sellingbest&t_page=랭킹&t_click=판매랭킹_스킨케어_상품상세&t_number=71
스킨케어,72,바이오힐보,[NEW] 바이오힐보 판테셀 리페어시카 크림미스트 120mL(기획/단품),https://www.oliveyoung.co.kr/store/goods/getGoodsDetail.do?goodsNo=A000000190667&dispCatNo=90000010009&trackingCd=Best_Sellingbest&t_page=랭킹&t_click=판매랭킹_스킨케어_상품상세&t_number=72
스킨케어,73,에스트라,에스트라 아토베리어365 하이드로 에센스 200ml,https://www.oliveyoung.co.kr/store/goods/getGoodsDetail.do?goodsNo=A000000171710&dispCatNo=90000010009&trackingCd=Best_Sellingbest&t_page=랭킹&t_click=판매랭킹_스킨케어_상품상세&t_number=73
스킨케어,74,에스트라,에스트라 에이시카365 흔적 진정 세럼 40ml+40ml 리필기획,https://www.oliveyoung.co.kr/store/goods/getGoodsDetail.do?goodsNo=A000000203788&dispCatNo=90000010009&trackingCd=Best_Sellingbest&t_page=랭킹&t_click=판매랭킹_스킨케어_상품상세&t_number=74
스킨케어,75,유세린,유세린 하이알루론 3X 아이크림 15ml 기획 (+나이트크림7ml+울트라센시티브마스크팩*2매),https://www.oliveyoung.co.kr/store/goods/getGoodsDetail.do?goodsNo=A000000203892&dispCatNo=90000010009&trackingCd=Best_Sellingbest&t_page=랭킹&t_click=판매랭킹_스킨케어_상품상세&t_number=75
스킨케어,76,아벤느,아벤느 시칼파트 플러스 S.O.S 크림 100ml+100ml 더블 기획,https://www.oliveyoung.co.kr/store/goods/getGoodsDetail.do?goodsNo=A000000184198&dispCatNo=90000010009&trackingCd=Best_Sellingbest&t_page=랭킹&t_click=판매랭킹_스킨케어_상품상세&t_number=76
스킨케어,77,더마토리,[우린PICK/단독기획]더마토리 히알샷 베리어 앰플 비5 50ml 리필기획(+50ml 리필),https://www.oliveyoung.co.kr/store/goods/getGoodsDetail.do?goodsNo=A000000202469&dispCatNo=90000010009&trackingCd=Best_Sellingbest&t_page=랭킹&t_click=판매랭킹_스킨케어_상품상세&t_number=77
스킨케어,78,에스네이처,[후니언 PICK] 에스네이처 아쿠아 스쿠알란 수분크림 60ml 기획 (60ml+30ml),https://www.oliveyoung.co.kr/store/goods/getGoodsDetail.do?goodsNo=A000000156230&dispCatNo=90000010009&trackingCd=Best_Sellingbest&t_page=랭킹&t_click=판매랭킹_스킨케어_상품상세&t_number=78
스킨케어,79,브링그린,[NEW] 브링그린 대나무히알루수분크림100mL더블기획,https://www.oliveyoung.co.kr/store/goods/getGoodsDetail.do?goodsNo=A000000205158&dispCatNo=90000010009&trackingCd=Best_Sellingbest&t_page=랭킹&t_click=판매랭킹_스킨케어_상품상세&t_number=79
스킨케어,80,구달,[한정기획] 구달 청귤 비타C 잡티케어 세럼 50ml+31ml 증정 기획,https://www.oliveyoung.co.kr/store/goods/getGoodsDetail.do?goodsNo=A000000162323&dispCatNo=90000010009&trackingCd=Best_Sellingbest&t_page=랭킹&t_click=판매랭킹_스킨케어_상품상세&t_number=80
스킨케어,81,리쥬란,리쥬란 힐러 턴오버 앰플 듀얼 이펙트 30ml 기획 (+턴오버 앰플 1ml*7+더마힐러 크림 10g+더마힐러 마스크 23ml*2),https://www.oliveyoung.co.kr/store/goods/getGoodsDetail.do?goodsNo=A000000203803&dispCatNo=90000010009&trackingCd=Best_Sellingbest&t_page=랭킹&t_click=판매랭킹_스킨케어_상품상세&t_number=81
스킨케어,82,넘버즈인,[수분광채] 넘버즈인 6번 푹잠 마스크팩 세럼 80ml 기획(+4번 SOS 얼음장팩),https://www.oliveyoung.co.kr/store/goods/getGoodsDetail.do?goodsNo=A000000185961&dispCatNo=90000010009&trackingCd=Best_Sellingbest&t_page=랭킹&t_click=판매랭킹_스킨케어_상품상세&t_number=82
스킨케어,83,아비브,[촘촘진정] 아비브 어성초 카밍 토너 스킨부스터 더블 기획 (200ml+200ml),https://www.oliveyoung.co.kr/store/goods/getGoodsDetail.do?goodsNo=A000000155253&dispCatNo=90000010009&trackingCd=Best_Sellingbest&t_page=랭킹&t_click=판매랭킹_스킨케어_상품상세&t_number=83
스킨케어,84,아비브,[촘촘진정] 아비브 어성초 카밍 토너 스킨부스터 250ml 기획(+250ml 리필증정),https://www.oliveyoung.co.kr/store/goods/getGoodsDetail.do?goodsNo=A000000188086&dispCatNo=90000010009&trackingCd=Best_Sellingbest&t_page=랭킹&t_click=판매랭킹_스킨케어_상품상세&t_number=84
스킨케어,85,피지오겔,[한정기획] 피지오겔 사이언수티컬즈 디멜라나이저 토닝 앰플 세럼 20ml + 에센스 20ml + 마스크팩 1매,https://www.oliveyoung.co.kr/store/goods/getGoodsDetail.do?goodsNo=A000000203795&dispCatNo=90000010009&trackingCd=Best_Sellingbest&t_page=랭킹&t_click=판매랭킹_스킨케어_상품상세&t_number=85
스킨케어,86,디마르3,[리뷰이벤트] 디마르3 시그니처 에스투드 프로텍터 대용량 모공 앰플 170ml,https://www.oliveyoung.co.kr/store/goods/getGoodsDetail.do?goodsNo=A000000188968&dispCatNo=90000010009&trackingCd=Best_Sellingbest&t_page=랭킹&t_click=판매랭킹_스킨케어_상품상세&t_number=86
스킨케어,87,더랩바이블랑두,더랩바이블랑두 저분자 히알루론산 딥토너 500ml+238ml 리필캔 기획,https://www.oliveyoung.co.kr/store/goods/getGoodsDetail.do?goodsNo=A000000189455&dispCatNo=90000010009&trackingCd=Best_Sellingbest&t_page=랭킹&t_click=판매랭킹_스킨케어_상품상세&t_number=87
스킨케어,88,넘버즈인,[수딩진정] 넘버즈인 1번 판토텐산 액티브 수딩크림 80ml 기획 (+패드 6매),https://www.oliveyoung.co.kr/store/goods/getGoodsDetail.do?goodsNo=A000000200480&dispCatNo=90000010009&trackingCd=Best_Sellingbest&t_page=랭킹&t_click=판매랭킹_스킨케어_상품상세&t_number=88
스킨케어,89,토리든,[단독기획] 토리든 밸런스풀 시카 진정 세럼 50ml 기획(+밸런스풀 크림 20ml),https://www.oliveyoung.co.kr/store/goods/getGoodsDetail.do?goodsNo=A000000180586&dispCatNo=90000010009&trackingCd=Best_Sellingbest&t_page=랭킹&t_click=판매랭킹_스킨케어_상품상세&t_number=89
스킨케어,90,바이오더마,[온라인몰 단독기획]바이오더마 하이드라비오 세럼 더블기획(40ml+40ml),https://www.oliveyoung.co.kr/store/goods/getGoodsDetail.do?goodsNo=A000000156315&dispCatNo=90000010009&trackingCd=Best_Sellingbest&t_page=랭킹&t_click=판매랭킹_스킨케어_상품상세&t_number=90
스킨케어,91,아비브,[보습탄력] 아비브 부활초 크림 뉴트리션 튜브 75ml 기획 (+30ml 추가 증정),https://www.oliveyoung.co.kr/store/goods/getGoodsDetail.do?goodsNo=A000000158038&dispCatNo=90000010009&trackingCd=Best_Sellingbest&t_page=랭킹&t_click=판매랭킹_스킨케어_상품상세&t_number=91
스킨케어,92,더하르나이,[화잘먹크림/1+1단독기획]더하르나이 시카이드 크림 100ml + 30ml 기획,https://www.oliveyoung.co.kr/store/goods/getGoodsDetail.do?goodsNo=A000000192405&dispCatNo=90000010009&trackingCd=Best_Sellingbest&t_page=랭킹&t_click=판매랭킹_스킨케어_상품상세&t_number=92
스킨케어,93,헤브블루,헤브블루 살몬 케어링 센텔라 크림 100ml,https://www.oliveyoung.co.kr/store/goods/getGoodsDetail.do?goodsNo=A000000201592&dispCatNo=90000010009&trackingCd=Best_Sellingbest&t_page=랭킹&t_click=판매랭킹_스킨케어_상품상세&t_number=93
스킨케어,94,에스네이처,[화해1위] 에스네이처 아쿠아 오아시스 토너 300ml 기획(+ 수분크림30ml증정),https://www.oliveyoung.co.kr/store/goods/getGoodsDetail.do?goodsNo=A000000161355&dispCatNo=90000010009&trackingCd=Best_Sellingbest&t_page=랭킹&t_click=판매랭킹_스킨케어_상품상세&t_number=94
스킨케어,95,라운드랩,[6월 올영픽] 라운드랩 1025 독도 로션 400ml 대용량,https://www.oliveyoung.co.kr/store/goods/getGoodsDetail.do?goodsNo=A000000161508&dispCatNo=90000010009&trackingCd=Best_Sellingbest&t_page=랭킹&t_click=판매랭킹_스킨케어_상품상세&t_number=95
스킨케어,96,에스트라,에스트라 에이시카365 수분진정결토너 250ml 기획(+토너 50ml 증정),https://www.oliveyoung.co.kr/store/goods/getGoodsDetail.do?goodsNo=A000000178002&dispCatNo=90000010009&trackingCd=Best_Sellingbest&t_page=랭킹&t_click=판매랭킹_스킨케어_상품상세&t_number=96
스킨케어,97,아누아,아누아 어성초 70 데일리 로션 200ml,https://www.oliveyoung.co.kr/store/goods/getGoodsDetail.do?goodsNo=A000000176103&dispCatNo=90000010009&trackingCd=Best_Sellingbest&t_page=랭킹&t_click=판매랭킹_스킨케어_상품상세&t_number=97
스킨케어,98,바이오힐보,[NEW] 바이오힐보 판테셀 리페어시카 크림 50mL+50mL 기획,https://www.oliveyoung.co.kr/store/goods/getGoodsDetail.do?goodsNo=A000000189248&dispCatNo=90000010009&trackingCd=Best_Sellingbest&t_page=랭킹&t_click=판매랭킹_스킨케어_상품상세&t_number=98
스킨케어,99,에스트라,에스트라 아토베리어365 하이드로 수딩크림 60ml,https://www.oliveyoung.co.kr/store/goods/getGoodsDetail.do?goodsNo=A000000150890&dispCatNo=90000010009&trackingCd=Best_Sellingbest&t_page=랭킹&t_click=판매랭킹_스킨케어_상품상세&t_number=99
스킨케어,100,아이디얼포맨,[스킨+로션+선크림]아이디얼 포 맨 선디펜스 올인원 기획(120ml+50ml)(2023),https://www.oliveyoung.co.kr/store/goods/getGoodsDetail.do?goodsNo=A000000191771&dispCatNo=90000010009&trackingCd=Best_Sellingbest&t_page=랭킹&t_click=판매랭킹_스킨케어_상품상세&t_number=100
마스크팩,1,메디힐,[한정기획] 메디힐 패드 100매+100매(+10매) 더블기획 6종 택1,https://www.oliveyoung.co.kr/store/goods/getGoodsDetail.do?goodsNo=A000000205482&dispCatNo=90000010009&trackingCd=Best_Sellingbest&t_page=랭킹&t_click=판매랭킹_마스크팩_상품상세&t_number=1
마스크팩,2,메디힐,[6년연속1위] 메디힐 에센셜 마스크팩 1매 6종 택1,https://www.oliveyoung.co.kr/store/goods/getGoodsDetail.do?goodsNo=A000000160659&dispCatNo=90000010009&trackingCd=Best_Sellingbest&t_page=랭킹&t_click=판매랭킹_마스크팩_상품상세&t_number=2
마스크팩,3,아누아,[6/1 하루특가][리필기획] 아누아 어성초 77 클리어패드 리필 기획 (70+70매 리필),https://www.oliveyoung.co.kr/store/goods/getGoodsDetail.do?goodsNo=A000000162249&dispCatNo=90000010009&trackingCd=Best_Sellingbest&t_page=랭킹&t_click=판매랭킹_마스크팩_상품상세&t_number=3
마스크팩,4,스킨푸드,[100개특가/총90매]스킨푸드 캐롯 카로틴 카밍 워터 패드 기획 (60매+30매+캐롯시트 2매 증정),https://www.oliveyoung.co.kr/store/goods/getGoodsDetail.do?goodsNo=A000000204929&dispCatNo=90000010009&trackingCd=Best_Sellingbest&t_page=랭킹&t_click=판매랭킹_마스크팩_상품상세&t_number=4
마스크팩,5,메디힐,[6년연속1위] 메디힐 에센셜 마스크팩 10매 6종 택1,https://www.oliveyoung.co.kr/store/goods/getGoodsDetail.do?goodsNo=A000000160736&dispCatNo=90000010009&trackingCd=Best_Sellingbest&t_page=랭킹&t_click=판매랭킹_마스크팩_상품상세&t_number=5
마스크팩,6,넘버즈인,[10매] 넘버즈인 1번~5번 마스크팩 10매 기획 5종 중 택 1,https://www.oliveyoung.co.kr/store/goods/getGoodsDetail.do?goodsNo=A000000205979&dispCatNo=90000010009&trackingCd=Best_Sellingbest&t_page=랭킹&t_click=판매랭킹_마스크팩_상품상세&t_number=6
마스크팩,7,바이오던스,바이오던스 바이오 콜라겐 리얼 딥 마스크 16매,https://www.oliveyoung.co.kr/store/goods/getGoodsDetail.do?goodsNo=A000000184348&dispCatNo=90000010009&trackingCd=Best_Sellingbest&t_page=랭킹&t_click=판매랭킹_마스크팩_상품상세&t_number=7
마스크팩,8,바이오던스,[100개특가/OY 단독] 바이오던스 바이오 콜라겐 리얼 딥 마스크 7매,https://www.oliveyoung.co.kr/store/goods/getGoodsDetail.do?goodsNo=A000000187480&dispCatNo=90000010009&trackingCd=Best_Sellingbest&t_page=랭킹&t_click=판매랭킹_마스크팩_상품상세&t_number=8
마스크팩,9,메디힐,[한정수량 스페셜 증정] 메디힐 더마 모델링 팩 풀패키지 3종 택1(티트리/마데카소사이드/히알루론산),https://www.oliveyoung.co.kr/store/goods/getGoodsDetail.do?goodsNo=A000000205486&dispCatNo=90000010009&trackingCd=Best_Sellingbest&t_page=랭킹&t_click=판매랭킹_마스크팩_상품상세&t_number=9
마스크팩,10,셀퓨전씨,[수분쿨링] 셀퓨전씨 포스트 알파 쿨링 패드 70매,https://www.oliveyoung.co.kr/store/goods/getGoodsDetail.do?goodsNo=A000000167203&dispCatNo=90000010009&trackingCd=Best_Sellingbest&t_page=랭킹&t_click=판매랭킹_마스크팩_상품상세&t_number=10
마스크팩,11,아로셀,[소의튜브 PICK/ 콜라겐177%생성] 아로셀 슈퍼 콜라겐 마스크 2종 택1,https://www.oliveyoung.co.kr/store/goods/getGoodsDetail.do?goodsNo=A000000206206&dispCatNo=90000010009&trackingCd=Best_Sellingbest&t_page=랭킹&t_click=판매랭킹_마스크팩_상품상세&t_number=11
마스크팩,12,메디힐,[6년연속1위/단독기획] 메디힐 티트리 에센셜 마스크 10+1매 기획,https://www.oliveyoung.co.kr/store/goods/getGoodsDetail.do?goodsNo=A000000180500&dispCatNo=90000010009&trackingCd=Best_Sellingbest&t_page=랭킹&t_click=판매랭킹_마스크팩_상품상세&t_number=12
마스크팩,13,코스알엑스,[180매대용량] 코스알엑스 원스텝 패드 90매 더블기획 3종 중 택1,https://www.oliveyoung.co.kr/store/goods/getGoodsDetail.do?goodsNo=A000000167387&dispCatNo=90000010009&trackingCd=Best_Sellingbest&t_page=랭킹&t_click=판매랭킹_마스크팩_상품상세&t_number=13
마스크팩,14,토리든,[6월 올영픽/소의튜브개발참여/1+1] 토리든 올인원 모델링 팩 2종(히알루론산/시카),https://www.oliveyoung.co.kr/store/goods/getGoodsDetail.do?goodsNo=A000000204558&dispCatNo=90000010009&trackingCd=Best_Sellingbest&t_page=랭킹&t_click=판매랭킹_마스크팩_상품상세&t_number=14
마스크팩,15,구달,[100개특가/총140매] 구달 청귤 비타C 잡티케어 패드 70매+70매 리필기획,https://www.oliveyoung.co.kr/store/goods/getGoodsDetail.do?goodsNo=A000000189175&dispCatNo=90000010009&trackingCd=Best_Sellingbest&t_page=랭킹&t_click=판매랭킹_마스크팩_상품상세&t_number=15
마스크팩,16,토리든,토리든 다이브인 저분자 히알루론산 마스크 10매,https://www.oliveyoung.co.kr/store/goods/getGoodsDetail.do?goodsNo=A000000158752&dispCatNo=90000010009&trackingCd=Best_Sellingbest&t_page=랭킹&t_click=판매랭킹_마스크팩_상품상세&t_number=16
마스크팩,17,토르홉,토르홉 베스트 마스크 3종 택1 (+사우난지앙 솔트마스크 증정기획세트 or 무스타 콩테 퀵마스크),https://www.oliveyoung.co.kr/store/goods/getGoodsDetail.do?goodsNo=A000000202947&dispCatNo=90000010009&trackingCd=Best_Sellingbest&t_page=랭킹&t_click=판매랭킹_마스크팩_상품상세&t_number=17
마스크팩,18,바이오힐보,[100개 특가][모공교정] 바이오힐보 프로바이오덤 콜라겐 리모델링 세럼 패드 기획세트 (+세럼13ml증정),https://www.oliveyoung.co.kr/store/goods/getGoodsDetail.do?goodsNo=A000000204311&dispCatNo=90000010009&trackingCd=Best_Sellingbest&t_page=랭킹&t_click=판매랭킹_마스크팩_상품상세&t_number=18
마스크팩,19,넘버즈인,[수딩진정] 넘버즈인 1번 시카 갈아만든 초록패드 70매 (+70매 리필기획),https://www.oliveyoung.co.kr/store/goods/getGoodsDetail.do?goodsNo=A000000185572&dispCatNo=90000010009&trackingCd=Best_Sellingbest&t_page=랭킹&t_click=판매랭킹_마스크팩_상품상세&t_number=19
마스크팩,20,SNP,[소윤PICK] SNP 골드 콜라겐 퍼펙션 아이패치 더블 기획(60매+60매),https://www.oliveyoung.co.kr/store/goods/getGoodsDetail.do?goodsNo=A000000196712&dispCatNo=90000010009&trackingCd=Best_Sellingbest&t_page=랭킹&t_click=판매랭킹_마스크팩_상품상세&t_number=20
마스크팩,21,브링그린,브링그린 프레시마스크 1매 5종,https://www.oliveyoung.co.kr/store/goods/getGoodsDetail.do?goodsNo=A000000185111&dispCatNo=90000010009&trackingCd=Best_Sellingbest&t_page=랭킹&t_click=판매랭킹_마스크팩_상품상세&t_number=21
마스크팩,22,넘버즈인,[총 5매] 넘버즈인 1~5번 마스크팩 4매 (+1매 증정기획) 5종 중 택 1,https://www.oliveyoung.co.kr/store/goods/getGoodsDetail.do?goodsNo=A000000166626&dispCatNo=90000010009&trackingCd=Best_Sellingbest&t_page=랭킹&t_click=판매랭킹_마스크팩_상품상세&t_number=22
마스크팩,23,더샘,[신규4종 런칭] 더샘 내추럴 마스크팩 1매 (10종 중 택1),https://www.oliveyoung.co.kr/store/goods/getGoodsDetail.do?goodsNo=A000000189195&dispCatNo=90000010009&trackingCd=Best_Sellingbest&t_page=랭킹&t_click=판매랭킹_마스크팩_상품상세&t_number=23
마스크팩,24,메디힐,[32관왕] 메디힐 레티놀 콜라겐 탄력 패드 100매,https://www.oliveyoung.co.kr/store/goods/getGoodsDetail.do?goodsNo=A000000189074&dispCatNo=90000010009&trackingCd=Best_Sellingbest&t_page=랭킹&t_click=판매랭킹_마스크팩_상품상세&t_number=24
마스크팩,25,브링그린,[1+1] 브링그린 티트리시카포어코팩 3매입,https://www.oliveyoung.co.kr/store/goods/getGoodsDetail.do?goodsNo=A000000185113&dispCatNo=90000010009&trackingCd=Best_Sellingbest&t_page=랭킹&t_click=판매랭킹_마스크팩_상품상세&t_number=25
마스크팩,26,메디힐,[6년연속1위] 메디힐 에센셜 마스크팩 20매 4종 택1,https://www.oliveyoung.co.kr/store/goods/getGoodsDetail.do?goodsNo=A000000160807&dispCatNo=90000010009&trackingCd=Best_Sellingbest&t_page=랭킹&t_click=판매랭킹_마스크팩_상품상세&t_number=26
마스크팩,27,아비브,[열감진정] 아비브 어성초 스팟 패드 카밍터치 리필 기획 (80매+리필 80매),https://www.oliveyoung.co.kr/store/goods/getGoodsDetail.do?goodsNo=A000000170041&dispCatNo=90000010009&trackingCd=Best_Sellingbest&t_page=랭킹&t_click=판매랭킹_마스크팩_상품상세&t_number=27
마스크팩,28,메디필,메디필 랩핑 마스크팩 70mL 브러시 기획세트 2종 택1(레드락토 콜라겐/히알루론산 물톡스),https://www.oliveyoung.co.kr/store/goods/getGoodsDetail.do?goodsNo=A000000174610&dispCatNo=90000010009&trackingCd=Best_Sellingbest&t_page=랭킹&t_click=판매랭킹_마스크팩_상품상세&t_number=28
마스크팩,29,코스알엑스,코스알엑스 퓨어핏 시카 카밍 트루 시트 마스크,https://www.oliveyoung.co.kr/store/goods/getGoodsDetail.do?goodsNo=A000000139810&dispCatNo=90000010009&trackingCd=Best_Sellingbest&t_page=랭킹&t_click=판매랭킹_마스크팩_상품상세&t_number=29
마스크팩,30,스킨푸드,[100개특가/총70매]스킨푸드 감자 마데카소사이드 수딩 패드 60매 (+10매 증정기획),https://www.oliveyoung.co.kr/store/goods/getGoodsDetail.do?goodsNo=A000000200397&dispCatNo=90000010009&trackingCd=Best_Sellingbest&t_page=랭킹&t_click=판매랭킹_마스크팩_상품상세&t_number=30
마스크팩,31,아비브,[순한진정] 아비브 약산성 pH 시트 마스크 어성초 핏 5매 (+1매 증정 기획),https://www.oliveyoung.co.kr/store/goods/getGoodsDetail.do?goodsNo=A000000170300&dispCatNo=90000010009&trackingCd=Best_Sellingbest&t_page=랭킹&t_click=판매랭킹_마스크팩_상품상세&t_number=31
마스크팩,32,메디힐,[피지스패출러] 메디힐 블랙헤드 멜팅 클리어 코팩 4매,https://www.oliveyoung.co.kr/store/goods/getGoodsDetail.do?goodsNo=A000000202899&dispCatNo=90000010009&trackingCd=Best_Sellingbest&t_page=랭킹&t_click=판매랭킹_마스크팩_상품상세&t_number=32
마스크팩,33,비플레인,[100특가/3분모공손절] 비플레인 녹두 모공 클레이 팩 120ml (+12ml*4ea 증정기획),https://www.oliveyoung.co.kr/store/goods/getGoodsDetail.do?goodsNo=A000000188082&dispCatNo=90000010009&trackingCd=Best_Sellingbest&t_page=랭킹&t_click=판매랭킹_마스크팩_상품상세&t_number=33
마스크팩,34,메디힐,[32관왕] 메디힐 마데카소사이드 흔적 패드 100매 (+100매 더블증정 기획),https://www.oliveyoung.co.kr/store/goods/getGoodsDetail.do?goodsNo=A000000171427&dispCatNo=90000010009&trackingCd=Best_Sellingbest&t_page=랭킹&t_click=판매랭킹_마스크팩_상품상세&t_number=34
마스크팩,35,일소,"[2023어워즈]일소 노우즈 팩 10매 한정 기획(+1매, 머드팩 20g)",https://www.oliveyoung.co.kr/store/goods/getGoodsDetail.do?goodsNo=A000000192620&dispCatNo=90000010009&trackingCd=Best_Sellingbest&t_page=랭킹&t_click=판매랭킹_마스크팩_상품상세&t_number=35
마스크팩,36,라운드랩,[6월 올영픽/수분밀착] 라운드랩 자작나무 수분 패드 더블 기획 (80매+80매),https://www.oliveyoung.co.kr/store/goods/getGoodsDetail.do?goodsNo=A000000160796&dispCatNo=90000010009&trackingCd=Best_Sellingbest&t_page=랭킹&t_click=판매랭킹_마스크팩_상품상세&t_number=36
마스크팩,37,넘버즈인,[모공각질] 넘버즈인 4번 모공제로 깐달걀 토너패드 70매 기획 (+10매 추가 증정),https://www.oliveyoung.co.kr/store/goods/getGoodsDetail.do?goodsNo=A000000162247&dispCatNo=90000010009&trackingCd=Best_Sellingbest&t_page=랭킹&t_click=판매랭킹_마스크팩_상품상세&t_number=37
마스크팩,38,바이오던스,[신상특가] 바이오던스 하이드로 세라놀 리얼 딥 마스크 7매,https://www.oliveyoung.co.kr/store/goods/getGoodsDetail.do?goodsNo=A000000201133&dispCatNo=90000010009&trackingCd=Best_Sellingbest&t_page=랭킹&t_click=판매랭킹_마스크팩_상품상세&t_number=38
마스크팩,39,린제이,린제이 모델링 마스크 7종 택1,https://www.oliveyoung.co.kr/store/goods/getGoodsDetail.do?goodsNo=A000000010497&dispCatNo=90000010009&trackingCd=Best_Sellingbest&t_page=랭킹&t_click=판매랭킹_마스크팩_상품상세&t_number=39
마스크팩,40,메디힐,[32관왕] 메디힐 마데카소사이드 흔적 패드 100매,https://www.oliveyoung.co.kr/store/goods/getGoodsDetail.do?goodsNo=A000000171426&dispCatNo=90000010009&trackingCd=Best_Sellingbest&t_page=랭킹&t_click=판매랭킹_마스크팩_상품상세&t_number=40
마스크팩,41,마몽드,[1등 마스크] 마몽드 플로라글로우 로즈 리퀴드 마스크 80ml +패드 20매 증정,https://www.oliveyoung.co.kr/store/goods/getGoodsDetail.do?goodsNo=A000000200805&dispCatNo=90000010009&trackingCd=Best_Sellingbest&t_page=랭킹&t_click=판매랭킹_마스크팩_상품상세&t_number=41
마스크팩,42,스킨푸드,[뽑아쓰는 마스크팩] 스킨푸드 데일리 마스크 30매 4종 중 택1,https://www.oliveyoung.co.kr/store/goods/getGoodsDetail.do?goodsNo=A000000197743&dispCatNo=90000010009&trackingCd=Best_Sellingbest&t_page=랭킹&t_click=판매랭킹_마스크팩_상품상세&t_number=42
마스크팩,43,러븀,러븀 애프터 글로우 유자 겔 마스크 5매,https://www.oliveyoung.co.kr/store/goods/getGoodsDetail.do?goodsNo=A000000186780&dispCatNo=90000010009&trackingCd=Best_Sellingbest&t_page=랭킹&t_click=판매랭킹_마스크팩_상품상세&t_number=43
마스크팩,44,넘버즈인,[모공각질] 넘버즈인 4번 모공제로 깐달걀 토너패드 70매 리필 기획 (70매+70매 리필),https://www.oliveyoung.co.kr/store/goods/getGoodsDetail.do?goodsNo=A000000182630&dispCatNo=90000010009&trackingCd=Best_Sellingbest&t_page=랭킹&t_click=판매랭킹_마스크팩_상품상세&t_number=44
마스크팩,45,메디힐,[32관왕] 메디힐 티트리 패드 100매 (+100매 더블증정 기획),https://www.oliveyoung.co.kr/store/goods/getGoodsDetail.do?goodsNo=A000000171417&dispCatNo=90000010009&trackingCd=Best_Sellingbest&t_page=랭킹&t_click=판매랭킹_마스크팩_상품상세&t_number=45
마스크팩,46,아이소이,[더블기획] 아이소이 블레미쉬 케어 아이&미간 패치 90매 (+90매 더블기획),https://www.oliveyoung.co.kr/store/goods/getGoodsDetail.do?goodsNo=A000000198829&dispCatNo=90000010009&trackingCd=Best_Sellingbest&t_page=랭킹&t_click=판매랭킹_마스크팩_상품상세&t_number=46
마스크팩,47,아비브,[10분진정] 아비브 껌딱지 시트 마스크 어성초 스티커 5매 (+1매 증정기획),https://www.oliveyoung.co.kr/store/goods/getGoodsDetail.do?goodsNo=A000000188270&dispCatNo=90000010009&trackingCd=Best_Sellingbest&t_page=랭킹&t_click=판매랭킹_마스크팩_상품상세&t_number=47
마스크팩,48,아이오페,아이오페 스킨 부스터 앰플 필 패드 5매 (+1매 증정기획),https://www.oliveyoung.co.kr/store/goods/getGoodsDetail.do?goodsNo=A000000203334&dispCatNo=90000010009&trackingCd=Best_Sellingbest&t_page=랭킹&t_click=판매랭킹_마스크팩_상품상세&t_number=48
마스크팩,49,일소,일소 네추럴 마일드 클리어 노우즈 팩 10매 기획,https://www.oliveyoung.co.kr/store/goods/getGoodsDetail.do?goodsNo=A000000180455&dispCatNo=90000010009&trackingCd=Best_Sellingbest&t_page=랭킹&t_click=판매랭킹_마스크팩_상품상세&t_number=49
마스크팩,50,넘버즈인,[1매] 넘버즈인 1번~5번 마스크팩 5종 중 택 1,https://www.oliveyoung.co.kr/store/goods/getGoodsDetail.do?goodsNo=A000000160901&dispCatNo=90000010009&trackingCd=Best_Sellingbest&t_page=랭킹&t_click=판매랭킹_마스크팩_상품상세&t_number=50
마스크팩,51,더마토리,[도경수PICK/단독기획] 더마토리 패드 리필기획 3종 중 택 1 (시카/모공/탄력),https://www.oliveyoung.co.kr/store/goods/getGoodsDetail.do?goodsNo=A000000188213&dispCatNo=90000010009&trackingCd=Best_Sellingbest&t_page=랭킹&t_click=판매랭킹_마스크팩_상품상세&t_number=51
마스크팩,52,셀퓨전씨,[급속쿨링/5매입] 셀퓨전씨 포스트 알파 퍼스트 쿨링 마스크 5P,https://www.oliveyoung.co.kr/store/goods/getGoodsDetail.do?goodsNo=A000000115199&dispCatNo=90000010009&trackingCd=Best_Sellingbest&t_page=랭킹&t_click=판매랭킹_마스크팩_상품상세&t_number=52
마스크팩,53,토리든,[6월 올영픽/단독기획] 토리든 다이브인 저분자 히알루론산 마스크 5+1매 기획,https://www.oliveyoung.co.kr/store/goods/getGoodsDetail.do?goodsNo=A000000170330&dispCatNo=90000010009&trackingCd=Best_Sellingbest&t_page=랭킹&t_click=판매랭킹_마스크팩_상품상세&t_number=53
마스크팩,54,아비브,[100개특가/열감진정] 아비브 어성초 스팟 패드 카밍터치 140매 대용량 기획,https://www.oliveyoung.co.kr/store/goods/getGoodsDetail.do?goodsNo=A000000163609&dispCatNo=90000010009&trackingCd=Best_Sellingbest&t_page=랭킹&t_click=판매랭킹_마스크팩_상품상세&t_number=54
마스크팩,55,메디힐,[NEW] 메디힐 히알루론산 워터마이드 에센셜 마스크 10+2매 기획,https://www.oliveyoung.co.kr/store/goods/getGoodsDetail.do?goodsNo=A000000203023&dispCatNo=90000010009&trackingCd=Best_Sellingbest&t_page=랭킹&t_click=판매랭킹_마스크팩_상품상세&t_number=55
마스크팩,56,일소,일소 네추럴 마일드 클리어 노우즈 팩 5매입,https://www.oliveyoung.co.kr/store/goods/getGoodsDetail.do?goodsNo=A000000171820&dispCatNo=90000010009&trackingCd=Best_Sellingbest&t_page=랭킹&t_click=판매랭킹_마스크팩_상품상세&t_number=56
마스크팩,57,메디앤서,메디앤서 비타 콜라겐 마스크 20매,https://www.oliveyoung.co.kr/store/goods/getGoodsDetail.do?goodsNo=A000000185419&dispCatNo=90000010009&trackingCd=Best_Sellingbest&t_page=랭킹&t_click=판매랭킹_마스크팩_상품상세&t_number=57
마스크팩,58,브링그린,[신상 특가][1+1]브링그린 모델링 팩 [티트리 시카/대나무 히알루/토닝비타] 28g/5개입,https://www.oliveyoung.co.kr/store/goods/getGoodsDetail.do?goodsNo=A000000193133&dispCatNo=90000010009&trackingCd=Best_Sellingbest&t_page=랭킹&t_click=판매랭킹_마스크팩_상품상세&t_number=58
마스크팩,59,잇츠스킨,[6월 올영픽] 잇츠스킨 파워10포뮬라 엘아이 젤리패드 130매(+도라에몽 파우치 증정기획),https://www.oliveyoung.co.kr/store/goods/getGoodsDetail.do?goodsNo=A000000205856&dispCatNo=90000010009&trackingCd=Best_Sellingbest&t_page=랭킹&t_click=판매랭킹_마스크팩_상품상세&t_number=59
마스크팩,60,셀퓨전씨,[진정쿨링] 셀퓨전씨 포스트 알파 시카 쿨링 마스크 1매,https://www.oliveyoung.co.kr/store/goods/getGoodsDetail.do?goodsNo=A000000165564&dispCatNo=90000010009&trackingCd=Best_Sellingbest&t_page=랭킹&t_click=판매랭킹_마스크팩_상품상세&t_number=60
마스크팩,61,한율,[부들밤]한율 부들밤 말끔/깔끔 모공팩 100ml (15ml+모공패드 4매)기획 택1,https://www.oliveyoung.co.kr/store/goods/getGoodsDetail.do?goodsNo=A000000202388&dispCatNo=90000010009&trackingCd=Best_Sellingbest&t_page=랭킹&t_click=판매랭킹_마스크팩_상품상세&t_number=61
마스크팩,62,바이오던스,[700만장 돌파] 바이오던스 바이오 콜라겐 리얼 딥 마스크 4매,https://www.oliveyoung.co.kr/store/goods/getGoodsDetail.do?goodsNo=A000000181343&dispCatNo=90000010009&trackingCd=Best_Sellingbest&t_page=랭킹&t_click=판매랭킹_마스크팩_상품상세&t_number=62
마스크팩,63,라운드랩,[6월 올영픽] 라운드랩 소나무 진정 시카 패드 더블 기획 (50매+50매),https://www.oliveyoung.co.kr/store/goods/getGoodsDetail.do?goodsNo=A000000168335&dispCatNo=90000010009&trackingCd=Best_Sellingbest&t_page=랭킹&t_click=판매랭킹_마스크팩_상품상세&t_number=63
마스크팩,64,러븀,[김시아 PICK] 러븀 카밍 리페어 어린시카 겔 마스크 5매,https://www.oliveyoung.co.kr/store/goods/getGoodsDetail.do?goodsNo=A000000178218&dispCatNo=90000010009&trackingCd=Best_Sellingbest&t_page=랭킹&t_click=판매랭킹_마스크팩_상품상세&t_number=64
마스크팩,65,프란츠,프란츠 네이키드 선쉴드 펩타이드 패치 L사이즈 5개입,https://www.oliveyoung.co.kr/store/goods/getGoodsDetail.do?goodsNo=A000000187242&dispCatNo=90000010009&trackingCd=Best_Sellingbest&t_page=랭킹&t_click=판매랭킹_마스크팩_상품상세&t_number=65
마스크팩,66,스트라이덱스,[NEW][OY단독] 스트라이덱스 맥스플러스 55매,https://www.oliveyoung.co.kr/store/goods/getGoodsDetail.do?goodsNo=A000000205870&dispCatNo=90000010009&trackingCd=Best_Sellingbest&t_page=랭킹&t_click=판매랭킹_마스크팩_상품상세&t_number=66
마스크팩,67,리쥬란,[피부특화 DNA성분] 리쥬란 힐러 스킨 프로텍션 마스크 1매/5매,https://www.oliveyoung.co.kr/store/goods/getGoodsDetail.do?goodsNo=A000000169512&dispCatNo=90000010009&trackingCd=Best_Sellingbest&t_page=랭킹&t_click=판매랭킹_마스크팩_상품상세&t_number=67
마스크팩,68,잇츠스킨,[6월 올영픽] 잇츠스킨 파워10포뮬라 엘아이 토너패드 80매(+도라에몽 파우치 증정 기획),https://www.oliveyoung.co.kr/store/goods/getGoodsDetail.do?goodsNo=A000000205857&dispCatNo=90000010009&trackingCd=Best_Sellingbest&t_page=랭킹&t_click=판매랭킹_마스크팩_상품상세&t_number=68
마스크팩,69,비건이펙트,[수분진정] 비건이펙트 클린 앤 글로우 청보리 퍼스트 LHA 토너 패드 60매,https://www.oliveyoung.co.kr/store/goods/getGoodsDetail.do?goodsNo=A000000168282&dispCatNo=90000010009&trackingCd=Best_Sellingbest&t_page=랭킹&t_click=판매랭킹_마스크팩_상품상세&t_number=69
마스크팩,70,메디필,메디필 레드 락토 콜라겐 랩핑 마스크 70ml (+70ml 더블 기획),https://www.oliveyoung.co.kr/store/goods/getGoodsDetail.do?goodsNo=A000000201324&dispCatNo=90000010009&trackingCd=Best_Sellingbest&t_page=랭킹&t_click=판매랭킹_마스크팩_상품상세&t_number=70
마스크팩,71,유세린,[신상특가/NEW] 유세린 울트라 센시티브 리페어 마스크팩 5매,https://www.oliveyoung.co.kr/store/goods/getGoodsDetail.do?goodsNo=A000000203908&dispCatNo=90000010009&trackingCd=Best_Sellingbest&t_page=랭킹&t_click=판매랭킹_마스크팩_상품상세&t_number=71
마스크팩,72,구달,[단독기획] 구달 청귤 비타C 수분 아이패치 60매+60매 더블 기획,https://www.oliveyoung.co.kr/store/goods/getGoodsDetail.do?goodsNo=A000000187780&dispCatNo=90000010009&trackingCd=Best_Sellingbest&t_page=랭킹&t_click=판매랭킹_마스크팩_상품상세&t_number=72
마스크팩,73,메디힐,[32관왕] 메디힐 티트리 진정 패드 100매,https://www.oliveyoung.co.kr/store/goods/getGoodsDetail.do?goodsNo=A000000171400&dispCatNo=90000010009&trackingCd=Best_Sellingbest&t_page=랭킹&t_click=판매랭킹_마스크팩_상품상세&t_number=73
마스크팩,74,린제이,린제이 프리미엄 쿨티트리 모델링 팩 1Kg,https://www.oliveyoung.co.kr/store/goods/getGoodsDetail.do?goodsNo=A000000147080&dispCatNo=90000010009&trackingCd=Best_Sellingbest&t_page=랭킹&t_click=판매랭킹_마스크팩_상품상세&t_number=74
마스크팩,75,토리든,토리든 다이브인 저분자 히알루론산 마스크 1매,https://www.oliveyoung.co.kr/store/goods/getGoodsDetail.do?goodsNo=A000000158750&dispCatNo=90000010009&trackingCd=Best_Sellingbest&t_page=랭킹&t_click=판매랭킹_마스크팩_상품상세&t_number=75
마스크팩,76,구달,구달 흑당근 비타A 레티놀 탄력 리프팅 마스크 1매,https://www.oliveyoung.co.kr/store/goods/getGoodsDetail.do?goodsNo=A000000199477&dispCatNo=90000010009&trackingCd=Best_Sellingbest&t_page=랭킹&t_click=판매랭킹_마스크팩_상품상세&t_number=76
마스크팩,77,바이오힐보,바이오힐보 판테셀 리페어시카 거즈패드 80매+80매 기획,https://www.oliveyoung.co.kr/store/goods/getGoodsDetail.do?goodsNo=A000000189003&dispCatNo=90000010009&trackingCd=Best_Sellingbest&t_page=랭킹&t_click=판매랭킹_마스크팩_상품상세&t_number=77
마스크팩,78,메디힐,[한정수량 스페셜 증정] 메디힐 더마 모델링 팩 풀패키지 (티트리 진정),https://www.oliveyoung.co.kr/store/goods/getGoodsDetail.do?goodsNo=A000000205483&dispCatNo=90000010009&trackingCd=Best_Sellingbest&t_page=랭킹&t_click=판매랭킹_마스크팩_상품상세&t_number=78
마스크팩,79,브링그린,브링그린 티트리시카트러블수딩토너패드 90매+90매 리필 기획,https://www.oliveyoung.co.kr/store/goods/getGoodsDetail.do?goodsNo=A000000185099&dispCatNo=90000010009&trackingCd=Best_Sellingbest&t_page=랭킹&t_click=판매랭킹_마스크팩_상품상세&t_number=79
마스크팩,80,셀리맥스,셀리맥스 어성초 바하 지우개 필링 패드 60매,https://www.oliveyoung.co.kr/store/goods/getGoodsDetail.do?goodsNo=A000000146623&dispCatNo=90000010009&trackingCd=Best_Sellingbest&t_page=랭킹&t_click=판매랭킹_마스크팩_상품상세&t_number=80
마스크팩,81,메디힐,[18관왕 1등] 메디힐 더마 모델링 팩 풀패키지 (비타민 잡티),https://www.oliveyoung.co.kr/store/goods/getGoodsDetail.do?goodsNo=A000000202922&dispCatNo=90000010009&trackingCd=Best_Sellingbest&t_page=랭킹&t_click=판매랭킹_마스크팩_상품상세&t_number=81
마스크팩,82,한율,"[택1] 한율 달빛유자 애플존패드,부들밤패드,어린쑥패드",https://www.oliveyoung.co.kr/store/goods/getGoodsDetail.do?goodsNo=A000000199207&dispCatNo=90000010009&trackingCd=Best_Sellingbest&t_page=랭킹&t_click=판매랭킹_마스크팩_상품상세&t_number=82
마스크팩,83,구달,[한정기획] 구달 청귤 비타C 잡티케어 세럼 마스크 4매입,https://www.oliveyoung.co.kr/store/goods/getGoodsDetail.do?goodsNo=A000000162321&dispCatNo=90000010009&trackingCd=Best_Sellingbest&t_page=랭킹&t_click=판매랭킹_마스크팩_상품상세&t_number=83
마스크팩,84,CKD,[이나연PICK] CKD 비타씨테카 기미잡티샷 마스크 2종 택1,https://www.oliveyoung.co.kr/store/goods/getGoodsDetail.do?goodsNo=A000000202906&dispCatNo=90000010009&trackingCd=Best_Sellingbest&t_page=랭킹&t_click=판매랭킹_마스크팩_상품상세&t_number=84
마스크팩,85,넘버즈인,[흔적미백] 넘버즈인 5번 글루타치온C 흔적 필름패드 70매 (+70매 리필기획),https://www.oliveyoung.co.kr/store/goods/getGoodsDetail.do?goodsNo=A000000190321&dispCatNo=90000010009&trackingCd=Best_Sellingbest&t_page=랭킹&t_click=판매랭킹_마스크팩_상품상세&t_number=85
마스크팩,86,스킨푸드,[올영단독] 스킨푸드 마스크시트 기획 7매 (+3매증정) 3종 중 택1,https://www.oliveyoung.co.kr/store/goods/getGoodsDetail.do?goodsNo=A000000180801&dispCatNo=90000010009&trackingCd=Best_Sellingbest&t_page=랭킹&t_click=판매랭킹_마스크팩_상품상세&t_number=86
마스크팩,87,CKD,[한혜진PICK/4+1] CKD 레티노콜라겐 저분자300 모공탄력 마스크 4+1 기획,https://www.oliveyoung.co.kr/store/goods/getGoodsDetail.do?goodsNo=A000000175069&dispCatNo=90000010009&trackingCd=Best_Sellingbest&t_page=랭킹&t_click=판매랭킹_마스크팩_상품상세&t_number=87
마스크팩,88,넘버즈인,[흔적미백] 넘버즈인 5번 글루타치온C 흔적 필름패드 70매 기획(+6매 추가 증정),https://www.oliveyoung.co.kr/store/goods/getGoodsDetail.do?goodsNo=A000000184293&dispCatNo=90000010009&trackingCd=Best_Sellingbest&t_page=랭킹&t_click=판매랭킹_마스크팩_상품상세&t_number=88
마스크팩,89,구달,[2023어워즈] 구달 청귤 비타C 수분 아이패치 60매,https://www.oliveyoung.co.kr/store/goods/getGoodsDetail.do?goodsNo=A000000169825&dispCatNo=90000010009&trackingCd=Best_Sellingbest&t_page=랭킹&t_click=판매랭킹_마스크팩_상품상세&t_number=89
마스크팩,90,아비브,[착붙콜라겐]아비브 콜라겐 아이패치 부활초 젤리 60매,https://www.oliveyoung.co.kr/store/goods/getGoodsDetail.do?goodsNo=A000000178343&dispCatNo=90000010009&trackingCd=Best_Sellingbest&t_page=랭킹&t_click=판매랭킹_마스크팩_상품상세&t_number=90
마스크팩,91,스킨푸드,[한정기획] 스킨푸드 땡큐 푸드 박스 4탄(당근패드+미나리패드+감자패드(리필)+도토리패드(리필)),https://www.oliveyoung.co.kr/store/goods/getGoodsDetail.do?goodsNo=A000000204990&dispCatNo=90000010009&trackingCd=Best_Sellingbest&t_page=랭킹&t_click=판매랭킹_마스크팩_상품상세&t_number=91
마스크팩,92,달바,[NEW/쿨링진정] 달바 화이트 트러플 세럼 앤 크림 모델링 마스크 66g 4개입 [영양/보습](+믹싱볼 증정기획),https://www.oliveyoung.co.kr/store/goods/getGoodsDetail.do?goodsNo=A000000205888&dispCatNo=90000010009&trackingCd=Best_Sellingbest&t_page=랭킹&t_click=판매랭킹_마스크팩_상품상세&t_number=92
마스크팩,93,아비브,[10분초밀착] 아비브 껌딱지 시트 마스크 스티커 1매 5종 중 택1,https://www.oliveyoung.co.kr/store/goods/getGoodsDetail.do?goodsNo=A000000188019&dispCatNo=90000010009&trackingCd=Best_Sellingbest&t_page=랭킹&t_click=판매랭킹_마스크팩_상품상세&t_number=93
마스크팩,94,바이오힐보,[한달사용분] 바이오힐보 판테셀 리페어시카 퀵수딩마스크 30매,https://www.oliveyoung.co.kr/store/goods/getGoodsDetail.do?goodsNo=A000000191305&dispCatNo=90000010009&trackingCd=Best_Sellingbest&t_page=랭킹&t_click=판매랭킹_마스크팩_상품상세&t_number=94
마스크팩,95,브링그린,[NEW] 브링그린 쑥세라카밍모이스처토너패드 90매 (+90매리필기획),https://www.oliveyoung.co.kr/store/goods/getGoodsDetail.do?goodsNo=A000000190288&dispCatNo=90000010009&trackingCd=Best_Sellingbest&t_page=랭킹&t_click=판매랭킹_마스크팩_상품상세&t_number=95
마스크팩,96,SNP,[소윤PICK] SNP 골드 콜라겐 퍼펙션 아이패치 60매,https://www.oliveyoung.co.kr/store/goods/getGoodsDetail.do?goodsNo=A000000188227&dispCatNo=90000010009&trackingCd=Best_Sellingbest&t_page=랭킹&t_click=판매랭킹_마스크팩_상품상세&t_number=96
마스크팩,97,닥터지,[4+1/한정수량]닥터지 레드 블레미쉬 쿨 수딩 마스크 4매 (+1매 증정기획),https://www.oliveyoung.co.kr/store/goods/getGoodsDetail.do?goodsNo=A000000151998&dispCatNo=90000010009&trackingCd=Best_Sellingbest&t_page=랭킹&t_click=판매랭킹_마스크팩_상품상세&t_number=97
마스크팩,98,식물나라,[신상특가][NEW] 식물나라 UV차단 아웃도어 선패치(2eaX5sets),https://www.oliveyoung.co.kr/store/goods/getGoodsDetail.do?goodsNo=A000000202948&dispCatNo=90000010009&trackingCd=Best_Sellingbest&t_page=랭킹&t_click=판매랭킹_마스크팩_상품상세&t_number=98
마스크팩,99,에스네이처,[화해1위/나는지원 PICK] 에스네이처 수퍼 아쿠아겔 오아시스 앰플 마스크 1매,https://www.oliveyoung.co.kr/store/goods/getGoodsDetail.do?goodsNo=A000000168530&dispCatNo=90000010009&trackingCd=Best_Sellingbest&t_page=랭킹&t_click=판매랭킹_마스크팩_상품상세&t_number=99
마스크팩,100,아임프롬,[인씨PICK/NEW]아임프롬 피그 스크럽 마스크100g,https://www.oliveyoung.co.kr/store/goods/getGoodsDetail.do?goodsNo=A000000203850&dispCatNo=90000010009&trackingCd=Best_Sellingbest&t_page=랭킹&t_click=판매랭킹_마스크팩_상품상세&t_number=100
클렌징,1,아누아,[6/1 하루특가] 아누아 어성초 포어 컨트롤 클렌징오일 200ml 더블 기획,https://www.oliveyoung.co.kr/store/goods/getGoodsDetail.do?goodsNo=A000000205555&dispCatNo=90000010009&trackingCd=Best_Sellingbest&t_page=랭킹&t_click=판매랭킹_클렌징_상품상세&t_number=1
클렌징,2,바이오더마,[100개 특가/아일릿 원희PICK]바이오더마 센시비오 H2O 500ml 더블 기획 (+대왕 화장솜 10매),https://www.oliveyoung.co.kr/store/goods/getGoodsDetail.do?goodsNo=A000000205166&dispCatNo=90000010009&trackingCd=Best_Sellingbest&t_page=랭킹&t_click=판매랭킹_클렌징_상품상세&t_number=2
클렌징,3,마녀공장,[3년연속1위] 마녀공장 퓨어 클렌징 오일 300ml +25mlx2 한정 기획,https://www.oliveyoung.co.kr/store/goods/getGoodsDetail.do?goodsNo=A000000199588&dispCatNo=90000010009&trackingCd=Best_Sellingbest&t_page=랭킹&t_click=판매랭킹_클렌징_상품상세&t_number=3
클렌징,4,바닐라코,[마이멜로디 콜라보]바닐라코 클린잇제로 오리지널 클렌징밤 125ml 기획 (+세안밴드),https://www.oliveyoung.co.kr/store/goods/getGoodsDetail.do?goodsNo=A000000205073&dispCatNo=90000010009&trackingCd=Best_Sellingbest&t_page=랭킹&t_click=판매랭킹_클렌징_상품상세&t_number=4
클렌징,5,일소,[피지클리너] 일소 슈퍼 멜팅 세범 소프트너 150ml 기획 (+솜 40매 증정),https://www.oliveyoung.co.kr/store/goods/getGoodsDetail.do?goodsNo=A000000192568&dispCatNo=90000010009&trackingCd=Best_Sellingbest&t_page=랭킹&t_click=판매랭킹_클렌징_상품상세&t_number=5
클렌징,6,비플레인,[100개특가] 비플레인 녹두 약산성 클렌징폼 160ml + 40ml 기획,https://www.oliveyoung.co.kr/store/goods/getGoodsDetail.do?goodsNo=A000000187479&dispCatNo=90000010009&trackingCd=Best_Sellingbest&t_page=랭킹&t_click=판매랭킹_클렌징_상품상세&t_number=6
클렌징,7,바닐라코,[마이멜로디 콜라보] 바닐라코 클린잇제로 포어클래리파잉 클렌징밤 125ml 기획 (+세안밴드),https://www.oliveyoung.co.kr/store/goods/getGoodsDetail.do?goodsNo=A000000205074&dispCatNo=90000010009&trackingCd=Best_Sellingbest&t_page=랭킹&t_click=판매랭킹_클렌징_상품상세&t_number=7
클렌징,8,비건이펙트,[화해1위]비건이펙트 클린 앤 글로우 청보리 LHA 젤 클렌저 205ml 기획 (+토너패드 4EA 증정),https://www.oliveyoung.co.kr/store/goods/getGoodsDetail.do?goodsNo=A000000193919&dispCatNo=90000010009&trackingCd=Best_Sellingbest&t_page=랭킹&t_click=판매랭킹_클렌징_상품상세&t_number=8
클렌징,9,마녀공장,[단7일특가] 마녀공장 퓨어&딥 클렌징 폼 1+1 기획 (120ml+120ml),https://www.oliveyoung.co.kr/store/goods/getGoodsDetail.do?goodsNo=A000000149988&dispCatNo=90000010009&trackingCd=Best_Sellingbest&t_page=랭킹&t_click=판매랭킹_클렌징_상품상세&t_number=9
클렌징,10,폰즈,[100개특가/나띠 PICK] 폰즈 클리어 스파 립앤아이 리무버 300ml,https://www.oliveyoung.co.kr/store/goods/getGoodsDetail.do?goodsNo=A000000135743&dispCatNo=90000010009&trackingCd=Best_Sellingbest&t_page=랭킹&t_click=판매랭킹_클렌징_상품상세&t_number=10
클렌징,11,메이크프렘,[100개특가/한정기획] 메이크프렘 세이프 미 릴리프 모이스처 클렌징밀크 200ml 기획(+100ml 리필+곤약스펀지),https://www.oliveyoung.co.kr/store/goods/getGoodsDetail.do?goodsNo=A000000205357&dispCatNo=90000010009&trackingCd=Best_Sellingbest&t_page=랭킹&t_click=판매랭킹_클렌징_상품상세&t_number=11
클렌징,12,센카,센카 퍼펙트 휩 페이셜 워시 에이 150g+150g 대용량 2입 기획,https://www.oliveyoung.co.kr/store/goods/getGoodsDetail.do?goodsNo=A000000192658&dispCatNo=90000010009&trackingCd=Best_Sellingbest&t_page=랭킹&t_click=판매랭킹_클렌징_상품상세&t_number=12
클렌징,13,넘버즈인,[100개특가] 넘버즈인 1번 말끔 순삭 클렌징 오일 400ml 대용량 기획,https://www.oliveyoung.co.kr/store/goods/getGoodsDetail.do?goodsNo=A000000165797&dispCatNo=90000010009&trackingCd=Best_Sellingbest&t_page=랭킹&t_click=판매랭킹_클렌징_상품상세&t_number=13
클렌징,14,닥터지,[100개특가/120g+120g한정기획] 닥터지 브라이트닝 필링젤 120g 1+1 기획세트,https://www.oliveyoung.co.kr/store/goods/getGoodsDetail.do?goodsNo=A000000185153&dispCatNo=90000010009&trackingCd=Best_Sellingbest&t_page=랭킹&t_click=판매랭킹_클렌징_상품상세&t_number=14
클렌징,15,토리든,[100개특가] 토리든 다이브인 저분자 히알루론산 클렌징 폼 더블 기획 (150ml+150ml),https://www.oliveyoung.co.kr/store/goods/getGoodsDetail.do?goodsNo=A000000189875&dispCatNo=90000010009&trackingCd=Best_Sellingbest&t_page=랭킹&t_click=판매랭킹_클렌징_상품상세&t_number=15
클렌징,16,메디필,[ZB1 한정기획/100개특가] 메디필 레드 락토 콜라겐 클리어 폼 2.0 기획 (300ml+딥 해면 구성),https://www.oliveyoung.co.kr/store/goods/getGoodsDetail.do?goodsNo=A000000184643&dispCatNo=90000010009&trackingCd=Best_Sellingbest&t_page=랭킹&t_click=판매랭킹_클렌징_상품상세&t_number=16
클렌징,17,바이오더마,[아일릿 원희PICK] 센시비오 H2O 850ml,https://www.oliveyoung.co.kr/store/goods/getGoodsDetail.do?goodsNo=A000000130319&dispCatNo=90000010009&trackingCd=Best_Sellingbest&t_page=랭킹&t_click=판매랭킹_클렌징_상품상세&t_number=17
클렌징,18,비플레인,[한정기획]비플레인 녹두 클렌징오일 200ml 기획 (+100ml),https://www.oliveyoung.co.kr/store/goods/getGoodsDetail.do?goodsNo=A000000201654&dispCatNo=90000010009&trackingCd=Best_Sellingbest&t_page=랭킹&t_click=판매랭킹_클렌징_상품상세&t_number=18
클렌징,19,프리메라,[100개특가/1+1 한정기획]프리메라 페이셜 마일드 필링 100ml 기획,https://www.oliveyoung.co.kr/store/goods/getGoodsDetail.do?goodsNo=A000000174389&dispCatNo=90000010009&trackingCd=Best_Sellingbest&t_page=랭킹&t_click=판매랭킹_클렌징_상품상세&t_number=19
클렌징,20,메디필,[ZB1 한정기획/100개특가] 메디필 엑스트라 슈퍼9 플러스 2.0 250ml 기획,https://www.oliveyoung.co.kr/store/goods/getGoodsDetail.do?goodsNo=A000000184650&dispCatNo=90000010009&trackingCd=Best_Sellingbest&t_page=랭킹&t_click=판매랭킹_클렌징_상품상세&t_number=20
클렌징,21,한율,[신상특가/딤디PICK]한율 어린쑥 클렌징 피지흡착 쑥떡팩폼,https://www.oliveyoung.co.kr/store/goods/getGoodsDetail.do?goodsNo=A000000204014&dispCatNo=90000010009&trackingCd=Best_Sellingbest&t_page=랭킹&t_click=판매랭킹_클렌징_상품상세&t_number=21
클렌징,22,파파레서피,"파파레서피 효소 파우더 클렌저 50g 3종 택1 ([인씨 PICK] 블레미쉬(광채), 가지(보습), 티트리(진정))",https://www.oliveyoung.co.kr/store/goods/getGoodsDetail.do?goodsNo=A000000185512&dispCatNo=90000010009&trackingCd=Best_Sellingbest&t_page=랭킹&t_click=판매랭킹_클렌징_상품상세&t_number=22
클렌징,23,라운드어라운드,[선크림세정/100개 특가]라운드어라운드 컴포트 그린티 약산성 클렌징 뽀득폼 200ml 더블 한정기획,https://www.oliveyoung.co.kr/store/goods/getGoodsDetail.do?goodsNo=A000000200680&dispCatNo=90000010009&trackingCd=Best_Sellingbest&t_page=랭킹&t_click=판매랭킹_클렌징_상품상세&t_number=23
클렌징,24,파파레서피,"파파레서피 효소 파우더 클렌저 더블기획4종 택1_마시마로 블레미쉬(광채),가지(보습),티트리(진정)/(온)단독 더블기획",https://www.oliveyoung.co.kr/store/goods/getGoodsDetail.do?goodsNo=A000000199403&dispCatNo=90000010009&trackingCd=Best_Sellingbest&t_page=랭킹&t_click=판매랭킹_클렌징_상품상세&t_number=24
클렌징,25,몰바니,[고민시 PICK]몰바니 저자극 LHA 율피 젤 클렌저 200ml,https://www.oliveyoung.co.kr/store/goods/getGoodsDetail.do?goodsNo=A000000184967&dispCatNo=90000010009&trackingCd=Best_Sellingbest&t_page=랭킹&t_click=판매랭킹_클렌징_상품상세&t_number=25
클렌징,26,라운드랩,[6월 올영픽/대용량] 라운드랩 1025 독도 클렌징워터 1+1 기획 (400ml+ 400ml),https://www.oliveyoung.co.kr/store/goods/getGoodsDetail.do?goodsNo=A000000149140&dispCatNo=90000010009&trackingCd=Best_Sellingbest&t_page=랭킹&t_click=판매랭킹_클렌징_상품상세&t_number=26
클렌징,27,아누아,[NEW] 아누아 어성초 쿼세티놀 모공 딥 클렌징폼 150ml,https://www.oliveyoung.co.kr/store/goods/getGoodsDetail.do?goodsNo=A000000199970&dispCatNo=90000010009&trackingCd=Best_Sellingbest&t_page=랭킹&t_click=판매랭킹_클렌징_상품상세&t_number=27
클렌징,28,이즈앤트리,[화해1위] 이즈앤트리 참마 비건 밀크 클렌저 220ml 리필 기획 (+리필100ml),https://www.oliveyoung.co.kr/store/goods/getGoodsDetail.do?goodsNo=A000000185308&dispCatNo=90000010009&trackingCd=Best_Sellingbest&t_page=랭킹&t_click=판매랭킹_클렌징_상품상세&t_number=28
클렌징,29,바이오더마,[7일특가/아일릿 모카PICK]바이오더마 센시비오 미셀라 클렌징 오일 150ml+10ml 기획(+실리콘 패드 증정),https://www.oliveyoung.co.kr/store/goods/getGoodsDetail.do?goodsNo=A000000184911&dispCatNo=90000010009&trackingCd=Best_Sellingbest&t_page=랭킹&t_click=판매랭킹_클렌징_상품상세&t_number=29
클렌징,30,바이오더마,[아일릿 원희PICK]바이오더마 센시비오 H2O 500ml,https://www.oliveyoung.co.kr/store/goods/getGoodsDetail.do?goodsNo=A000000002654&dispCatNo=90000010009&trackingCd=Best_Sellingbest&t_page=랭킹&t_click=판매랭킹_클렌징_상품상세&t_number=30
클렌징,31,라로슈포제,라로슈포제 똘러리앙 포밍클렌저 125ml 기획 (+시카밤 3ml 증정),https://www.oliveyoung.co.kr/store/goods/getGoodsDetail.do?goodsNo=A000000201403&dispCatNo=90000010009&trackingCd=Best_Sellingbest&t_page=랭킹&t_click=판매랭킹_클렌징_상품상세&t_number=31
클렌징,32,폰즈,[나띠 PICK] 폰즈 클리어 훼이스 스파 립&아이 리무버 120ml,https://www.oliveyoung.co.kr/store/goods/getGoodsDetail.do?goodsNo=A000000006346&dispCatNo=90000010009&trackingCd=Best_Sellingbest&t_page=랭킹&t_click=판매랭킹_클렌징_상품상세&t_number=32
클렌징,33,에이프릴스킨,[3관왕 당근밤]에이프릴스킨 캐로틴 클렌징밤 기획세트(+코 칫솔 증정),https://www.oliveyoung.co.kr/store/goods/getGoodsDetail.do?goodsNo=A000000202472&dispCatNo=90000010009&trackingCd=Best_Sellingbest&t_page=랭킹&t_click=판매랭킹_클렌징_상품상세&t_number=33
클렌징,34,닥터지,[100개특가/총300ml한정기획]닥터지 약산성 레드 블레미쉬 클리어 수딩 폼 150ml 1+1 기획,https://www.oliveyoung.co.kr/store/goods/getGoodsDetail.do?goodsNo=A000000205291&dispCatNo=90000010009&trackingCd=Best_Sellingbest&t_page=랭킹&t_click=판매랭킹_클렌징_상품상세&t_number=34
클렌징,35,넘버즈인,[피지순삭] 넘버즈인 1번 말끔 순삭 클렌징오일 300ml 기획 (+2번 클렌징폼 120ml 증정),https://www.oliveyoung.co.kr/store/goods/getGoodsDetail.do?goodsNo=A000000173533&dispCatNo=90000010009&trackingCd=Best_Sellingbest&t_page=랭킹&t_click=판매랭킹_클렌징_상품상세&t_number=35
클렌징,36,그레이멜린,그레이멜린 카놀라크레이지 클렌징오일 더블 기획,https://www.oliveyoung.co.kr/store/goods/getGoodsDetail.do?goodsNo=A000000137728&dispCatNo=90000010009&trackingCd=Best_Sellingbest&t_page=랭킹&t_click=판매랭킹_클렌징_상품상세&t_number=36
클렌징,37,아리얼,아리얼 더 퍼펙트 클렌징 티슈 플러스 더블기획 (100매x2개입),https://www.oliveyoung.co.kr/store/goods/getGoodsDetail.do?goodsNo=A000000149066&dispCatNo=90000010009&trackingCd=Best_Sellingbest&t_page=랭킹&t_click=판매랭킹_클렌징_상품상세&t_number=37
클렌징,38,메이크프렘,[최초기획] 메이크프렘 세이프 미 릴리프 모이스처 클렌징폼 140ml 트리플 기획,https://www.oliveyoung.co.kr/store/goods/getGoodsDetail.do?goodsNo=A000000201175&dispCatNo=90000010009&trackingCd=Best_Sellingbest&t_page=랭킹&t_click=판매랭킹_클렌징_상품상세&t_number=38
클렌징,39,라씨엘르,[단독증량기획] 라씨엘르 엔자임 곡물 클렌징 파우더워시 기획 (본품60g + 10g 추가 증정),https://www.oliveyoung.co.kr/store/goods/getGoodsDetail.do?goodsNo=A000000184949&dispCatNo=90000010009&trackingCd=Best_Sellingbest&t_page=랭킹&t_click=판매랭킹_클렌징_상품상세&t_number=39
클렌징,40,파파레서피,[온라인/단독기획]파파레서피 블레미쉬(광채) 효소 파우더 클렌저 더블 기획 세트(브러쉬+크림7ml 증정),https://www.oliveyoung.co.kr/store/goods/getGoodsDetail.do?goodsNo=A000000195619&dispCatNo=90000010009&trackingCd=Best_Sellingbest&t_page=랭킹&t_click=판매랭킹_클렌징_상품상세&t_number=40
클렌징,41,아벤느,아벤느 클리낭스 클렌징 젤 400ml 더블 기획,https://www.oliveyoung.co.kr/store/goods/getGoodsDetail.do?goodsNo=A000000200713&dispCatNo=90000010009&trackingCd=Best_Sellingbest&t_page=랭킹&t_click=판매랭킹_클렌징_상품상세&t_number=41
클렌징,42,키스미,[마스카라 리무버] 키스미 히로인메이크 스피디 마스카라 전용 리무버,https://www.oliveyoung.co.kr/store/goods/getGoodsDetail.do?goodsNo=A000000102752&dispCatNo=90000010009&trackingCd=Best_Sellingbest&t_page=랭킹&t_click=판매랭킹_클렌징_상품상세&t_number=42
클렌징,43,바이오더마,[7일특가/정품증정]바이오더마 센시비오 H2O eye 125ml 기획(+센시비오 H20 100ml),https://www.oliveyoung.co.kr/store/goods/getGoodsDetail.do?goodsNo=A000000188936&dispCatNo=90000010009&trackingCd=Best_Sellingbest&t_page=랭킹&t_click=판매랭킹_클렌징_상품상세&t_number=43
클렌징,44,한스킨,[MD PICK] 한스킨 클렌징오일 & 블랙헤드 300ml 3종 택 1,https://www.oliveyoung.co.kr/store/goods/getGoodsDetail.do?goodsNo=A000000189528&dispCatNo=90000010009&trackingCd=Best_Sellingbest&t_page=랭킹&t_click=판매랭킹_클렌징_상품상세&t_number=44
클렌징,45,라운드랩,[6월 올영픽] 라운드랩 소나무 진정 시카 클렌저 100ml 더블 기획,https://www.oliveyoung.co.kr/store/goods/getGoodsDetail.do?goodsNo=A000000205090&dispCatNo=90000010009&trackingCd=Best_Sellingbest&t_page=랭킹&t_click=판매랭킹_클렌징_상품상세&t_number=45
클렌징,46,유리피부,유리피부 그란떼 클렌징 오일 (본품 300ml+30ml 추가 증정),https://www.oliveyoung.co.kr/store/goods/getGoodsDetail.do?goodsNo=A000000153310&dispCatNo=90000010009&trackingCd=Best_Sellingbest&t_page=랭킹&t_click=판매랭킹_클렌징_상품상세&t_number=46
클렌징,47,티스,[블랙헤드쏙]티스 딥 오프 클렌징 오일 320mL,https://www.oliveyoung.co.kr/store/goods/getGoodsDetail.do?goodsNo=A000000184368&dispCatNo=90000010009&trackingCd=Best_Sellingbest&t_page=랭킹&t_click=판매랭킹_클렌징_상품상세&t_number=47
클렌징,48,넘버즈인,[피부결] 넘버즈인 3번 녹차숯 모공말끔 클렌징팩밤 85g,https://www.oliveyoung.co.kr/store/goods/getGoodsDetail.do?goodsNo=A000000181098&dispCatNo=90000010009&trackingCd=Best_Sellingbest&t_page=랭킹&t_click=판매랭킹_클렌징_상품상세&t_number=48
클렌징,49,런드리유,[모공브러쉬 증정/단독기획] 런드리유 클린 페이스 가글 스트롱 젤 투 폼 클렌저 기획세트(+여행용*2ea),https://www.oliveyoung.co.kr/store/goods/getGoodsDetail.do?goodsNo=A000000190417&dispCatNo=90000010009&trackingCd=Best_Sellingbest&t_page=랭킹&t_click=판매랭킹_클렌징_상품상세&t_number=49
클렌징,50,스트라이덱스,스트라이덱스 약알칼리성 바하 폼클렌저 150mlx2,https://www.oliveyoung.co.kr/store/goods/getGoodsDetail.do?goodsNo=A000000174687&dispCatNo=90000010009&trackingCd=Best_Sellingbest&t_page=랭킹&t_click=판매랭킹_클렌징_상품상세&t_number=50
클렌징,51,아리얼,[아리얼X시나모롤] 더 퍼펙트 클렌징 티슈 플러스 100매,https://www.oliveyoung.co.kr/store/goods/getGoodsDetail.do?goodsNo=A000000146512&dispCatNo=90000010009&trackingCd=Best_Sellingbest&t_page=랭킹&t_click=판매랭킹_클렌징_상품상세&t_number=51
클렌징,52,넘버즈인,[단독기획] 넘버즈인 2번 딥클린 생크림 클렌징폼 더블 기획 (120ml+120ml),https://www.oliveyoung.co.kr/store/goods/getGoodsDetail.do?goodsNo=A000000165751&dispCatNo=90000010009&trackingCd=Best_Sellingbest&t_page=랭킹&t_click=판매랭킹_클렌징_상품상세&t_number=52
클렌징,53,바이오더마,[아일릿 민주PICK]바이오더마 하이드라비오 H2O 500ml,https://www.oliveyoung.co.kr/store/goods/getGoodsDetail.do?goodsNo=A000000013882&dispCatNo=90000010009&trackingCd=Best_Sellingbest&t_page=랭킹&t_click=판매랭킹_클렌징_상품상세&t_number=53
클렌징,54,브링그린,[NEW] 브링그린 뱀부차콜모공정화클렌징폼200mL더블기획(+세안밴드증정),https://www.oliveyoung.co.kr/store/goods/getGoodsDetail.do?goodsNo=A000000205161&dispCatNo=90000010009&trackingCd=Best_Sellingbest&t_page=랭킹&t_click=판매랭킹_클렌징_상품상세&t_number=54
클렌징,55,라운드어라운드,[리뉴얼]라운드어라운드 컴포트 그린티 트러블 버블폼 200ml 리필기획,https://www.oliveyoung.co.kr/store/goods/getGoodsDetail.do?goodsNo=A000000200701&dispCatNo=90000010009&trackingCd=Best_Sellingbest&t_page=랭킹&t_click=판매랭킹_클렌징_상품상세&t_number=55
클렌징,56,라로슈포제,라로슈포제 에빠끌라 딥 클렌징 포밍 크림,https://www.oliveyoung.co.kr/store/goods/getGoodsDetail.do?goodsNo=A000000114267&dispCatNo=90000010009&trackingCd=Best_Sellingbest&t_page=랭킹&t_click=판매랭킹_클렌징_상품상세&t_number=56
클렌징,57,아비브,[약산성저자극] 아비브 아크네 폼 클렌저 어성초 폼 150ml 더블 기획,https://www.oliveyoung.co.kr/store/goods/getGoodsDetail.do?goodsNo=A000000180122&dispCatNo=90000010009&trackingCd=Best_Sellingbest&t_page=랭킹&t_click=판매랭킹_클렌징_상품상세&t_number=57
클렌징,58,바이오더마,[아일릿 윤아PICK]바이오더마 세비엄 H2O 500ml,https://www.oliveyoung.co.kr/store/goods/getGoodsDetail.do?goodsNo=A000000002846&dispCatNo=90000010009&trackingCd=Best_Sellingbest&t_page=랭킹&t_click=판매랭킹_클렌징_상품상세&t_number=58
클렌징,59,에스트라,에스트라 아토베리어365 버블클렌저 150ml,https://www.oliveyoung.co.kr/store/goods/getGoodsDetail.do?goodsNo=A000000143769&dispCatNo=90000010009&trackingCd=Best_Sellingbest&t_page=랭킹&t_click=판매랭킹_클렌징_상품상세&t_number=59
클렌징,60,브링그린,[NEW] 브링그린 쑥세라카밍모이스처약산성클렌징폼200mL더블기획,https://www.oliveyoung.co.kr/store/goods/getGoodsDetail.do?goodsNo=A000000190445&dispCatNo=90000010009&trackingCd=Best_Sellingbest&t_page=랭킹&t_click=판매랭킹_클렌징_상품상세&t_number=60
클렌징,61,바닐라코,[단독대용량] 바닐라코 립 앤 아이 리무버 클리어 250ml,https://www.oliveyoung.co.kr/store/goods/getGoodsDetail.do?goodsNo=A000000142747&dispCatNo=90000010009&trackingCd=Best_Sellingbest&t_page=랭킹&t_click=판매랭킹_클렌징_상품상세&t_number=61
클렌징,62,에스네이처,[화해1위] 에스네이처 아쿠아 라이스 약산성 클렌징폼 160ml 기획(+20ml),https://www.oliveyoung.co.kr/store/goods/getGoodsDetail.do?goodsNo=A000000190494&dispCatNo=90000010009&trackingCd=Best_Sellingbest&t_page=랭킹&t_click=판매랭킹_클렌징_상품상세&t_number=62
클렌징,63,티스,티스 딥오프 오일 320mL 더블기획,https://www.oliveyoung.co.kr/store/goods/getGoodsDetail.do?goodsNo=A000000184371&dispCatNo=90000010009&trackingCd=Best_Sellingbest&t_page=랭킹&t_click=판매랭킹_클렌징_상품상세&t_number=63
클렌징,64,아리얼,아리얼 스트레스 릴리빙 립앤아이 리무버 패드 더블기획 (30매+30매),https://www.oliveyoung.co.kr/store/goods/getGoodsDetail.do?goodsNo=A000000125392&dispCatNo=90000010009&trackingCd=Best_Sellingbest&t_page=랭킹&t_click=판매랭킹_클렌징_상품상세&t_number=64
클렌징,65,일리윤,일리윤 프레쉬 모이스춰 립앤아이 리무버 300ml,https://www.oliveyoung.co.kr/store/goods/getGoodsDetail.do?goodsNo=A000000196979&dispCatNo=90000010009&trackingCd=Best_Sellingbest&t_page=랭킹&t_click=판매랭킹_클렌징_상품상세&t_number=65
클렌징,66,닥터지,[NEW] 닥터지 약산성 클렌징 젤 폼 더블기획 200ml,https://www.oliveyoung.co.kr/store/goods/getGoodsDetail.do?goodsNo=A000000183754&dispCatNo=90000010009&trackingCd=Best_Sellingbest&t_page=랭킹&t_click=판매랭킹_클렌징_상품상세&t_number=66
클렌징,67,메이크프렘,[단독기획]메이크프렘 세이프 미 릴리프 모이스처 클렌징폼150ml 1+1기획,https://www.oliveyoung.co.kr/store/goods/getGoodsDetail.do?goodsNo=A000000113670&dispCatNo=90000010009&trackingCd=Best_Sellingbest&t_page=랭킹&t_click=판매랭킹_클렌징_상품상세&t_number=67
클렌징,68,메디필,[블랙헤드/각질] 메디필 엑스트라 슈퍼9 액티브 스틱,https://www.oliveyoung.co.kr/store/goods/getGoodsDetail.do?goodsNo=A000000185438&dispCatNo=90000010009&trackingCd=Best_Sellingbest&t_page=랭킹&t_click=판매랭킹_클렌징_상품상세&t_number=68
클렌징,69,라운드랩,[6월 올영픽/대용량] 라운드랩 1025 독도 클렌저 250ml,https://www.oliveyoung.co.kr/store/goods/getGoodsDetail.do?goodsNo=A000000154644&dispCatNo=90000010009&trackingCd=Best_Sellingbest&t_page=랭킹&t_click=판매랭킹_클렌징_상품상세&t_number=69
클렌징,70,토리든,[단독기획] 토리든 다이브인 저분자 히알루론산 클렌징 폼 150ml 기획(+30ml 추가 증정),https://www.oliveyoung.co.kr/store/goods/getGoodsDetail.do?goodsNo=A000000175915&dispCatNo=90000010009&trackingCd=Best_Sellingbest&t_page=랭킹&t_click=판매랭킹_클렌징_상품상세&t_number=70
클렌징,71,바이오더마,바이오더마 센시비오 H2O 500ml (펌프형),https://www.oliveyoung.co.kr/store/goods/getGoodsDetail.do?goodsNo=A000000112128&dispCatNo=90000010009&trackingCd=Best_Sellingbest&t_page=랭킹&t_click=판매랭킹_클렌징_상품상세&t_number=71
클렌징,72,아크웰,[1+1]아크웰 감초수 피에이치 밸런싱 포어 클렌징 젤 폼 더블 기획 (160ml+160ml),https://www.oliveyoung.co.kr/store/goods/getGoodsDetail.do?goodsNo=A000000199134&dispCatNo=90000010009&trackingCd=Best_Sellingbest&t_page=랭킹&t_click=판매랭킹_클렌징_상품상세&t_number=72
클렌징,73,아리얼,아리얼 스트레스 릴리빙 립앤아이 리무버 패드 30매,https://www.oliveyoung.co.kr/store/goods/getGoodsDetail.do?goodsNo=A000000124361&dispCatNo=90000010009&trackingCd=Best_Sellingbest&t_page=랭킹&t_click=판매랭킹_클렌징_상품상세&t_number=73
클렌징,74,뉴트로지나,[재유PICK] 뉴트로지나 딥클린 아크네 포밍 클렌저 150g 기획(+100g),https://www.oliveyoung.co.kr/store/goods/getGoodsDetail.do?goodsNo=A000000205333&dispCatNo=90000010009&trackingCd=Best_Sellingbest&t_page=랭킹&t_click=판매랭킹_클렌징_상품상세&t_number=74
클렌징,75,스트라이덱스,스트라이덱스 약알칼리성 바하 폼클렌저 기획 (150ml+15ml),https://www.oliveyoung.co.kr/store/goods/getGoodsDetail.do?goodsNo=A000000168699&dispCatNo=90000010009&trackingCd=Best_Sellingbest&t_page=랭킹&t_click=판매랭킹_클렌징_상품상세&t_number=75
클렌징,76,더말로지카,[단독기획] 더말로지카 데일리마이크로폴리언트13g 1+1 기획(13g+13g),https://www.oliveyoung.co.kr/store/goods/getGoodsDetail.do?goodsNo=A000000154158&dispCatNo=90000010009&trackingCd=Best_Sellingbest&t_page=랭킹&t_click=판매랭킹_클렌징_상품상세&t_number=76
클렌징,77,세타필,[안다 PICK] 세타필 젠틀 클리어 여드름 폼클렌저 124ml,https://www.oliveyoung.co.kr/store/goods/getGoodsDetail.do?goodsNo=A000000203582&dispCatNo=90000010009&trackingCd=Best_Sellingbest&t_page=랭킹&t_click=판매랭킹_클렌징_상품상세&t_number=77
클렌징,78,마녀공장,[단7일특가] 이사배Pick 마녀공장 퓨어 클렌징워터 센서티브 500mlX2(+화장솜 20매 증정),https://www.oliveyoung.co.kr/store/goods/getGoodsDetail.do?goodsNo=A000000203626&dispCatNo=90000010009&trackingCd=Best_Sellingbest&t_page=랭킹&t_click=판매랭킹_클렌징_상품상세&t_number=78
클렌징,79,키스미,[1+1기획/마스카라순삭] 키스미 히로인메이크 스피디 마스카라 리무버 더블 기획,https://www.oliveyoung.co.kr/store/goods/getGoodsDetail.do?goodsNo=A000000190422&dispCatNo=90000010009&trackingCd=Best_Sellingbest&t_page=랭킹&t_click=판매랭킹_클렌징_상품상세&t_number=79
클렌징,80,비페스타,비페스타 미셀라 립앤아이 메이크업 리무버 더블기획(145ml+145ml),https://www.oliveyoung.co.kr/store/goods/getGoodsDetail.do?goodsNo=A000000125015&dispCatNo=90000010009&trackingCd=Best_Sellingbest&t_page=랭킹&t_click=판매랭킹_클렌징_상품상세&t_number=80
클렌징,81,식물나라,식물나라 제주 탄산수 모공 딥 클렌징폼150mLX2,https://www.oliveyoung.co.kr/store/goods/getGoodsDetail.do?goodsNo=A000000184598&dispCatNo=90000010009&trackingCd=Best_Sellingbest&t_page=랭킹&t_click=판매랭킹_클렌징_상품상세&t_number=81
클렌징,82,비오텀,비오텀 클렌징 밀크 200ml,https://www.oliveyoung.co.kr/store/goods/getGoodsDetail.do?goodsNo=A000000112714&dispCatNo=90000010009&trackingCd=Best_Sellingbest&t_page=랭킹&t_click=판매랭킹_클렌징_상품상세&t_number=82
클렌징,83,라곰,라곰 셀럽 마이크로 폼 클렌저 120ml,https://www.oliveyoung.co.kr/store/goods/getGoodsDetail.do?goodsNo=A000000145581&dispCatNo=90000010009&trackingCd=Best_Sellingbest&t_page=랭킹&t_click=판매랭킹_클렌징_상품상세&t_number=83
클렌징,84,메이크프렘,[증량] 메이크프렘 세이프 미 릴리프 모이스처 클렌징 밀크 500ml,https://www.oliveyoung.co.kr/store/goods/getGoodsDetail.do?goodsNo=A000000160902&dispCatNo=90000010009&trackingCd=Best_Sellingbest&t_page=랭킹&t_click=판매랭킹_클렌징_상품상세&t_number=84
클렌징,85,브링그린,[더블기획] 브링그린 티트리시카트러블클렌징폼 200mL더블기획_NEW,https://www.oliveyoung.co.kr/store/goods/getGoodsDetail.do?goodsNo=A000000185100&dispCatNo=90000010009&trackingCd=Best_Sellingbest&t_page=랭킹&t_click=판매랭킹_클렌징_상품상세&t_number=85
클렌징,86,메이크프렘,[대용량기획] 메이크프렘 세이프 미 릴리프 모이스처 비건 클렌징오일 300ml 기획 (+폼100ml),https://www.oliveyoung.co.kr/store/goods/getGoodsDetail.do?goodsNo=A000000200092&dispCatNo=90000010009&trackingCd=Best_Sellingbest&t_page=랭킹&t_click=판매랭킹_클렌징_상품상세&t_number=86
클렌징,87,마녀공장,마녀공장 허브 그린 클렌징 오일 200ml+ 약산성 소다폼 (20ml+20ml),https://www.oliveyoung.co.kr/store/goods/getGoodsDetail.do?goodsNo=A000000161510&dispCatNo=90000010009&trackingCd=Best_Sellingbest&t_page=랭킹&t_click=판매랭킹_클렌징_상품상세&t_number=87
클렌징,88,마녀공장,마녀공장 퓨어 클렌징 오일 200ml,https://www.oliveyoung.co.kr/store/goods/getGoodsDetail.do?goodsNo=A000000107679&dispCatNo=90000010009&trackingCd=Best_Sellingbest&t_page=랭킹&t_click=판매랭킹_클렌징_상품상세&t_number=88
클렌징,89,마녀공장,[단7일특가] 마녀공장 약산성 퓨리파잉 소다폼 150ml X2 기획,https://www.oliveyoung.co.kr/store/goods/getGoodsDetail.do?goodsNo=A000000156007&dispCatNo=90000010009&trackingCd=Best_Sellingbest&t_page=랭킹&t_click=판매랭킹_클렌징_상품상세&t_number=89
클렌징,90,스킨시그널,[포니 PICK] 스킨시그널 클레이 효소클렌저 3종 택1,https://www.oliveyoung.co.kr/store/goods/getGoodsDetail.do?goodsNo=A000000190582&dispCatNo=90000010009&trackingCd=Best_Sellingbest&t_page=랭킹&t_click=판매랭킹_클렌징_상품상세&t_number=90
클렌징,91,마녀공장,[NEW] 마녀공장 퓨어 클렌징오일 딥 클린 200ml,https://www.oliveyoung.co.kr/store/goods/getGoodsDetail.do?goodsNo=A000000201099&dispCatNo=90000010009&trackingCd=Best_Sellingbest&t_page=랭킹&t_click=판매랭킹_클렌징_상품상세&t_number=91
클렌징,92,메디필,[ZB1 한정기획 구매 이벤트] 메디필 레드 락토 콜라겐 클렌징 오일 2.0 200ml 기획 (+15ml 추가증정 ),https://www.oliveyoung.co.kr/store/goods/getGoodsDetail.do?goodsNo=A000000192376&dispCatNo=90000010009&trackingCd=Best_Sellingbest&t_page=랭킹&t_click=판매랭킹_클렌징_상품상세&t_number=92
클렌징,93,히야 (HYAAH),[호호뷰티PICK] 히야 마일드 벗 딥 클렌징워터 300ml,https://www.oliveyoung.co.kr/store/goods/getGoodsDetail.do?goodsNo=A000000201049&dispCatNo=90000010009&trackingCd=Best_Sellingbest&t_page=랭킹&t_click=판매랭킹_클렌징_상품상세&t_number=93
클렌징,94,바이오더마,바이오더마 센시비오 H2O eye 125ml (립앤아이리무버),https://www.oliveyoung.co.kr/store/goods/getGoodsDetail.do?goodsNo=A000000166033&dispCatNo=90000010009&trackingCd=Best_Sellingbest&t_page=랭킹&t_click=판매랭킹_클렌징_상품상세&t_number=94
클렌징,95,라운드랩,[대용량] 라운드랩 1025 독도 클렌저 200ml 더블기획,https://www.oliveyoung.co.kr/store/goods/getGoodsDetail.do?goodsNo=A000000165177&dispCatNo=90000010009&trackingCd=Best_Sellingbest&t_page=랭킹&t_click=판매랭킹_클렌징_상품상세&t_number=95
클렌징,96,바이오더마,바이오더마 센시비오 H2O 250ml,https://www.oliveyoung.co.kr/store/goods/getGoodsDetail.do?goodsNo=A000000002653&dispCatNo=90000010009&trackingCd=Best_Sellingbest&t_page=랭킹&t_click=판매랭킹_클렌징_상품상세&t_number=96
클렌징,97,아누아,[피지쏙] 아누아 어성초 포어 컨트롤 클렌징오일 200ml,https://www.oliveyoung.co.kr/store/goods/getGoodsDetail.do?goodsNo=A000000174279&dispCatNo=90000010009&trackingCd=Best_Sellingbest&t_page=랭킹&t_click=판매랭킹_클렌징_상품상세&t_number=97
클렌징,98,비플레인,[각질제거] 비플레인 녹두 밀크 필링 젤 120ml+40ml 기획,https://www.oliveyoung.co.kr/store/goods/getGoodsDetail.do?goodsNo=A000000187817&dispCatNo=90000010009&trackingCd=Best_Sellingbest&t_page=랭킹&t_click=판매랭킹_클렌징_상품상세&t_number=98
클렌징,99,듀이트리,[더보이즈 큐PICK]듀이트리 하이 아미노 올 클렌징 밀크 1+1기획(200ml+200ml),https://www.oliveyoung.co.kr/store/goods/getGoodsDetail.do?goodsNo=A000000197365&dispCatNo=90000010009&trackingCd=Best_Sellingbest&t_page=랭킹&t_click=판매랭킹_클렌징_상품상세&t_number=99
클렌징,100,폰즈,[나띠 PICK] [1만명 만족폼] 폰즈 클리어 스파 클렌징폼 200ml,https://www.oliveyoung.co.kr/store/goods/getGoodsDetail.do?goodsNo=A000000170735&dispCatNo=90000010009&trackingCd=Best_Sellingbest&t_page=랭킹&t_click=판매랭킹_클렌징_상품상세&t_number=100
선케어,1,구달,[고윤정PICK/1+1 기획] 구달 맑은 어성초 진정 수분 선크림 50ml+50ml 기획,https://www.oliveyoung.co.kr/store/goods/getGoodsDetail.do?goodsNo=A000000198527&dispCatNo=90000010009&trackingCd=Best_Sellingbest&t_page=랭킹&t_click=판매랭킹_선케어_상품상세&t_number=1
선케어,2,라운드랩,[6월 올영픽] 라운드랩 자작나무 수분 선크림 50ml 1+1 기획 (+20ml),https://www.oliveyoung.co.kr/store/goods/getGoodsDetail.do?goodsNo=A000000205091&dispCatNo=90000010009&trackingCd=Best_Sellingbest&t_page=랭킹&t_click=판매랭킹_선케어_상품상세&t_number=2
선케어,3,달바,[30시간 핑크광채] 달바 워터풀 핑크 톤업 선크림 듀오 기획 (50ml+50ml),https://www.oliveyoung.co.kr/store/goods/getGoodsDetail.do?goodsNo=A000000180237&dispCatNo=90000010009&trackingCd=Best_Sellingbest&t_page=랭킹&t_click=판매랭킹_선케어_상품상세&t_number=3
선케어,4,달바,[1+1][쿨톤보정]달바 워터풀 퍼플 톤업 선크림 듀오 기획 (50ml+50ml),https://www.oliveyoung.co.kr/store/goods/getGoodsDetail.do?goodsNo=A000000200614&dispCatNo=90000010009&trackingCd=Best_Sellingbest&t_page=랭킹&t_click=판매랭킹_선케어_상품상세&t_number=4
선케어,5,식물나라,[썸머특가][NEW]식물나라 가벼운 수분 선 젤 로션 보노보노 기획,https://www.oliveyoung.co.kr/store/goods/getGoodsDetail.do?goodsNo=A000000151900&dispCatNo=90000010009&trackingCd=Best_Sellingbest&t_page=랭킹&t_click=판매랭킹_선케어_상품상세&t_number=5
선케어,6,셀퓨전씨,셀퓨전씨 레이저 UV 썬스크린 35ml 트리플 한정기획,https://www.oliveyoung.co.kr/store/goods/getGoodsDetail.do?goodsNo=A000000204653&dispCatNo=90000010009&trackingCd=Best_Sellingbest&t_page=랭킹&t_click=판매랭킹_선케어_상품상세&t_number=6
선케어,7,브링그린,[썸머 특가][시원진정] 브링그린 알로에99% 수딩젤 300ml 더블기획 (300ml+300ml),https://www.oliveyoung.co.kr/store/goods/getGoodsDetail.do?goodsNo=A000000141845&dispCatNo=90000010009&trackingCd=Best_Sellingbest&t_page=랭킹&t_click=판매랭킹_선케어_상품상세&t_number=7
선케어,8,달바,[1+1][메이크업 착붙] 달바 워터풀 에센스 선크림 듀오 기획 (50ml+50ml),https://www.oliveyoung.co.kr/store/goods/getGoodsDetail.do?goodsNo=A000000180235&dispCatNo=90000010009&trackingCd=Best_Sellingbest&t_page=랭킹&t_click=판매랭킹_선케어_상품상세&t_number=8
선케어,9,에딧비,[NEW/올인원파데프리] 에딧비 선데이 톤업 선세럼 55ml SPF50+ PA++++,https://www.oliveyoung.co.kr/store/goods/getGoodsDetail.do?goodsNo=A000000205639&dispCatNo=90000010009&trackingCd=Best_Sellingbest&t_page=랭킹&t_click=판매랭킹_선케어_상품상세&t_number=9
선케어,10,닥터지,[1+1/한정기획]닥터지 그린 마일드 업 선 플러스 50ml 1+1 기획 (+10ml),https://www.oliveyoung.co.kr/store/goods/getGoodsDetail.do?goodsNo=A000000205288&dispCatNo=90000010009&trackingCd=Best_Sellingbest&t_page=랭킹&t_click=판매랭킹_선케어_상품상세&t_number=10
선케어,11,AHC,[1위*선스틱/박세리 공동개발] AHC 마스터즈 에어리치 선스틱 22g,https://www.oliveyoung.co.kr/store/goods/getGoodsDetail.do?goodsNo=A000000182989&dispCatNo=90000010009&trackingCd=Best_Sellingbest&t_page=랭킹&t_click=판매랭킹_선케어_상품상세&t_number=11
선케어,12,라운드랩,[6월 올영픽/1+1] 라운드랩 자작나무 수분 톤업 선크림 50ml 1+1 기획,https://www.oliveyoung.co.kr/store/goods/getGoodsDetail.do?goodsNo=A000000186166&dispCatNo=90000010009&trackingCd=Best_Sellingbest&t_page=랭킹&t_click=판매랭킹_선케어_상품상세&t_number=12
선케어,13,닥터지,[6월한정]닥터지 브라이트닝 업 선 플러스 50ml 1+1 기획,https://www.oliveyoung.co.kr/store/goods/getGoodsDetail.do?goodsNo=A000000205287&dispCatNo=90000010009&trackingCd=Best_Sellingbest&t_page=랭킹&t_click=판매랭킹_선케어_상품상세&t_number=13
선케어,14,식물나라,[썸머특가][대용량 더블기획] 식물나라 보송 페이스 앤 바디 선 스틱 더블 기획 (30gX2),https://www.oliveyoung.co.kr/store/goods/getGoodsDetail.do?goodsNo=A000000166296&dispCatNo=90000010009&trackingCd=Best_Sellingbest&t_page=랭킹&t_click=판매랭킹_선케어_상품상세&t_number=14
선케어,15,에뛰드,[6/1 하루특가] 에뛰드 순정 디렉터 톤업 수정 선크림 40ml 1+1 기획,https://www.oliveyoung.co.kr/store/goods/getGoodsDetail.do?goodsNo=A000000205853&dispCatNo=90000010009&trackingCd=Best_Sellingbest&t_page=랭킹&t_click=판매랭킹_선케어_상품상세&t_number=15
선케어,16,라운드랩,[6월 올영픽/1+1] 라운드랩 자작나무 무기자차 선크림 50ml 1+1 기획,https://www.oliveyoung.co.kr/store/goods/getGoodsDetail.do?goodsNo=A000000168740&dispCatNo=90000010009&trackingCd=Best_Sellingbest&t_page=랭킹&t_click=판매랭킹_선케어_상품상세&t_number=16
선케어,17,라운드랩,[6월 올영픽/즉각쿨링] 라운드랩 자작나무 수분 선스틱 19g 더블 기획,https://www.oliveyoung.co.kr/store/goods/getGoodsDetail.do?goodsNo=A000000202197&dispCatNo=90000010009&trackingCd=Best_Sellingbest&t_page=랭킹&t_click=판매랭킹_선케어_상품상세&t_number=17
선케어,18,식물나라,[썸머특가]식물나라 워터프루프 선 스프레이 1+1 기획,https://www.oliveyoung.co.kr/store/goods/getGoodsDetail.do?goodsNo=A000000201963&dispCatNo=90000010009&trackingCd=Best_Sellingbest&t_page=랭킹&t_click=판매랭킹_선케어_상품상세&t_number=18
선케어,19,셀퓨전씨,셀퓨전씨 토닝 썬스크린 35ml 1+1+20ml 한정기획,https://www.oliveyoung.co.kr/store/goods/getGoodsDetail.do?goodsNo=A000000204456&dispCatNo=90000010009&trackingCd=Best_Sellingbest&t_page=랭킹&t_click=판매랭킹_선케어_상품상세&t_number=19
선케어,20,라운드어라운드,[6/1 하루특가][속수분선크림]라운드어라운드 컴포트 그린티 수분 선크림 1+1 기획,https://www.oliveyoung.co.kr/store/goods/getGoodsDetail.do?goodsNo=A000000200708&dispCatNo=90000010009&trackingCd=Best_Sellingbest&t_page=랭킹&t_click=판매랭킹_선케어_상품상세&t_number=20
선케어,21,아떼,[디렉터파이/인씨 추천] 아떼 비건 릴리프 무기자차 선크림 기획 SPF50+PA++++ (70ml+40ml),https://www.oliveyoung.co.kr/store/goods/getGoodsDetail.do?goodsNo=A000000200647&dispCatNo=90000010009&trackingCd=Best_Sellingbest&t_page=랭킹&t_click=판매랭킹_선케어_상품상세&t_number=21
선케어,22,구달,[고윤정PICK/1+1 기획] 구달 맑은 어성초 진정 무기자차 선크림 50ml 1+1 기획 SPF50+ PA++++,https://www.oliveyoung.co.kr/store/goods/getGoodsDetail.do?goodsNo=A000000182780&dispCatNo=90000010009&trackingCd=Best_Sellingbest&t_page=랭킹&t_click=판매랭킹_선케어_상품상세&t_number=22
선케어,23,달바,[1+1][순한 온가족용] 달바 워터풀 마일드 선크림 듀오 기획 (50ml+50ml),https://www.oliveyoung.co.kr/store/goods/getGoodsDetail.do?goodsNo=A000000180231&dispCatNo=90000010009&trackingCd=Best_Sellingbest&t_page=랭킹&t_click=판매랭킹_선케어_상품상세&t_number=23
선케어,24,넘버즈인,[쿨링진정] 넘버즈인 1번 청초 진정맑은 물막선크림 50ml+50ml 듀오기획 (SPF50+PA++++),https://www.oliveyoung.co.kr/store/goods/getGoodsDetail.do?goodsNo=A000000184352&dispCatNo=90000010009&trackingCd=Best_Sellingbest&t_page=랭킹&t_click=판매랭킹_선케어_상품상세&t_number=24
선케어,25,식물나라,[썸머특가][NEW] 식물나라 뽀얀쌀 생기 톤업 선쿠션 보노보노 기획 2종 (01호/02호),https://www.oliveyoung.co.kr/store/goods/getGoodsDetail.do?goodsNo=A000000199740&dispCatNo=90000010009&trackingCd=Best_Sellingbest&t_page=랭킹&t_click=판매랭킹_선케어_상품상세&t_number=25
선케어,26,라운드어라운드,[급속쿨링]라운드어라운드 컴포트 그린티 에어 선스틱 더블기획,https://www.oliveyoung.co.kr/store/goods/getGoodsDetail.do?goodsNo=A000000200721&dispCatNo=90000010009&trackingCd=Best_Sellingbest&t_page=랭킹&t_click=판매랭킹_선케어_상품상세&t_number=26
선케어,27,구달,[백송민PICK/1+1 기획] 구달 맑은 어성초 진정 수분 톤업 선크림 50ml 1+1 기획,https://www.oliveyoung.co.kr/store/goods/getGoodsDetail.do?goodsNo=A000000200355&dispCatNo=90000010009&trackingCd=Best_Sellingbest&t_page=랭킹&t_click=판매랭킹_선케어_상품상세&t_number=27
선케어,28,메이크프렘,[1+1기획] 메이크프렘 유브이 디펜스 미 노세범 무기자차 선크림 40ml+40ml,https://www.oliveyoung.co.kr/store/goods/getGoodsDetail.do?goodsNo=A000000184159&dispCatNo=90000010009&trackingCd=Best_Sellingbest&t_page=랭킹&t_click=판매랭킹_선케어_상품상세&t_number=28
선케어,29,넘버즈인,[듀오기획] 넘버즈인 3번 도자기결 파데스킵 톤업베이지 35ml+35ml (SPF50+ PA++++),https://www.oliveyoung.co.kr/store/goods/getGoodsDetail.do?goodsNo=A000000184353&dispCatNo=90000010009&trackingCd=Best_Sellingbest&t_page=랭킹&t_click=판매랭킹_선케어_상품상세&t_number=29
선케어,30,브링그린,[썸머특가][NEW] 브링그린 티트리시카톤업선쿠션 리필기획(배스킨콜라보),https://www.oliveyoung.co.kr/store/goods/getGoodsDetail.do?goodsNo=A000000205164&dispCatNo=90000010009&trackingCd=Best_Sellingbest&t_page=랭킹&t_click=판매랭킹_선케어_상품상세&t_number=30
선케어,31,스킨푸드,[화잘먹썬/1+1] 스킨푸드 베리 수분 유기자차 선크림 더블기획,https://www.oliveyoung.co.kr/store/goods/getGoodsDetail.do?goodsNo=A000000190687&dispCatNo=90000010009&trackingCd=Best_Sellingbest&t_page=랭킹&t_click=판매랭킹_선케어_상품상세&t_number=31
선케어,32,식물나라,[썸머특가][150ml 대용량] 식물나라 저자극 페이스 앤 바디 선 크림 150mL,https://www.oliveyoung.co.kr/store/goods/getGoodsDetail.do?goodsNo=A000000151898&dispCatNo=90000010009&trackingCd=Best_Sellingbest&t_page=랭킹&t_click=판매랭킹_선케어_상품상세&t_number=32
선케어,33,구달,[한정기획] 구달 맑은 어성초 진정 쿨링 선스틱 1+1 기획 SPF50+ PA++++,https://www.oliveyoung.co.kr/store/goods/getGoodsDetail.do?goodsNo=A000000182782&dispCatNo=90000010009&trackingCd=Best_Sellingbest&t_page=랭킹&t_click=판매랭킹_선케어_상품상세&t_number=33
선케어,34,헤라,[6월 올영픽 / 한정기획] 헤라 UV프로텍터 톤업 50ml 기획(+톤업15ml+레포츠15ml),https://www.oliveyoung.co.kr/store/goods/getGoodsDetail.do?goodsNo=A000000205909&dispCatNo=90000010009&trackingCd=Best_Sellingbest&t_page=랭킹&t_click=판매랭킹_선케어_상품상세&t_number=34
선케어,35,에뛰드,[디렉터파이개발]에뛰드 순정 디렉터 수분 선크림 1+1기획(50ml+50ml),https://www.oliveyoung.co.kr/store/goods/getGoodsDetail.do?goodsNo=A000000163730&dispCatNo=90000010009&trackingCd=Best_Sellingbest&t_page=랭킹&t_click=판매랭킹_선케어_상품상세&t_number=35
선케어,36,에스쁘아,[더블기획] 에스쁘아 워터 스플래쉬 선크림 세라마이드 60ml (+60ml),https://www.oliveyoung.co.kr/store/goods/getGoodsDetail.do?goodsNo=A000000202432&dispCatNo=90000010009&trackingCd=Best_Sellingbest&t_page=랭킹&t_click=판매랭킹_선케어_상품상세&t_number=36
선케어,37,아넷사,[아시아No.1썬케어][김보라 Pick]아넷사 퍼펙트 UV 선스크린 스킨케어 밀크 60ml 기획 (+12ml*2ea),https://www.oliveyoung.co.kr/store/goods/getGoodsDetail.do?goodsNo=A000000203662&dispCatNo=90000010009&trackingCd=Best_Sellingbest&t_page=랭킹&t_click=판매랭킹_선케어_상품상세&t_number=37
선케어,38,에이지투웨니스,"[오롤리콜라보/증정기획]AGE20S 쿨링진정 선 에센스팩트 카밍 롱 프로텍션 12.5g*2 (+파우치, 스티커 증정)",https://www.oliveyoung.co.kr/store/goods/getGoodsDetail.do?goodsNo=A000000205609&dispCatNo=90000010009&trackingCd=Best_Sellingbest&t_page=랭킹&t_click=판매랭킹_선케어_상품상세&t_number=38
선케어,39,큐어,[1+1] 김정문알로에 큐어 알로에 리뉴얼 수딩젤 기획 150ml X 2,https://www.oliveyoung.co.kr/store/goods/getGoodsDetail.do?goodsNo=A000000173710&dispCatNo=90000010009&trackingCd=Best_Sellingbest&t_page=랭킹&t_click=판매랭킹_선케어_상품상세&t_number=39
선케어,40,차앤박,[핑크보송톤업] 차앤박(CNP) 톤업 프로텍션 선 50ml 1+1 기획,https://www.oliveyoung.co.kr/store/goods/getGoodsDetail.do?goodsNo=A000000200659&dispCatNo=90000010009&trackingCd=Best_Sellingbest&t_page=랭킹&t_click=판매랭킹_선케어_상품상세&t_number=40
선케어,41,아떼,[레오제이 PICK] 아떼 비건 릴리프 선 에센스 기획 SPF50+PA++++(70ml+40ml),https://www.oliveyoung.co.kr/store/goods/getGoodsDetail.do?goodsNo=A000000180506&dispCatNo=90000010009&trackingCd=Best_Sellingbest&t_page=랭킹&t_click=판매랭킹_선케어_상품상세&t_number=41
선케어,42,식물나라,[대용량] 식물나라 워터프루프 선 크림 100mL,https://www.oliveyoung.co.kr/store/goods/getGoodsDetail.do?goodsNo=A000000151904&dispCatNo=90000010009&trackingCd=Best_Sellingbest&t_page=랭킹&t_click=판매랭킹_선케어_상품상세&t_number=42
선케어,43,라운드랩,[최혜선 PICK] 라운드랩 자작나무 수분 선크림 50ml 기획(클렌저 20ml 증정),https://www.oliveyoung.co.kr/store/goods/getGoodsDetail.do?goodsNo=A000000149135&dispCatNo=90000010009&trackingCd=Best_Sellingbest&t_page=랭킹&t_click=판매랭킹_선케어_상품상세&t_number=43
선케어,44,라로슈포제,라로슈포제 유비데아 안뗄리오스 톤업 로지 30ml 기획,https://www.oliveyoung.co.kr/store/goods/getGoodsDetail.do?goodsNo=A000000198379&dispCatNo=90000010009&trackingCd=Best_Sellingbest&t_page=랭킹&t_click=판매랭킹_선케어_상품상세&t_number=44
선케어,45,프란츠,프란츠 네이키드 선쉴드 펩타이드 패치 L사이즈 5개입,https://www.oliveyoung.co.kr/store/goods/getGoodsDetail.do?goodsNo=A000000187242&dispCatNo=90000010009&trackingCd=Best_Sellingbest&t_page=랭킹&t_click=판매랭킹_선케어_상품상세&t_number=45
선케어,46,정샘물,정샘물 마스터클래스 앰플선 50ml,https://www.oliveyoung.co.kr/store/goods/getGoodsDetail.do?goodsNo=A000000191567&dispCatNo=90000010009&trackingCd=Best_Sellingbest&t_page=랭킹&t_click=판매랭킹_선케어_상품상세&t_number=46
선케어,47,메이크프렘,[1+1기획] 메이크프렘 수딩 핑크 톤업 무기자차 선크림 40ml+40ml,https://www.oliveyoung.co.kr/store/goods/getGoodsDetail.do?goodsNo=A000000202359&dispCatNo=90000010009&trackingCd=Best_Sellingbest&t_page=랭킹&t_click=판매랭킹_선케어_상품상세&t_number=47
선케어,48,토리든,[단독1+1기획] 토리든 다이브인 워터리 모이스처 선크림 1+1 기획,https://www.oliveyoung.co.kr/store/goods/getGoodsDetail.do?goodsNo=A000000187920&dispCatNo=90000010009&trackingCd=Best_Sellingbest&t_page=랭킹&t_click=판매랭킹_선케어_상품상세&t_number=48
선케어,49,에뛰드,[디렉터파이개발]에뛰드 순정 디렉터 무기자차 선크림 1+1기획 (50ml+50ml),https://www.oliveyoung.co.kr/store/goods/getGoodsDetail.do?goodsNo=A000000163729&dispCatNo=90000010009&trackingCd=Best_Sellingbest&t_page=랭킹&t_click=판매랭킹_선케어_상품상세&t_number=49
선케어,50,메디힐,[도믿걸PICK/물벽선크림] 메디힐 수분 유브이컷 선크림 50g [히알루론산],https://www.oliveyoung.co.kr/store/goods/getGoodsDetail.do?goodsNo=A000000202635&dispCatNo=90000010009&trackingCd=Best_Sellingbest&t_page=랭킹&t_click=판매랭킹_선케어_상품상세&t_number=50
선케어,51,라운드랩,라운드랩 자작나무 수분 선쿠션 15g,https://www.oliveyoung.co.kr/store/goods/getGoodsDetail.do?goodsNo=A000000162243&dispCatNo=90000010009&trackingCd=Best_Sellingbest&t_page=랭킹&t_click=판매랭킹_선케어_상품상세&t_number=51
선케어,52,AHC,[신상특가][기내반입OK/여행필수템] AHC 마스터즈 수딩 아웃도어 선스프레이 55ml,https://www.oliveyoung.co.kr/store/goods/getGoodsDetail.do?goodsNo=A000000205025&dispCatNo=90000010009&trackingCd=Best_Sellingbest&t_page=랭킹&t_click=판매랭킹_선케어_상품상세&t_number=52
선케어,53,셀퓨전씨,셀퓨전씨 아쿠아티카 썬스크린 35ml 1+1+20ml 한정기획,https://www.oliveyoung.co.kr/store/goods/getGoodsDetail.do?goodsNo=A000000204655&dispCatNo=90000010009&trackingCd=Best_Sellingbest&t_page=랭킹&t_click=판매랭킹_선케어_상품상세&t_number=53
선케어,54,AHC,[박세리 공동개발] AHC 마스터즈 아쿠아 리치 선크림 1+1 기획,https://www.oliveyoung.co.kr/store/goods/getGoodsDetail.do?goodsNo=A000000153510&dispCatNo=90000010009&trackingCd=Best_Sellingbest&t_page=랭킹&t_click=판매랭킹_선케어_상품상세&t_number=54
선케어,55,이니스프리,이니스프리 그린티 히알루론산 수분 선세럼 50ml 1+1 기획,https://www.oliveyoung.co.kr/store/goods/getGoodsDetail.do?goodsNo=A000000204201&dispCatNo=90000010009&trackingCd=Best_Sellingbest&t_page=랭킹&t_click=판매랭킹_선케어_상품상세&t_number=55
선케어,56,듀이트리,[더보이즈 큐PICK]듀이트리 어반쉐이드 안티폴루션선1+1기획(50ml+50ml),https://www.oliveyoung.co.kr/store/goods/getGoodsDetail.do?goodsNo=A000000180778&dispCatNo=90000010009&trackingCd=Best_Sellingbest&t_page=랭킹&t_click=판매랭킹_선케어_상품상세&t_number=56
선케어,57,듀이트리,[더보이즈 큐PICK]듀이트리 어반쉐이드 쿨 카밍 선스틱 20g,https://www.oliveyoung.co.kr/store/goods/getGoodsDetail.do?goodsNo=A000000163578&dispCatNo=90000010009&trackingCd=Best_Sellingbest&t_page=랭킹&t_click=판매랭킹_선케어_상품상세&t_number=57
선케어,58,바이오힐보,[썸머 특가/화잘먹선크림]바이오힐보 프로바이오덤 콜라겐 에센스 선크림 1+1 기획세트(50ml+50ml),https://www.oliveyoung.co.kr/store/goods/getGoodsDetail.do?goodsNo=A000000202490&dispCatNo=90000010009&trackingCd=Best_Sellingbest&t_page=랭킹&t_click=판매랭킹_선케어_상품상세&t_number=58
선케어,59,아로마티카,[쿨링젤] 아로마티카 수딩 알로에 베라 젤 300ml,https://www.oliveyoung.co.kr/store/goods/getGoodsDetail.do?goodsNo=A000000009097&dispCatNo=90000010009&trackingCd=Best_Sellingbest&t_page=랭킹&t_click=판매랭킹_선케어_상품상세&t_number=59
선케어,60,피지오겔,피지오겔 DMT UV 썬로션 100ml,https://www.oliveyoung.co.kr/store/goods/getGoodsDetail.do?goodsNo=A000000164409&dispCatNo=90000010009&trackingCd=Best_Sellingbest&t_page=랭킹&t_click=판매랭킹_선케어_상품상세&t_number=60
선케어,61,라운드랩,[생기장착] 라운드랩 자작나무 수분 톤업 선크림 50ml 기획(클렌저 20ml 증정),https://www.oliveyoung.co.kr/store/goods/getGoodsDetail.do?goodsNo=A000000181703&dispCatNo=90000010009&trackingCd=Best_Sellingbest&t_page=랭킹&t_click=판매랭킹_선케어_상품상세&t_number=61
선케어,62,라로슈포제,라로슈포제 유비데아 안뗄리오스 톤업 라이트 크림 30ml,https://www.oliveyoung.co.kr/store/goods/getGoodsDetail.do?goodsNo=A000000112523&dispCatNo=90000010009&trackingCd=Best_Sellingbest&t_page=랭킹&t_click=판매랭킹_선케어_상품상세&t_number=62
선케어,63,식물나라,[썸머특가][NEW] 식물나라 뽀얀쌀 생기 톤업 수분 선 크림 100mL,https://www.oliveyoung.co.kr/store/goods/getGoodsDetail.do?goodsNo=A000000202446&dispCatNo=90000010009&trackingCd=Best_Sellingbest&t_page=랭킹&t_click=판매랭킹_선케어_상품상세&t_number=63
선케어,64,식물나라,[신상특가][NEW] 식물나라 UV차단 아웃도어 선패치(2eaX5sets),https://www.oliveyoung.co.kr/store/goods/getGoodsDetail.do?goodsNo=A000000202948&dispCatNo=90000010009&trackingCd=Best_Sellingbest&t_page=랭킹&t_click=판매랭킹_선케어_상품상세&t_number=64
선케어,65,톤핏선,[백송민PICK] 톤핏선 비건 노세범 선스틱 (프라이머/워터프루프) (SPF50+/PA++++),https://www.oliveyoung.co.kr/store/goods/getGoodsDetail.do?goodsNo=A000000186208&dispCatNo=90000010009&trackingCd=Best_Sellingbest&t_page=랭킹&t_click=판매랭킹_선케어_상품상세&t_number=65
선케어,66,그린핑거,[스티커 증정]그린핑거 포레스트 멀티 디펜스 선쿠션 산리오 에디션 2종(시나모롤/헬로키티),https://www.oliveyoung.co.kr/store/goods/getGoodsDetail.do?goodsNo=A000000201762&dispCatNo=90000010009&trackingCd=Best_Sellingbest&t_page=랭킹&t_click=판매랭킹_선케어_상품상세&t_number=66
선케어,67,후시다인,후시다인 더마 트러블 징크 카밍 선크림 50ml 1+1기획,https://www.oliveyoung.co.kr/store/goods/getGoodsDetail.do?goodsNo=A000000201387&dispCatNo=90000010009&trackingCd=Best_Sellingbest&t_page=랭킹&t_click=판매랭킹_선케어_상품상세&t_number=67
선케어,68,딘시,[안선영 Pick] 딘시 프리미엄 비건 3 in 1 선스틱 SPF50+ PA++++ 10.5g,https://www.oliveyoung.co.kr/store/goods/getGoodsDetail.do?goodsNo=A000000202346&dispCatNo=90000010009&trackingCd=Best_Sellingbest&t_page=랭킹&t_click=판매랭킹_선케어_상품상세&t_number=68
선케어,69,라운드어라운드,[리뷰이벤트/기프트카드5천원]라운드어라운드 컴포트 그린티 톤업 선크림 1+1기획,https://www.oliveyoung.co.kr/store/goods/getGoodsDetail.do?goodsNo=A000000200706&dispCatNo=90000010009&trackingCd=Best_Sellingbest&t_page=랭킹&t_click=판매랭킹_선케어_상품상세&t_number=69
선케어,70,셀퓨전씨,셀퓨전씨 스틱 썬스크린 19g (SPF50+/PA++++),https://www.oliveyoung.co.kr/store/goods/getGoodsDetail.do?goodsNo=A000000123594&dispCatNo=90000010009&trackingCd=Best_Sellingbest&t_page=랭킹&t_click=판매랭킹_선케어_상품상세&t_number=70
선케어,71,넘버즈인,넘버즈인 3번 도자기결 파데스킵 톤업베이지 50ml (SPF50+ PA++++),https://www.oliveyoung.co.kr/store/goods/getGoodsDetail.do?goodsNo=A000000178137&dispCatNo=90000010009&trackingCd=Best_Sellingbest&t_page=랭킹&t_click=판매랭킹_선케어_상품상세&t_number=71
선케어,72,큐어,김정문알로에 큐어 아쿠아 마일드 그린 선 크림 40ml,https://www.oliveyoung.co.kr/store/goods/getGoodsDetail.do?goodsNo=A000000184632&dispCatNo=90000010009&trackingCd=Best_Sellingbest&t_page=랭킹&t_click=판매랭킹_선케어_상품상세&t_number=72
선케어,73,에이지투웨니스,[NEW/민감진정]AGE20S 선 에센스 팩트 무기자차 카밍 롱 프로텍션 12.5g (본품+리필),https://www.oliveyoung.co.kr/store/goods/getGoodsDetail.do?goodsNo=A000000201312&dispCatNo=90000010009&trackingCd=Best_Sellingbest&t_page=랭킹&t_click=판매랭킹_선케어_상품상세&t_number=73
선케어,74,마르시끄,[화해1위/NEW] 마르시끄 세럼 톤업 선쿠션 12g,https://www.oliveyoung.co.kr/store/goods/getGoodsDetail.do?goodsNo=A000000200238&dispCatNo=90000010009&trackingCd=Best_Sellingbest&t_page=랭킹&t_click=판매랭킹_선케어_상품상세&t_number=74
선케어,75,조선미녀,조선미녀 맑은쌀선크림 50ml,https://www.oliveyoung.co.kr/store/goods/getGoodsDetail.do?goodsNo=A000000188610&dispCatNo=90000010009&trackingCd=Best_Sellingbest&t_page=랭킹&t_click=판매랭킹_선케어_상품상세&t_number=75
선케어,76,닥터지,[6월올영픽/수분]닥터지 레드 블레미쉬 수딩 업 선스틱 21g,https://www.oliveyoung.co.kr/store/goods/getGoodsDetail.do?goodsNo=A000000180141&dispCatNo=90000010009&trackingCd=Best_Sellingbest&t_page=랭킹&t_click=판매랭킹_선케어_상품상세&t_number=76
선케어,77,토코보,토코보 코튼 소프트 선스틱 19g SPF50+ PA++++,https://www.oliveyoung.co.kr/store/goods/getGoodsDetail.do?goodsNo=A000000179127&dispCatNo=90000010009&trackingCd=Best_Sellingbest&t_page=랭킹&t_click=판매랭킹_선케어_상품상세&t_number=77
선케어,78,브링그린,브링그린 티트리시카톤업선쿠션 15g_NEW,https://www.oliveyoung.co.kr/store/goods/getGoodsDetail.do?goodsNo=A000000201172&dispCatNo=90000010009&trackingCd=Best_Sellingbest&t_page=랭킹&t_click=판매랭킹_선케어_상품상세&t_number=78
선케어,79,싸이닉,[화잘먹썬] 싸이닉 엔조이 슈퍼 마일드 선 에센스 더블 기획 (50ml+50ml),https://www.oliveyoung.co.kr/store/goods/getGoodsDetail.do?goodsNo=A000000140651&dispCatNo=90000010009&trackingCd=Best_Sellingbest&t_page=랭킹&t_click=판매랭킹_선케어_상품상세&t_number=79
선케어,80,닥터지,[1+1/인사이드아웃]닥터지 레드 블레미쉬 수딩 업 선 50ml 1+1 콜라보 기획,https://www.oliveyoung.co.kr/store/goods/getGoodsDetail.do?goodsNo=A000000205290&dispCatNo=90000010009&trackingCd=Best_Sellingbest&t_page=랭킹&t_click=판매랭킹_선케어_상품상세&t_number=80
선케어,81,스킨1004,[리프세이프]스킨1004 마다가스카르 센텔라 히알루-시카 워터핏 선 세럼 50ml,https://www.oliveyoung.co.kr/store/goods/getGoodsDetail.do?goodsNo=A000000169499&dispCatNo=90000010009&trackingCd=Best_Sellingbest&t_page=랭킹&t_click=판매랭킹_선케어_상품상세&t_number=81
선케어,82,아비브,[NEW] 아비브 퀵 선스틱 프로텍션 바 22g,https://www.oliveyoung.co.kr/store/goods/getGoodsDetail.do?goodsNo=A000000183264&dispCatNo=90000010009&trackingCd=Best_Sellingbest&t_page=랭킹&t_click=판매랭킹_선케어_상품상세&t_number=82
선케어,83,바이오힐보,[썸머 특가/화잘먹선크림]바이오힐보 프로바이오덤 콜라겐 톤업 선크림 1+1 기획세트,https://www.oliveyoung.co.kr/store/goods/getGoodsDetail.do?goodsNo=A000000202491&dispCatNo=90000010009&trackingCd=Best_Sellingbest&t_page=랭킹&t_click=판매랭킹_선케어_상품상세&t_number=83
선케어,84,로벡틴,[1등 무기자차] 로벡틴 아쿠아 수딩 선크림 35ml 1+1 기획세트,https://www.oliveyoung.co.kr/store/goods/getGoodsDetail.do?goodsNo=A000000190745&dispCatNo=90000010009&trackingCd=Best_Sellingbest&t_page=랭킹&t_click=판매랭킹_선케어_상품상세&t_number=84
선케어,85,메디힐,메디힐 유브이 컷 아웃도어 선 패치 4회분 [와이드 프로텍션],https://www.oliveyoung.co.kr/store/goods/getGoodsDetail.do?goodsNo=A000000175122&dispCatNo=90000010009&trackingCd=Best_Sellingbest&t_page=랭킹&t_click=판매랭킹_선케어_상품상세&t_number=85
선케어,86,피지오겔,[민감피부용] 피지오겔 시카밸런스 포어솔루션 썬스크린 30ml,https://www.oliveyoung.co.kr/store/goods/getGoodsDetail.do?goodsNo=A000000204613&dispCatNo=90000010009&trackingCd=Best_Sellingbest&t_page=랭킹&t_click=판매랭킹_선케어_상품상세&t_number=86
선케어,87,에이지투웨니스,"[오롤리콜라보/증정기획]AGE20S 핑크 수분광 글로우핏 톤업 선팩트 12.5g*2 (+파우치, 스티커 증정)",https://www.oliveyoung.co.kr/store/goods/getGoodsDetail.do?goodsNo=A000000205610&dispCatNo=90000010009&trackingCd=Best_Sellingbest&t_page=랭킹&t_click=판매랭킹_선케어_상품상세&t_number=87
선케어,88,토코보,[NEW/리뷰이벤트] 토코보 시카 쿨링 선스틱 18g SPF50+ PA++++,https://www.oliveyoung.co.kr/store/goods/getGoodsDetail.do?goodsNo=A000000204878&dispCatNo=90000010009&trackingCd=Best_Sellingbest&t_page=랭킹&t_click=판매랭킹_선케어_상품상세&t_number=88
선케어,89,아이오페,[NEW/단독기획] 아이오페 UV쉴드 선프로텍터 50ml 기획 (+15ml),https://www.oliveyoung.co.kr/store/goods/getGoodsDetail.do?goodsNo=A000000205011&dispCatNo=90000010009&trackingCd=Best_Sellingbest&t_page=랭킹&t_click=판매랭킹_선케어_상품상세&t_number=89
선케어,90,브링그린,브링그린 티트리시카쿨링선스틱 20g_NEW,https://www.oliveyoung.co.kr/store/goods/getGoodsDetail.do?goodsNo=A000000201193&dispCatNo=90000010009&trackingCd=Best_Sellingbest&t_page=랭킹&t_click=판매랭킹_선케어_상품상세&t_number=90
선케어,91,브링그린,[썸머특가]브링그린 티트리시카 선 3종(선크림/선스틱/선쿠션),https://www.oliveyoung.co.kr/store/goods/getGoodsDetail.do?goodsNo=A000000203076&dispCatNo=90000010009&trackingCd=Best_Sellingbest&t_page=랭킹&t_click=판매랭킹_선케어_상품상세&t_number=91
선케어,92,브링그린,[썸머특가][NEW] 브링그린 티트리시카쿨링선스틱 20g 리필기획(배스킨콜라보),https://www.oliveyoung.co.kr/store/goods/getGoodsDetail.do?goodsNo=A000000205163&dispCatNo=90000010009&trackingCd=Best_Sellingbest&t_page=랭킹&t_click=판매랭킹_선케어_상품상세&t_number=92
선케어,93,톤핏선,[리뷰이벤트/프롬젤라PICK] 톤핏선 비건 파데프리 핑베 테라조쿠션 SPF50+ PA++++,https://www.oliveyoung.co.kr/store/goods/getGoodsDetail.do?goodsNo=A000000179295&dispCatNo=90000010009&trackingCd=Best_Sellingbest&t_page=랭킹&t_click=판매랭킹_선케어_상품상세&t_number=93
선케어,94,에스쁘아,[더블기획] 에스쁘아 워터 스플래쉬 선크림 시카 60ml (+60ml) SPF50+ PA++++,https://www.oliveyoung.co.kr/store/goods/getGoodsDetail.do?goodsNo=A000000202433&dispCatNo=90000010009&trackingCd=Best_Sellingbest&t_page=랭킹&t_click=판매랭킹_선케어_상품상세&t_number=94
선케어,95,마녀공장,[단7일특가]마녀공장 파데프리 선크림 50ml SPF50+ PA++++,https://www.oliveyoung.co.kr/store/goods/getGoodsDetail.do?goodsNo=A000000167936&dispCatNo=90000010009&trackingCd=Best_Sellingbest&t_page=랭킹&t_click=판매랭킹_선케어_상품상세&t_number=95
선케어,96,식물나라,식물나라 뽀얀쌀 생기 톤업 선 쿠션 단품(01 뽀얀 화이트/02생기 피치),https://www.oliveyoung.co.kr/store/goods/getGoodsDetail.do?goodsNo=A000000201009&dispCatNo=90000010009&trackingCd=Best_Sellingbest&t_page=랭킹&t_click=판매랭킹_선케어_상품상세&t_number=96
선케어,97,궁중비책,[나도PICK/썸머특가]궁중비책 모이스처 선쿠션 마일드 14g 리필기획 (+14g 리필),https://www.oliveyoung.co.kr/store/goods/getGoodsDetail.do?goodsNo=A000000201364&dispCatNo=90000010009&trackingCd=Best_Sellingbest&t_page=랭킹&t_click=판매랭킹_선케어_상품상세&t_number=97
선케어,98,식물나라,[썸머특가][NEW] 식물나라 제주 알로에 촉촉 수딩젤 더블 기획 200mLX2,https://www.oliveyoung.co.kr/store/goods/getGoodsDetail.do?goodsNo=A000000198631&dispCatNo=90000010009&trackingCd=Best_Sellingbest&t_page=랭킹&t_click=판매랭킹_선케어_상품상세&t_number=98
선케어,99,라운드어라운드,[무기자차]라운드어라운드 컴포트 그린티 카밍 선크림 1+1 기획,https://www.oliveyoung.co.kr/store/goods/getGoodsDetail.do?goodsNo=A000000200719&dispCatNo=90000010009&trackingCd=Best_Sellingbest&t_page=랭킹&t_click=판매랭킹_선케어_상품상세&t_number=99
선케어,100,랩시리즈,랩시리즈 파워 프로텍터 선스크린 SPF50 PA+++ 100ml,https://www.oliveyoung.co.kr/store/goods/getGoodsDetail.do?goodsNo=A000000158116&dispCatNo=90000010009&trackingCd=Best_Sellingbest&t_page=랭킹&t_click=판매랭킹_선케어_상품상세&t_number=100
메이크업,1,퓌,[100개 특가/6월한정] 퓌 립앤치크 블러리 푸딩팟 증정 기획(+팬던트키링),https://www.oliveyoung.co.kr/store/goods/getGoodsDetail.do?goodsNo=A000000205905&dispCatNo=90000010009&trackingCd=Best_Sellingbest&t_page=랭킹&t_click=판매랭킹_메이크업_상품상세&t_number=1
메이크업,2,헤라,[100개 특가/ 한정기획]헤라 블랙 쿠션 파운데이션 (본품 15g+리필 15g+미니쿠션5g+하이라이터),https://www.oliveyoung.co.kr/store/goods/getGoodsDetail.do?goodsNo=A000000202777&dispCatNo=90000010009&trackingCd=Best_Sellingbest&t_page=랭킹&t_click=판매랭킹_메이크업_상품상세&t_number=2
메이크업,3,딘토,[6/1 하루특가/단독선런칭] 딘토 블러글로이 립 틴트 30 colors (실버예은 PICK),https://www.oliveyoung.co.kr/store/goods/getGoodsDetail.do?goodsNo=A000000201123&dispCatNo=90000010009&trackingCd=Best_Sellingbest&t_page=랭킹&t_click=판매랭킹_메이크업_상품상세&t_number=3
메이크업,4,네이밍,[단독][지냐 공동개발] 네이밍 제로 그래비티 커버 핏 쿠션 기획 (본품+리필),https://www.oliveyoung.co.kr/store/goods/getGoodsDetail.do?goodsNo=A000000206187&dispCatNo=90000010009&trackingCd=Best_Sellingbest&t_page=랭킹&t_click=판매랭킹_메이크업_상품상세&t_number=4
메이크업,5,투쿨포스쿨,[6/1 하루특가/애교살 메이커] 투쿨포스쿨 프로타주 펜슬 단품/기획 (아이글리츠 증정),https://www.oliveyoung.co.kr/store/goods/getGoodsDetail.do?goodsNo=A000000120656&dispCatNo=90000010009&trackingCd=Best_Sellingbest&t_page=랭킹&t_click=판매랭킹_메이크업_상품상세&t_number=5
메이크업,6,정샘물,[이효리PICK] 정샘물 에센셜 스킨 누더 쿠션 (본품+리필),https://www.oliveyoung.co.kr/store/goods/getGoodsDetail.do?goodsNo=A000000139063&dispCatNo=90000010009&trackingCd=Best_Sellingbest&t_page=랭킹&t_click=판매랭킹_메이크업_상품상세&t_number=6
메이크업,7,클리오,[6/1 하루특가/리필+코숏키링 증정] 클리오 킬커버 스킨 픽서 쿠션 기획/단품,https://www.oliveyoung.co.kr/store/goods/getGoodsDetail.do?goodsNo=A000000198200&dispCatNo=90000010009&trackingCd=Best_Sellingbest&t_page=랭킹&t_click=판매랭킹_메이크업_상품상세&t_number=7
메이크업,8,어반디케이,[6월 올영PICK] 어반디케이 올나이터 세팅 픽서 올리브영 1+1 단독 기획,https://www.oliveyoung.co.kr/store/goods/getGoodsDetail.do?goodsNo=A000000152195&dispCatNo=90000010009&trackingCd=Best_Sellingbest&t_page=랭킹&t_click=판매랭킹_메이크업_상품상세&t_number=8
메이크업,9,클리오,클리오 샤프 쏘 심플 워터프루프 펜슬라이너 단품/더블기획,https://www.oliveyoung.co.kr/store/goods/getGoodsDetail.do?goodsNo=A000000198343&dispCatNo=90000010009&trackingCd=Best_Sellingbest&t_page=랭킹&t_click=판매랭킹_메이크업_상품상세&t_number=9
메이크업,10,퓌,[100개 특가] 퓌 쿠션 글래스 내추럴 5컬러 기획(+리필파우치/퍼프2매),https://www.oliveyoung.co.kr/store/goods/getGoodsDetail.do?goodsNo=A000000205095&dispCatNo=90000010009&trackingCd=Best_Sellingbest&t_page=랭킹&t_click=판매랭킹_메이크업_상품상세&t_number=10
메이크업,11,롬앤,"[단종컬러 재출시] 롬앤 쥬시 래스팅 틴트 (드래곤핑크, 피치미 외)",https://www.oliveyoung.co.kr/store/goods/getGoodsDetail.do?goodsNo=A000000125955&dispCatNo=90000010009&trackingCd=Best_Sellingbest&t_page=랭킹&t_click=판매랭킹_메이크업_상품상세&t_number=11
메이크업,12,클리오,[100개 특가][냥생역전 코숏/볼록스티커 증정] 클리오 프로아이팔레트에어 기획/단품,https://www.oliveyoung.co.kr/store/goods/getGoodsDetail.do?goodsNo=A000000188988&dispCatNo=90000010009&trackingCd=Best_Sellingbest&t_page=랭킹&t_click=판매랭킹_메이크업_상품상세&t_number=12
메이크업,13,투크,[100개 특가/NEW도화컬러] 투크 워터프루프 슬림 아이라이너 13colors,https://www.oliveyoung.co.kr/store/goods/getGoodsDetail.do?goodsNo=A000000185046&dispCatNo=90000010009&trackingCd=Best_Sellingbest&t_page=랭킹&t_click=판매랭킹_메이크업_상품상세&t_number=13
메이크업,14,에이프릴스킨,에이프릴스킨 히어로 쿠션 (리필 증정),https://www.oliveyoung.co.kr/store/goods/getGoodsDetail.do?goodsNo=A000000163765&dispCatNo=90000010009&trackingCd=Best_Sellingbest&t_page=랭킹&t_click=판매랭킹_메이크업_상품상세&t_number=14
메이크업,15,바닐라코,[100개 특가/헬로키티에디션]바닐라코 프라임 프라이머 피니쉬 파우더(+브러쉬)(단품/기획),https://www.oliveyoung.co.kr/store/goods/getGoodsDetail.do?goodsNo=A000000165215&dispCatNo=90000010009&trackingCd=Best_Sellingbest&t_page=랭킹&t_click=판매랭킹_메이크업_상품상세&t_number=15
메이크업,16,디어달리아,디어달리아 페탈 드롭 리퀴드 블러쉬,https://www.oliveyoung.co.kr/store/goods/getGoodsDetail.do?goodsNo=A000000205145&dispCatNo=90000010009&trackingCd=Best_Sellingbest&t_page=랭킹&t_click=판매랭킹_메이크업_상품상세&t_number=16
메이크업,17,코스노리,[100개 특가/한정기획]코스노리 롱 액티브 아이래쉬 세럼 비건 속눈썹영양제 (단품/기획),https://www.oliveyoung.co.kr/store/goods/getGoodsDetail.do?goodsNo=A000000140618&dispCatNo=90000010009&trackingCd=Best_Sellingbest&t_page=랭킹&t_click=판매랭킹_메이크업_상품상세&t_number=17
메이크업,18,키스미,[100개 특가/6월 올영픽] 키스미 히로인메이크 스무스 리퀴드 아이라이너 3종 1+1 한정 기획,https://www.oliveyoung.co.kr/store/goods/getGoodsDetail.do?goodsNo=A000000185974&dispCatNo=90000010009&trackingCd=Best_Sellingbest&t_page=랭킹&t_click=판매랭킹_메이크업_상품상세&t_number=18
메이크업,19,하트퍼센트,[단독기획] 하트퍼센트 도트 온 무드 립펜슬 20colors + 미니 글로우틴트 기획/단품 택1,https://www.oliveyoung.co.kr/store/goods/getGoodsDetail.do?goodsNo=A000000174066&dispCatNo=90000010009&trackingCd=Best_Sellingbest&t_page=랭킹&t_click=판매랭킹_메이크업_상품상세&t_number=19
메이크업,20,클리오,[100개 특가/리필기획] 클리오 킬브로우 오토하드브로우펜슬 (리뉴얼),https://www.oliveyoung.co.kr/store/goods/getGoodsDetail.do?goodsNo=A000000204946&dispCatNo=90000010009&trackingCd=Best_Sellingbest&t_page=랭킹&t_click=판매랭킹_메이크업_상품상세&t_number=20
메이크업,21,웨이크메이크,웨이크메이크 소프트 블러링 아이팔레트 19 COLOR (기획/단품),https://www.oliveyoung.co.kr/store/goods/getGoodsDetail.do?goodsNo=A000000180532&dispCatNo=90000010009&trackingCd=Best_Sellingbest&t_page=랭킹&t_click=판매랭킹_메이크업_상품상세&t_number=21
메이크업,22,에뛰드,[100개특가/단독기획] 에뛰드 컬 픽스 마스카라 1+1 기획,https://www.oliveyoung.co.kr/store/goods/getGoodsDetail.do?goodsNo=A000000203943&dispCatNo=90000010009&trackingCd=Best_Sellingbest&t_page=랭킹&t_click=판매랭킹_메이크업_상품상세&t_number=22
메이크업,23,에스쁘아,[6월 올영픽] 에스쁘아 비벨벳 커버쿠션 뉴클래스 기획 (본품+리필),https://www.oliveyoung.co.kr/store/goods/getGoodsDetail.do?goodsNo=A000000184222&dispCatNo=90000010009&trackingCd=Best_Sellingbest&t_page=랭킹&t_click=판매랭킹_메이크업_상품상세&t_number=23
메이크업,24,크리니크,[세일특가] 크리니크 치크 팝 단품/기획 택1,https://www.oliveyoung.co.kr/store/goods/getGoodsDetail.do?goodsNo=A000000158991&dispCatNo=90000010009&trackingCd=Best_Sellingbest&t_page=랭킹&t_click=판매랭킹_메이크업_상품상세&t_number=24
메이크업,25,어뮤즈,[장원영 PICK/리필기획] 어뮤즈 세라믹 스킨 퍼펙터 쿠션 리필 기획 (본품+리필 증정),https://www.oliveyoung.co.kr/store/goods/getGoodsDetail.do?goodsNo=A000000200357&dispCatNo=90000010009&trackingCd=Best_Sellingbest&t_page=랭킹&t_click=판매랭킹_메이크업_상품상세&t_number=25
메이크업,26,힌스,[신상특가/최혜선PICK] 힌스 로 글로우 젤 틴트,https://www.oliveyoung.co.kr/store/goods/getGoodsDetail.do?goodsNo=A000000202912&dispCatNo=90000010009&trackingCd=Best_Sellingbest&t_page=랭킹&t_click=판매랭킹_메이크업_상품상세&t_number=26
메이크업,27,웨이크메이크,[6/1 하루특가][립펜슬증정기획] 웨이크메이크 듀이 젤 글레이즈 스틱 14 COLOR (립펜슬기획/단품),https://www.oliveyoung.co.kr/store/goods/getGoodsDetail.do?goodsNo=A000000182293&dispCatNo=90000010009&trackingCd=Best_Sellingbest&t_page=랭킹&t_click=판매랭킹_메이크업_상품상세&t_number=27
메이크업,28,페리페라,[100개 특가][틴메추해/갓기천사 미니 기획] 페리페라 잉크 무드 글로이틴트,https://www.oliveyoung.co.kr/store/goods/getGoodsDetail.do?goodsNo=A000000162471&dispCatNo=90000010009&trackingCd=Best_Sellingbest&t_page=랭킹&t_click=판매랭킹_메이크업_상품상세&t_number=28
메이크업,29,클리오,[100개 특가][냥생역전 코숏/미니글로스 증정] 클리오 크리스탈 글램 틴트 기획/단품,https://www.oliveyoung.co.kr/store/goods/getGoodsDetail.do?goodsNo=A000000185265&dispCatNo=90000010009&trackingCd=Best_Sellingbest&t_page=랭킹&t_click=판매랭킹_메이크업_상품상세&t_number=29
메이크업,30,어바웃톤,[6월올영픽/미니프라이머증정기획] 어바웃톤 블러 파우더 팩트 (기획/단품),https://www.oliveyoung.co.kr/store/goods/getGoodsDetail.do?goodsNo=A000000166442&dispCatNo=90000010009&trackingCd=Best_Sellingbest&t_page=랭킹&t_click=판매랭킹_메이크업_상품상세&t_number=30
메이크업,31,3CE,[6월 올영픽/민니PICK] 3CE 블러 워터 틴트 + 실버미러 기획/단품 택 1,https://www.oliveyoung.co.kr/store/goods/getGoodsDetail.do?goodsNo=A000000148591&dispCatNo=90000010009&trackingCd=Best_Sellingbest&t_page=랭킹&t_click=판매랭킹_메이크업_상품상세&t_number=31
메이크업,32,투쿨포스쿨,[100개 특가] 투쿨포스쿨 바이로댕 쉐이딩 기획 (미니브러쉬 증정),https://www.oliveyoung.co.kr/store/goods/getGoodsDetail.do?goodsNo=A000000145650&dispCatNo=90000010009&trackingCd=Best_Sellingbest&t_page=랭킹&t_click=판매랭킹_메이크업_상품상세&t_number=32
메이크업,33,웨이크메이크,[1+1] 웨이크메이크 글리츠 롱웨어 스틱 섀도우 8COLOR,https://www.oliveyoung.co.kr/store/goods/getGoodsDetail.do?goodsNo=A000000199424&dispCatNo=90000010009&trackingCd=Best_Sellingbest&t_page=랭킹&t_click=판매랭킹_메이크업_상품상세&t_number=33
메이크업,34,웨이크메이크,[100개특가][NEW컬러추가] 웨이크메이크 워터 블러링 픽싱 틴트 20 COLOR (단품/기획),https://www.oliveyoung.co.kr/store/goods/getGoodsDetail.do?goodsNo=A000000187206&dispCatNo=90000010009&trackingCd=Best_Sellingbest&t_page=랭킹&t_click=판매랭킹_메이크업_상품상세&t_number=34
메이크업,35,헤라,[6월 올영픽 / 한정기획] 헤라 실키 스테이 24H 롱웨어파운데이션 30g(+미니립1.1g+브러쉬+손거울),https://www.oliveyoung.co.kr/store/goods/getGoodsDetail.do?goodsNo=A000000190668&dispCatNo=90000010009&trackingCd=Best_Sellingbest&t_page=랭킹&t_click=판매랭킹_메이크업_상품상세&t_number=35
메이크업,36,에스쁘아,[100개 특가/6월 올영픽] 에스쁘아 더브로우 밸런스 펜슬 (+미니 카라 증정),https://www.oliveyoung.co.kr/store/goods/getGoodsDetail.do?goodsNo=A000000165912&dispCatNo=90000010009&trackingCd=Best_Sellingbest&t_page=랭킹&t_click=판매랭킹_메이크업_상품상세&t_number=36
메이크업,37,홀리카홀리카,[100개 특가/상은언니PICK] 홀리카홀리카 마이페이브 피스 아이섀도우,https://www.oliveyoung.co.kr/store/goods/getGoodsDetail.do?goodsNo=A000000174309&dispCatNo=90000010009&trackingCd=Best_Sellingbest&t_page=랭킹&t_click=판매랭킹_메이크업_상품상세&t_number=37
메이크업,38,파넬,[6월 올영픽/리뷰이벤트] NEW 파넬 시카마누 세럼 인 매트 쿠션 기획(본품+리필),https://www.oliveyoung.co.kr/store/goods/getGoodsDetail.do?goodsNo=A000000205515&dispCatNo=90000010009&trackingCd=Best_Sellingbest&t_page=랭킹&t_click=판매랭킹_메이크업_상품상세&t_number=38
메이크업,39,퓌,[6월 올영픽]퓌 3D 볼류밍 글로스 12컬러 (30%/70%),https://www.oliveyoung.co.kr/store/goods/getGoodsDetail.do?goodsNo=A000000200723&dispCatNo=90000010009&trackingCd=Best_Sellingbest&t_page=랭킹&t_click=판매랭킹_메이크업_상품상세&t_number=39
메이크업,40,정샘물,정샘물 에센셜 물크림 택1 (오리지널/라이트),https://www.oliveyoung.co.kr/store/goods/getGoodsDetail.do?goodsNo=A000000175556&dispCatNo=90000010009&trackingCd=Best_Sellingbest&t_page=랭킹&t_click=판매랭킹_메이크업_상품상세&t_number=40
메이크업,41,페리페라,페리페라 스피디 스키니 브로우,https://www.oliveyoung.co.kr/store/goods/getGoodsDetail.do?goodsNo=A000000138671&dispCatNo=90000010009&trackingCd=Best_Sellingbest&t_page=랭킹&t_click=판매랭킹_메이크업_상품상세&t_number=41
메이크업,42,누즈,[NEW/단독기획] 누즈 무스 케어 치크,https://www.oliveyoung.co.kr/store/goods/getGoodsDetail.do?goodsNo=A000000192953&dispCatNo=90000010009&trackingCd=Best_Sellingbest&t_page=랭킹&t_click=판매랭킹_메이크업_상품상세&t_number=42
메이크업,43,VDL,"VDL 커버스테인 퍼펙팅 파운데이션 30ml (SPF35, PA++)",https://www.oliveyoung.co.kr/store/goods/getGoodsDetail.do?goodsNo=A000000178635&dispCatNo=90000010009&trackingCd=Best_Sellingbest&t_page=랭킹&t_click=판매랭킹_메이크업_상품상세&t_number=43
메이크업,44,데이지크,[NEW 기획출시] 데이지크 섀도우팔레트 21 colors (단품/한정기획),https://www.oliveyoung.co.kr/store/goods/getGoodsDetail.do?goodsNo=A000000147801&dispCatNo=90000010009&trackingCd=Best_Sellingbest&t_page=랭킹&t_click=판매랭킹_메이크업_상품상세&t_number=44
메이크업,45,바닐라코,[100개 특가/핑크블라썸에디션] 바닐라코 얼티밋 화이트 쿠션(+리필+퍼프2매)(기획),https://www.oliveyoung.co.kr/store/goods/getGoodsDetail.do?goodsNo=A000000174465&dispCatNo=90000010009&trackingCd=Best_Sellingbest&t_page=랭킹&t_click=판매랭킹_메이크업_상품상세&t_number=45
메이크업,46,글린트,[단독기획/블러셔증정] 글린트 하이라이터 (미니 블러쉬 증정 기획/단품),https://www.oliveyoung.co.kr/store/goods/getGoodsDetail.do?goodsNo=A000000176088&dispCatNo=90000010009&trackingCd=Best_Sellingbest&t_page=랭킹&t_click=판매랭킹_메이크업_상품상세&t_number=46
메이크업,47,VDL,[NEW] VDL 톤 스테인 컬러 코렉팅 프라이머 30ml,https://www.oliveyoung.co.kr/store/goods/getGoodsDetail.do?goodsNo=A000000205908&dispCatNo=90000010009&trackingCd=Best_Sellingbest&t_page=랭킹&t_click=판매랭킹_메이크업_상품상세&t_number=47
메이크업,48,롬앤,[100개 특가]롬앤 글래스팅 컬러 글로스,https://www.oliveyoung.co.kr/store/goods/getGoodsDetail.do?goodsNo=A000000197231&dispCatNo=90000010009&trackingCd=Best_Sellingbest&t_page=랭킹&t_click=판매랭킹_메이크업_상품상세&t_number=48
메이크업,49,바닐라코,[헬로키티에디션]바닐라코 프라임 프라이머 클래식(+클래식10ml)(단품/기획),https://www.oliveyoung.co.kr/store/goods/getGoodsDetail.do?goodsNo=A000000165209&dispCatNo=90000010009&trackingCd=Best_Sellingbest&t_page=랭킹&t_click=판매랭킹_메이크업_상품상세&t_number=49
메이크업,50,정샘물,[이효리PICK] 정샘물 스킨 누더 커버레이어 쿠션 (본품+리필),https://www.oliveyoung.co.kr/store/goods/getGoodsDetail.do?goodsNo=A000000163378&dispCatNo=90000010009&trackingCd=Best_Sellingbest&t_page=랭킹&t_click=판매랭킹_메이크업_상품상세&t_number=50
메이크업,51,뮤드,[NEW 컬러] 뮤드 인스파이어 스키니 컬링/멀티 픽서 마스카라,https://www.oliveyoung.co.kr/store/goods/getGoodsDetail.do?goodsNo=A000000182700&dispCatNo=90000010009&trackingCd=Best_Sellingbest&t_page=랭킹&t_click=판매랭킹_메이크업_상품상세&t_number=51
메이크업,52,토니모리,[100개 특가/단독기획출시] 토니모리 겟잇틴트 워터풀버터 16종,https://www.oliveyoung.co.kr/store/goods/getGoodsDetail.do?goodsNo=A000000180567&dispCatNo=90000010009&trackingCd=Best_Sellingbest&t_page=랭킹&t_click=판매랭킹_메이크업_상품상세&t_number=52
메이크업,53,더샘,[100개 특가/삼색냥이 에디션] 더샘 커버 퍼펙션 트리플 팟 컨실러 5colors,https://www.oliveyoung.co.kr/store/goods/getGoodsDetail.do?goodsNo=A000000177593&dispCatNo=90000010009&trackingCd=Best_Sellingbest&t_page=랭킹&t_click=판매랭킹_메이크업_상품상세&t_number=53
메이크업,54,투쿨포스쿨,[6/1 하루특가/꼬막눈 치트키] 투쿨포스쿨 스머징 트임 라이너,https://www.oliveyoung.co.kr/store/goods/getGoodsDetail.do?goodsNo=A000000199182&dispCatNo=90000010009&trackingCd=Best_Sellingbest&t_page=랭킹&t_click=판매랭킹_메이크업_상품상세&t_number=54
메이크업,55,에스쁘아,[100개 특가/윈터 PICK] 에스쁘아 립스틱 노웨어 바밍 글로우 3g / 7 colors,https://www.oliveyoung.co.kr/store/goods/getGoodsDetail.do?goodsNo=A000000199684&dispCatNo=90000010009&trackingCd=Best_Sellingbest&t_page=랭킹&t_click=판매랭킹_메이크업_상품상세&t_number=55
메이크업,56,클리오,[냥생역전 코숏/NEW] 클리오 글래스 앤 하이라이터,https://www.oliveyoung.co.kr/store/goods/getGoodsDetail.do?goodsNo=A000000205821&dispCatNo=90000010009&trackingCd=Best_Sellingbest&t_page=랭킹&t_click=판매랭킹_메이크업_상품상세&t_number=56
메이크업,57,정샘물,정샘물 에센셜 물 마이크로 피팅 미스트 (단품/기획),https://www.oliveyoung.co.kr/store/goods/getGoodsDetail.do?goodsNo=A000000163626&dispCatNo=90000010009&trackingCd=Best_Sellingbest&t_page=랭킹&t_click=판매랭킹_메이크업_상품상세&t_number=57
메이크업,58,지베르니,[브러쉬 기획 재입고]지베르니 밀착 커버 파운데이션(단품/브러쉬기획),https://www.oliveyoung.co.kr/store/goods/getGoodsDetail.do?goodsNo=A000000184228&dispCatNo=90000010009&trackingCd=Best_Sellingbest&t_page=랭킹&t_click=판매랭킹_메이크업_상품상세&t_number=58
메이크업,59,클리오,[NEW 포그블랙] 클리오 킬래쉬 수퍼프루프마스카라 1+1 기획,https://www.oliveyoung.co.kr/store/goods/getGoodsDetail.do?goodsNo=A000000121749&dispCatNo=90000010009&trackingCd=Best_Sellingbest&t_page=랭킹&t_click=판매랭킹_메이크업_상품상세&t_number=59
메이크업,60,루나,[6월 올영픽/올리브영 6년연속 1위] 루나 롱래스팅 팁 컨실러 7colors,https://www.oliveyoung.co.kr/store/goods/getGoodsDetail.do?goodsNo=A000000012239&dispCatNo=90000010009&trackingCd=Best_Sellingbest&t_page=랭킹&t_click=판매랭킹_메이크업_상품상세&t_number=60
메이크업,61,어뮤즈,[단독기획/장원영 PICK] 어뮤즈 듀 파워 비건 쿠션 리필 기획 (본품+리필 증정) (AD),https://www.oliveyoung.co.kr/store/goods/getGoodsDetail.do?goodsNo=A000000180080&dispCatNo=90000010009&trackingCd=Best_Sellingbest&t_page=랭킹&t_click=판매랭킹_메이크업_상품상세&t_number=61
메이크업,62,클리오,[NO.1 쿠션/단독 기획] 클리오 킬커버 더뉴 파운웨어 쿠션,https://www.oliveyoung.co.kr/store/goods/getGoodsDetail.do?goodsNo=A000000171835&dispCatNo=90000010009&trackingCd=Best_Sellingbest&t_page=랭킹&t_click=판매랭킹_메이크업_상품상세&t_number=62
메이크업,63,라네즈,[라네즈X바오패밀리] 네오 쿠션 매트 15g 기획/단품 (+키링 랜덤 증정),https://www.oliveyoung.co.kr/store/goods/getGoodsDetail.do?goodsNo=A000000184075&dispCatNo=90000010009&trackingCd=Best_Sellingbest&t_page=랭킹&t_click=판매랭킹_메이크업_상품상세&t_number=63
메이크업,64,힌스,[엔하이픈/성훈PICK] 힌스 트루 디멘션 래디언스 밤,https://www.oliveyoung.co.kr/store/goods/getGoodsDetail.do?goodsNo=A000000148564&dispCatNo=90000010009&trackingCd=Best_Sellingbest&t_page=랭킹&t_click=판매랭킹_메이크업_상품상세&t_number=64
메이크업,65,힌스,[엔하이픈/성훈PICK] 힌스 세컨 스킨 메쉬 매트 쿠션(본품+리필),https://www.oliveyoung.co.kr/store/goods/getGoodsDetail.do?goodsNo=A000000185466&dispCatNo=90000010009&trackingCd=Best_Sellingbest&t_page=랭킹&t_click=판매랭킹_메이크업_상품상세&t_number=65
메이크업,66,페리페라,[올영단독 쉐딩스틱 본품 증정] 페리페라 브이 쉐딩,https://www.oliveyoung.co.kr/store/goods/getGoodsDetail.do?goodsNo=A000000180297&dispCatNo=90000010009&trackingCd=Best_Sellingbest&t_page=랭킹&t_click=판매랭킹_메이크업_상품상세&t_number=66
메이크업,67,스틸라,"[아이돌 애교살 메이커/글리터] 스틸라 트라이펙타 메탈리카 립,아이 & 치크 스틱",https://www.oliveyoung.co.kr/store/goods/getGoodsDetail.do?goodsNo=A000000151694&dispCatNo=90000010009&trackingCd=Best_Sellingbest&t_page=랭킹&t_click=판매랭킹_메이크업_상품상세&t_number=67
메이크업,68,컬러그램,[NEW 컬러추가] 컬러그램 음영 창조 라이너 5 COLOR,https://www.oliveyoung.co.kr/store/goods/getGoodsDetail.do?goodsNo=A000000162103&dispCatNo=90000010009&trackingCd=Best_Sellingbest&t_page=랭킹&t_click=판매랭킹_메이크업_상품상세&t_number=68
메이크업,69,바비브라운,바비브라운 엑스트라 립 틴트&크러쉬드 립 칼라 듀오 기획,https://www.oliveyoung.co.kr/store/goods/getGoodsDetail.do?goodsNo=A000000205765&dispCatNo=90000010009&trackingCd=Best_Sellingbest&t_page=랭킹&t_click=판매랭킹_메이크업_상품상세&t_number=69
메이크업,70,어뮤즈,[NEW/단독기획] 어뮤즈 듀 틴트 기획/단품 (+베베 틴트 미니 증정),https://www.oliveyoung.co.kr/store/goods/getGoodsDetail.do?goodsNo=A000000158147&dispCatNo=90000010009&trackingCd=Best_Sellingbest&t_page=랭킹&t_click=판매랭킹_메이크업_상품상세&t_number=70
메이크업,71,3CE,[민니PICK] 3CE 무드레시피 페이스 블러쉬+페이스 브러쉬 기획/단품 택 1,https://www.oliveyoung.co.kr/store/goods/getGoodsDetail.do?goodsNo=A000000109650&dispCatNo=90000010009&trackingCd=Best_Sellingbest&t_page=랭킹&t_click=판매랭킹_메이크업_상품상세&t_number=71
메이크업,72,에이지투웨니스,[미니팩트 증정기획/수영PICK]AGE20S 벨벳 래스팅 팩트(본품+리필),https://www.oliveyoung.co.kr/store/goods/getGoodsDetail.do?goodsNo=A000000191653&dispCatNo=90000010009&trackingCd=Best_Sellingbest&t_page=랭킹&t_click=판매랭킹_메이크업_상품상세&t_number=72
메이크업,73,에스쁘아,[단독선런칭] 에스쁘아 듀라이크 젤로 톤업 쿠션 SPF50+ PA+++ 15g (+젤로 파우치 증정),https://www.oliveyoung.co.kr/store/goods/getGoodsDetail.do?goodsNo=A000000204958&dispCatNo=90000010009&trackingCd=Best_Sellingbest&t_page=랭킹&t_click=판매랭킹_메이크업_상품상세&t_number=73
메이크업,74,홀리카홀리카,홀리카홀리카 마이페이브 무드 아이팔레트,https://www.oliveyoung.co.kr/store/goods/getGoodsDetail.do?goodsNo=A000000150361&dispCatNo=90000010009&trackingCd=Best_Sellingbest&t_page=랭킹&t_click=판매랭킹_메이크업_상품상세&t_number=74
메이크업,75,릴리바이레드,[신상특가/지냐 공동개발] 릴리바이레드 스윗 라이어 밀키 틴트 4g 기획/단품 택1,https://www.oliveyoung.co.kr/store/goods/getGoodsDetail.do?goodsNo=A000000203735&dispCatNo=90000010009&trackingCd=Best_Sellingbest&t_page=랭킹&t_click=판매랭킹_메이크업_상품상세&t_number=75
메이크업,76,삐아,[신규 트임 컬러 출시] 삐아 라스트 오토 젤 아이라이너 (19COLOR),https://www.oliveyoung.co.kr/store/goods/getGoodsDetail.do?goodsNo=A000000162672&dispCatNo=90000010009&trackingCd=Best_Sellingbest&t_page=랭킹&t_click=판매랭킹_메이크업_상품상세&t_number=76
메이크업,77,릴리바이레드,[100개 특가/올영 단독/한정 기획] 릴리바이레드 쥬시 라이어 워터 틴트(AD) 4.6g 단품/기획 택1,https://www.oliveyoung.co.kr/store/goods/getGoodsDetail.do?goodsNo=A000000187414&dispCatNo=90000010009&trackingCd=Best_Sellingbest&t_page=랭킹&t_click=판매랭킹_메이크업_상품상세&t_number=77
메이크업,78,키스미,[6월 올영픽/NEW 한정컬러] 키스미 헤비로테이션 컬러링 아이브로우(마스카라 브로우),https://www.oliveyoung.co.kr/store/goods/getGoodsDetail.do?goodsNo=A000000013161&dispCatNo=90000010009&trackingCd=Best_Sellingbest&t_page=랭킹&t_click=판매랭킹_메이크업_상품상세&t_number=78
메이크업,79,어반디케이,[한정기획] [박제니PICK] 어반디케이 아이 프라이머 포션 오리지널 10ml 올리브영 단독 기획(+미니픽서),https://www.oliveyoung.co.kr/store/goods/getGoodsDetail.do?goodsNo=A000000205832&dispCatNo=90000010009&trackingCd=Best_Sellingbest&t_page=랭킹&t_click=판매랭킹_메이크업_상품상세&t_number=79
메이크업,80,베네피트,[태연 Pick] 베네피트 틴트 6종 택1,https://www.oliveyoung.co.kr/store/goods/getGoodsDetail.do?goodsNo=A000000131154&dispCatNo=90000010009&trackingCd=Best_Sellingbest&t_page=랭킹&t_click=판매랭킹_메이크업_상품상세&t_number=80
메이크업,81,에이오유,[은비쌤 개발] 에이오유 글로이 틴트 밤 3.5g 9종 택1,https://www.oliveyoung.co.kr/store/goods/getGoodsDetail.do?goodsNo=A000000188459&dispCatNo=90000010009&trackingCd=Best_Sellingbest&t_page=랭킹&t_click=판매랭킹_메이크업_상품상세&t_number=81
메이크업,82,컬러그램,컬러그램 밀크 영롱 하트라이터 5 COLOR (단품/파워퍼프걸에디션),https://www.oliveyoung.co.kr/store/goods/getGoodsDetail.do?goodsNo=A000000173195&dispCatNo=90000010009&trackingCd=Best_Sellingbest&t_page=랭킹&t_click=판매랭킹_메이크업_상품상세&t_number=82
메이크업,83,파넬,[6월 올영픽/리뷰이벤트] 파넬 시카마누 세럼쿠션 기획(본품+리필),https://www.oliveyoung.co.kr/store/goods/getGoodsDetail.do?goodsNo=A000000190611&dispCatNo=90000010009&trackingCd=Best_Sellingbest&t_page=랭킹&t_click=판매랭킹_메이크업_상품상세&t_number=83
메이크업,84,코스노리,[1등 톤업크림] 코스노리 화이트닝 드레스 비건 톤업크림 (단품/기획),https://www.oliveyoung.co.kr/store/goods/getGoodsDetail.do?goodsNo=A000000017135&dispCatNo=90000010009&trackingCd=Best_Sellingbest&t_page=랭킹&t_click=판매랭킹_메이크업_상품상세&t_number=84
메이크업,85,에뛰드,에뛰드 재창조 메이커 쉐딩 멀티 스틱 (웜&쿨),https://www.oliveyoung.co.kr/store/goods/getGoodsDetail.do?goodsNo=A000000190270&dispCatNo=90000010009&trackingCd=Best_Sellingbest&t_page=랭킹&t_click=판매랭킹_메이크업_상품상세&t_number=85
메이크업,86,퓌,퓌 멜로우 듀얼 블러셔 12컬러,https://www.oliveyoung.co.kr/store/goods/getGoodsDetail.do?goodsNo=A000000203529&dispCatNo=90000010009&trackingCd=Best_Sellingbest&t_page=랭킹&t_click=판매랭킹_메이크업_상품상세&t_number=86
메이크업,87,웨이크메이크,[1+1기획] 웨이크메이크 내추럴 하드 브로우 펜슬 1+1 기획/단품,https://www.oliveyoung.co.kr/store/goods/getGoodsDetail.do?goodsNo=A000000178972&dispCatNo=90000010009&trackingCd=Best_Sellingbest&t_page=랭킹&t_click=판매랭킹_메이크업_상품상세&t_number=87
메이크업,88,더샘,[대용량 단독기획] 더샘 커버 퍼펙션 팁컨실러 9.5g 6colors,https://www.oliveyoung.co.kr/store/goods/getGoodsDetail.do?goodsNo=A000000155982&dispCatNo=90000010009&trackingCd=Best_Sellingbest&t_page=랭킹&t_click=판매랭킹_메이크업_상품상세&t_number=88
메이크업,89,오브제,[덱스 PICK] 오브제 내추럴 커버 파운데이션 기획세트(+클렌징폼 50ml),https://www.oliveyoung.co.kr/store/goods/getGoodsDetail.do?goodsNo=A000000198001&dispCatNo=90000010009&trackingCd=Best_Sellingbest&t_page=랭킹&t_click=판매랭킹_메이크업_상품상세&t_number=89
메이크업,90,롬앤,[신상 특가/단독기획]롬앤 베러 댄 컨투어,https://www.oliveyoung.co.kr/store/goods/getGoodsDetail.do?goodsNo=A000000201055&dispCatNo=90000010009&trackingCd=Best_Sellingbest&t_page=랭킹&t_click=판매랭킹_메이크업_상품상세&t_number=90
메이크업,91,지베르니,지베르니 밀착 커버 쿠션 본품리필/미니컨실러기획(본품+리필 / 본품+리필+미니컨실러),https://www.oliveyoung.co.kr/store/goods/getGoodsDetail.do?goodsNo=A000000184610&dispCatNo=90000010009&trackingCd=Best_Sellingbest&t_page=랭킹&t_click=판매랭킹_메이크업_상품상세&t_number=91
메이크업,92,웨이크메이크,[브러시/퍼프기획] 웨이크메이크 워터 벨벳 커버 파운데이션 (기획/단품),https://www.oliveyoung.co.kr/store/goods/getGoodsDetail.do?goodsNo=A000000184613&dispCatNo=90000010009&trackingCd=Best_Sellingbest&t_page=랭킹&t_click=판매랭킹_메이크업_상품상세&t_number=92
메이크업,93,에스티로더,"에스티 로더 더블웨어 파운데이션 기획(+펌핑기, 갈색병 세럼 7ml 증정)/단품 택1",https://www.oliveyoung.co.kr/store/goods/getGoodsDetail.do?goodsNo=A000000150747&dispCatNo=90000010009&trackingCd=Best_Sellingbest&t_page=랭킹&t_click=판매랭킹_메이크업_상품상세&t_number=93
메이크업,94,코스노리,코스노리 아이래쉬 틴팅 세럼 비건 블랙 속눈썹영양제,https://www.oliveyoung.co.kr/store/goods/getGoodsDetail.do?goodsNo=A000000187890&dispCatNo=90000010009&trackingCd=Best_Sellingbest&t_page=랭킹&t_click=판매랭킹_메이크업_상품상세&t_number=94
메이크업,95,롬앤,[NEW] 롬앤 글래스팅 멜팅 밤 (단품/기획),https://www.oliveyoung.co.kr/store/goods/getGoodsDetail.do?goodsNo=A000000175795&dispCatNo=90000010009&trackingCd=Best_Sellingbest&t_page=랭킹&t_click=판매랭킹_메이크업_상품상세&t_number=95
메이크업,96,헤라,헤라 센슈얼 누드 글로스 5g,https://www.oliveyoung.co.kr/store/goods/getGoodsDetail.do?goodsNo=A000000177984&dispCatNo=90000010009&trackingCd=Best_Sellingbest&t_page=랭킹&t_click=판매랭킹_메이크업_상품상세&t_number=96
메이크업,97,노베브,[NEW컬러][재유 공동개발] 노베브 슬림 엣지 듀얼 아이라이너 5colors,https://www.oliveyoung.co.kr/store/goods/getGoodsDetail.do?goodsNo=A000000180431&dispCatNo=90000010009&trackingCd=Best_Sellingbest&t_page=랭킹&t_click=판매랭킹_메이크업_상품상세&t_number=97
메이크업,98,웨이크메이크,[1+1기획] 웨이크메이크 철벽 브러쉬 아이라이너 3COLOR 1+1 기획 / 단품,https://www.oliveyoung.co.kr/store/goods/getGoodsDetail.do?goodsNo=A000000130012&dispCatNo=90000010009&trackingCd=Best_Sellingbest&t_page=랭킹&t_click=판매랭킹_메이크업_상품상세&t_number=98
메이크업,99,라네즈,[라네즈X바오패밀리] 네오 에센셜 블러링 피니시 파우더 7g,https://www.oliveyoung.co.kr/store/goods/getGoodsDetail.do?goodsNo=A000000180593&dispCatNo=90000010009&trackingCd=Best_Sellingbest&t_page=랭킹&t_click=판매랭킹_메이크업_상품상세&t_number=99
메이크업,100,퓌,[신상 특가/6월 올영픽/리뷰이벤트] 퓌 모어무드 아이팔레트 6컬러,https://www.oliveyoung.co.kr/store/goods/getGoodsDetail.do?goodsNo=A000000203758&dispCatNo=90000010009&trackingCd=Best_Sellingbest&t_page=랭킹&t_click=판매랭킹_메이크업_상품상세&t_number=100
네일,1,르멘트,[NEW/24년 여름컬러] 르멘트 컬러네일 42종 & 다즐링 하드너 & 광채 영양제,https://www.oliveyoung.co.kr/store/goods/getGoodsDetail.do?goodsNo=A000000185114&dispCatNo=90000010009&trackingCd=Best_Sellingbest&t_page=랭킹&t_click=판매랭킹_네일_상품상세&t_number=1
네일,2,팁토우,"[잉화,아이랜드PICK] 팁토우 컬러 네일 44종",https://www.oliveyoung.co.kr/store/goods/getGoodsDetail.do?goodsNo=A000000189064&dispCatNo=90000010009&trackingCd=Best_Sellingbest&t_page=랭킹&t_click=판매랭킹_네일_상품상세&t_number=2
네일,3,반디,"반디 핑크다이아 네일케어 외 자석,시럽,글리터 살롱드 네일 골라담기",https://www.oliveyoung.co.kr/store/goods/getGoodsDetail.do?goodsNo=A000000205810&dispCatNo=90000010009&trackingCd=Best_Sellingbest&t_page=랭킹&t_click=판매랭킹_네일_상품상세&t_number=3
네일,4,롬앤,[NEW] 롬앤 무드 페블 네일 하드너 7ml 4종,https://www.oliveyoung.co.kr/store/goods/getGoodsDetail.do?goodsNo=A000000205387&dispCatNo=90000010009&trackingCd=Best_Sellingbest&t_page=랭킹&t_click=판매랭킹_네일_상품상세&t_number=4
네일,5,데싱디바,[24년여름/네일팁] 데싱디바 매직프레스 네일/페디 골라담기,https://www.oliveyoung.co.kr/store/goods/getGoodsDetail.do?goodsNo=A000000206076&dispCatNo=90000010009&trackingCd=Best_Sellingbest&t_page=랭킹&t_click=판매랭킹_네일_상품상세&t_number=5
네일,6,팁토우,팁토우 시럽 & 페인트 네일 폴리쉬 17종,https://www.oliveyoung.co.kr/store/goods/getGoodsDetail.do?goodsNo=A000000184633&dispCatNo=90000010009&trackingCd=Best_Sellingbest&t_page=랭킹&t_click=판매랭킹_네일_상품상세&t_number=6
네일,7,웨이크메이크,웨이크메이크 네일케어 핑크영양제 2종 택1,https://www.oliveyoung.co.kr/store/goods/getGoodsDetail.do?goodsNo=A000000151292&dispCatNo=90000010009&trackingCd=Best_Sellingbest&t_page=랭킹&t_click=판매랭킹_네일_상품상세&t_number=7
네일,8,웨이크메이크,[NEW컬러추가] 웨이크메이크 네일건 (데일리네일/시즌네일),https://www.oliveyoung.co.kr/store/goods/getGoodsDetail.do?goodsNo=A000000202617&dispCatNo=90000010009&trackingCd=Best_Sellingbest&t_page=랭킹&t_click=판매랭킹_네일_상품상세&t_number=8
네일,9,데싱디바,[단독기획] [24년여름/네일팁] 데싱디바 매직프레스 네일/페디 2+1세트 6종 골라담기,https://www.oliveyoung.co.kr/store/goods/getGoodsDetail.do?goodsNo=A000000206069&dispCatNo=90000010009&trackingCd=Best_Sellingbest&t_page=랭킹&t_click=판매랭킹_네일_상품상세&t_number=9
네일,10,디어에이,[NEW/썸머 5종 출시] 디어에이 샤인 온 미 네일 컬러 29colors,https://www.oliveyoung.co.kr/store/goods/getGoodsDetail.do?goodsNo=A000000171538&dispCatNo=90000010009&trackingCd=Best_Sellingbest&t_page=랭킹&t_click=판매랭킹_네일_상품상세&t_number=10
네일,11,웨이크메이크,웨이크메이크 네일 리무버 100ml,https://www.oliveyoung.co.kr/store/goods/getGoodsDetail.do?goodsNo=A000000118173&dispCatNo=90000010009&trackingCd=Best_Sellingbest&t_page=랭킹&t_click=판매랭킹_네일_상품상세&t_number=11
네일,12,필리밀리,필리밀리 큐티클 니퍼,https://www.oliveyoung.co.kr/store/goods/getGoodsDetail.do?goodsNo=A000000149046&dispCatNo=90000010009&trackingCd=Best_Sellingbest&t_page=랭킹&t_click=판매랭킹_네일_상품상세&t_number=12
네일,13,핑거수트,[NEW] 핑거수트 네일팁 엑스트라 프리미엄 파츠 라인 5종,https://www.oliveyoung.co.kr/store/goods/getGoodsDetail.do?goodsNo=A000000186116&dispCatNo=90000010009&trackingCd=Best_Sellingbest&t_page=랭킹&t_click=판매랭킹_네일_상품상세&t_number=13
네일,14,데싱디바,[24년여름/네일팁] 데싱디바 매직프레스 컬러 네일/페디 골라담기,https://www.oliveyoung.co.kr/store/goods/getGoodsDetail.do?goodsNo=A000000171307&dispCatNo=90000010009&trackingCd=Best_Sellingbest&t_page=랭킹&t_click=판매랭킹_네일_상품상세&t_number=14
네일,15,셀리한센,셀리한센 인스턴트큐티클리무버 29.5ml,https://www.oliveyoung.co.kr/store/goods/getGoodsDetail.do?goodsNo=A000000004725&dispCatNo=90000010009&trackingCd=Best_Sellingbest&t_page=랭킹&t_click=판매랭킹_네일_상품상세&t_number=15
네일,16,반디,[베스트] 반디 손톱영양제 시리즈 핑크다이아&톤픽스3종&뿌리세럼,https://www.oliveyoung.co.kr/store/goods/getGoodsDetail.do?goodsNo=A000000190716&dispCatNo=90000010009&trackingCd=Best_Sellingbest&t_page=랭킹&t_click=판매랭킹_네일_상품상세&t_number=16
네일,17,웨이크메이크,[신상특가] 웨이크메이크 젤네일/페디 스티커(이지핏+) 전체 골라담기,https://www.oliveyoung.co.kr/store/goods/getGoodsDetail.do?goodsNo=A000000205347&dispCatNo=90000010009&trackingCd=Best_Sellingbest&t_page=랭킹&t_click=판매랭킹_네일_상품상세&t_number=17
네일,18,웨이크메이크,웨이크메이크 네일건 탑 & 베이스 코트 3종 택1,https://www.oliveyoung.co.kr/store/goods/getGoodsDetail.do?goodsNo=A000000129449&dispCatNo=90000010009&trackingCd=Best_Sellingbest&t_page=랭킹&t_click=판매랭킹_네일_상품상세&t_number=18
네일,19,핑거수트,핑거수트 네일팁 컬렉션 64종,https://www.oliveyoung.co.kr/store/goods/getGoodsDetail.do?goodsNo=A000000197364&dispCatNo=90000010009&trackingCd=Best_Sellingbest&t_page=랭킹&t_click=판매랭킹_네일_상품상세&t_number=19
네일,20,엣지유,[NEW/램프X] 엣지유 샵젤 네일 & 페디 40종 골라담기,https://www.oliveyoung.co.kr/store/goods/getGoodsDetail.do?goodsNo=A000000185823&dispCatNo=90000010009&trackingCd=Best_Sellingbest&t_page=랭킹&t_click=판매랭킹_네일_상품상세&t_number=20
네일,21,웨이크메이크,웨이크메이크 네일케어 8종 골라담기,https://www.oliveyoung.co.kr/store/goods/getGoodsDetail.do?goodsNo=A000000180019&dispCatNo=90000010009&trackingCd=Best_Sellingbest&t_page=랭킹&t_click=판매랭킹_네일_상품상세&t_number=21
네일,22,디어에이,디어에이 루미너스 네일 에센스 3g,https://www.oliveyoung.co.kr/store/goods/getGoodsDetail.do?goodsNo=A000000180098&dispCatNo=90000010009&trackingCd=Best_Sellingbest&t_page=랭킹&t_click=판매랭킹_네일_상품상세&t_number=22
네일,23,웨이크메이크,[NEW컬러추가] 웨이크메이크 네일건 데일리 13 COLORS,https://www.oliveyoung.co.kr/store/goods/getGoodsDetail.do?goodsNo=A000000184224&dispCatNo=90000010009&trackingCd=Best_Sellingbest&t_page=랭킹&t_click=판매랭킹_네일_상품상세&t_number=23
네일,24,반디,반디 핑크다이아 손톱 종합영양제,https://www.oliveyoung.co.kr/store/goods/getGoodsDetail.do?goodsNo=A000000184922&dispCatNo=90000010009&trackingCd=Best_Sellingbest&t_page=랭킹&t_click=판매랭킹_네일_상품상세&t_number=24
네일,25,반디,[NEW] 반디 스팀 큐티클 오일 & 큐티클 케어 키트 골라담기,https://www.oliveyoung.co.kr/store/goods/getGoodsDetail.do?goodsNo=A000000199838&dispCatNo=90000010009&trackingCd=Best_Sellingbest&t_page=랭킹&t_click=판매랭킹_네일_상품상세&t_number=25
네일,26,닥터원더,닥터원더 네일 에센스 포켓 펜 ver.2,https://www.oliveyoung.co.kr/store/goods/getGoodsDetail.do?goodsNo=A000000152610&dispCatNo=90000010009&trackingCd=Best_Sellingbest&t_page=랭킹&t_click=판매랭킹_네일_상품상세&t_number=26
네일,27,웨이크메이크,[램프O] 웨이크메이크 마치리얼 젤페디 [완벽밀착핏] 전체 골라담기,https://www.oliveyoung.co.kr/store/goods/getGoodsDetail.do?goodsNo=A000000186315&dispCatNo=90000010009&trackingCd=Best_Sellingbest&t_page=랭킹&t_click=판매랭킹_네일_상품상세&t_number=27
네일,28,웨이크메이크,[NEW] 웨이크메이크 네일건 2024 SUMMER 시즌 네일,https://www.oliveyoung.co.kr/store/goods/getGoodsDetail.do?goodsNo=A000000206047&dispCatNo=90000010009&trackingCd=Best_Sellingbest&t_page=랭킹&t_click=판매랭킹_네일_상품상세&t_number=28
네일,29,르멘트,[셈디Pick] 르멘트 반짝임 케어 다즐링 하드너 14ml,https://www.oliveyoung.co.kr/store/goods/getGoodsDetail.do?goodsNo=A000000189836&dispCatNo=90000010009&trackingCd=Best_Sellingbest&t_page=랭킹&t_click=판매랭킹_네일_상품상세&t_number=29
네일,30,팁토우,[워시오프/수성네일] 팁토우 센티드 아쿠아 네일 5종,https://www.oliveyoung.co.kr/store/goods/getGoodsDetail.do?goodsNo=A000000199904&dispCatNo=90000010009&trackingCd=Best_Sellingbest&t_page=랭킹&t_click=판매랭킹_네일_상품상세&t_number=30
네일,31,필리밀리,필리밀리 멀티듀얼큐티클푸셔,https://www.oliveyoung.co.kr/store/goods/getGoodsDetail.do?goodsNo=A000000187978&dispCatNo=90000010009&trackingCd=Best_Sellingbest&t_page=랭킹&t_click=판매랭킹_네일_상품상세&t_number=31
네일,32,반디,[NEW] 반디 살롱드네일 18종(자석/글리터/시럽) & 베이스/탑 골라담기,https://www.oliveyoung.co.kr/store/goods/getGoodsDetail.do?goodsNo=A000000205815&dispCatNo=90000010009&trackingCd=Best_Sellingbest&t_page=랭킹&t_click=판매랭킹_네일_상품상세&t_number=32
네일,33,디젤,[NEW] 디젤 힐링 포션,https://www.oliveyoung.co.kr/store/goods/getGoodsDetail.do?goodsNo=A000000201012&dispCatNo=90000010009&trackingCd=Best_Sellingbest&t_page=랭킹&t_click=판매랭킹_네일_상품상세&t_number=33
네일,34,데싱디바,[24년여름/네일팁] 데싱디바 매직프레스 프리미엄 네일 골라담기,https://www.oliveyoung.co.kr/store/goods/getGoodsDetail.do?goodsNo=A000000171239&dispCatNo=90000010009&trackingCd=Best_Sellingbest&t_page=랭킹&t_click=판매랭킹_네일_상품상세&t_number=34
네일,35,핑거수트,[NEW/에스파 윈터 착용] 핑거수트 네일팁 프리미엄 파츠 디자인 라인 7종,https://www.oliveyoung.co.kr/store/goods/getGoodsDetail.do?goodsNo=A000000186114&dispCatNo=90000010009&trackingCd=Best_Sellingbest&t_page=랭킹&t_click=판매랭킹_네일_상품상세&t_number=35
네일,36,위드샨,위드샨 아세톤프리 리프레쉬 네일 리무버 100ml,https://www.oliveyoung.co.kr/store/goods/getGoodsDetail.do?goodsNo=A000000166250&dispCatNo=90000010009&trackingCd=Best_Sellingbest&t_page=랭킹&t_click=판매랭킹_네일_상품상세&t_number=36
네일,37,데싱디바,[24년여름/네일팁] 데싱디바 매직프레스 FX 네일/페디 골라담기,https://www.oliveyoung.co.kr/store/goods/getGoodsDetail.do?goodsNo=A000000206038&dispCatNo=90000010009&trackingCd=Best_Sellingbest&t_page=랭킹&t_click=판매랭킹_네일_상품상세&t_number=37
네일,38,웨이크메이크,웨이크메이크 네일건 글리터 11 COLORS,https://www.oliveyoung.co.kr/store/goods/getGoodsDetail.do?goodsNo=A000000184269&dispCatNo=90000010009&trackingCd=Best_Sellingbest&t_page=랭킹&t_click=판매랭킹_네일_상품상세&t_number=38
네일,39,위드샨,위드샨 논아세톤 네일 리무버 200ml,https://www.oliveyoung.co.kr/store/goods/getGoodsDetail.do?goodsNo=A000000179792&dispCatNo=90000010009&trackingCd=Best_Sellingbest&t_page=랭킹&t_click=판매랭킹_네일_상품상세&t_number=39
네일,40,필리밀리,필리밀리 큐티클 밀대,https://www.oliveyoung.co.kr/store/goods/getGoodsDetail.do?goodsNo=A000000182923&dispCatNo=90000010009&trackingCd=Best_Sellingbest&t_page=랭킹&t_click=판매랭킹_네일_상품상세&t_number=40
네일,41,팁토우,팁토우 시럽 글리터 네일 폴리쉬 12종,https://www.oliveyoung.co.kr/store/goods/getGoodsDetail.do?goodsNo=A000000184634&dispCatNo=90000010009&trackingCd=Best_Sellingbest&t_page=랭킹&t_click=판매랭킹_네일_상품상세&t_number=41
네일,42,엣지유,[NEW/램프X] 엣지유 샵젤 여름 페디 9종 골라담기,https://www.oliveyoung.co.kr/store/goods/getGoodsDetail.do?goodsNo=A000000206227&dispCatNo=90000010009&trackingCd=Best_Sellingbest&t_page=랭킹&t_click=판매랭킹_네일_상품상세&t_number=42
네일,43,핑거수트,[NEW] 핑거수트 폴리쉬 8종,https://www.oliveyoung.co.kr/store/goods/getGoodsDetail.do?goodsNo=A000000206213&dispCatNo=90000010009&trackingCd=Best_Sellingbest&t_page=랭킹&t_click=판매랭킹_네일_상품상세&t_number=43
네일,44,반디,반디 네일큐어 다이아 코팅 강화제 & 단백질영양제,https://www.oliveyoung.co.kr/store/goods/getGoodsDetail.do?goodsNo=A000000184914&dispCatNo=90000010009&trackingCd=Best_Sellingbest&t_page=랭킹&t_click=판매랭킹_네일_상품상세&t_number=44
네일,45,위드샨,위드샨 60초 매니큐어 40종,https://www.oliveyoung.co.kr/store/goods/getGoodsDetail.do?goodsNo=A000000189297&dispCatNo=90000010009&trackingCd=Best_Sellingbest&t_page=랭킹&t_click=판매랭킹_네일_상품상세&t_number=45
네일,46,웨이크메이크,[램프X] 웨이크메이크 마치리얼 젤네일/페디 [굽지않는 이지핏] 40종 골라담기,https://www.oliveyoung.co.kr/store/goods/getGoodsDetail.do?goodsNo=A000000186044&dispCatNo=90000010009&trackingCd=Best_Sellingbest&t_page=랭킹&t_click=판매랭킹_네일_상품상세&t_number=46
네일,47,코스노리,코스노리 실크리페어 네일 크림 손톱영양제,https://www.oliveyoung.co.kr/store/goods/getGoodsDetail.do?goodsNo=A000000154617&dispCatNo=90000010009&trackingCd=Best_Sellingbest&t_page=랭킹&t_click=판매랭킹_네일_상품상세&t_number=47
네일,48,멘소래담,멘소래담 핸드베일 뷰티 프리미엄 리치네일,https://www.oliveyoung.co.kr/store/goods/getGoodsDetail.do?goodsNo=A000000111825&dispCatNo=90000010009&trackingCd=Best_Sellingbest&t_page=랭킹&t_click=판매랭킹_네일_상품상세&t_number=48
네일,49,닥터원더,닥터원더 세라믹 포켓 큐티클 리무버,https://www.oliveyoung.co.kr/store/goods/getGoodsDetail.do?goodsNo=A000000103383&dispCatNo=90000010009&trackingCd=Best_Sellingbest&t_page=랭킹&t_click=판매랭킹_네일_상품상세&t_number=49
네일,50,코트,[NEW] 코트 냄새ZERO 필오프 비건 네일,https://www.oliveyoung.co.kr/store/goods/getGoodsDetail.do?goodsNo=A000000167367&dispCatNo=90000010009&trackingCd=Best_Sellingbest&t_page=랭킹&t_click=판매랭킹_네일_상품상세&t_number=50
네일,51,웨이크메이크,웨이크메이크 스트롱 그로쓰 2종 골라담기,https://www.oliveyoung.co.kr/store/goods/getGoodsDetail.do?goodsNo=A000000187489&dispCatNo=90000010009&trackingCd=Best_Sellingbest&t_page=랭킹&t_click=판매랭킹_네일_상품상세&t_number=51
네일,52,버츠비,버츠비 레몬 버터 큐티클 크림,https://www.oliveyoung.co.kr/store/goods/getGoodsDetail.do?goodsNo=A000000106360&dispCatNo=90000010009&trackingCd=Best_Sellingbest&t_page=랭킹&t_click=판매랭킹_네일_상품상세&t_number=52
네일,53,위드샨,위드샨 네일스트랭쓰너 15ml,https://www.oliveyoung.co.kr/store/goods/getGoodsDetail.do?goodsNo=A000000164002&dispCatNo=90000010009&trackingCd=Best_Sellingbest&t_page=랭킹&t_click=판매랭킹_네일_상품상세&t_number=53
네일,54,웨이크메이크,웨이크메이크 네일건 핑크 큐티클 아웃 펜 리무버,https://www.oliveyoung.co.kr/store/goods/getGoodsDetail.do?goodsNo=A000000149143&dispCatNo=90000010009&trackingCd=Best_Sellingbest&t_page=랭킹&t_click=판매랭킹_네일_상품상세&t_number=54
네일,55,르멘트,[NEW/케어 2종] 르멘트 반짝임 다즐링 네일 하드너 & 쉬머스 네일 영양제,https://www.oliveyoung.co.kr/store/goods/getGoodsDetail.do?goodsNo=A000000206247&dispCatNo=90000010009&trackingCd=Best_Sellingbest&t_page=랭킹&t_click=판매랭킹_네일_상품상세&t_number=55
네일,56,롬앤,[NEW] 롬앤 무드 페블 네일,https://www.oliveyoung.co.kr/store/goods/getGoodsDetail.do?goodsNo=A000000159510&dispCatNo=90000010009&trackingCd=Best_Sellingbest&t_page=랭킹&t_click=판매랭킹_네일_상품상세&t_number=56
네일,57,르멘트,[NEW] 르멘트 컬러 네일 14ml 09 페일 푸시아,https://www.oliveyoung.co.kr/store/goods/getGoodsDetail.do?goodsNo=A000000186298&dispCatNo=90000010009&trackingCd=Best_Sellingbest&t_page=랭킹&t_click=판매랭킹_네일_상품상세&t_number=57
네일,58,르멘트,[NEW] 르멘트 컬러 네일 14ml 17 멜로우 크림 코랄,https://www.oliveyoung.co.kr/store/goods/getGoodsDetail.do?goodsNo=A000000190011&dispCatNo=90000010009&trackingCd=Best_Sellingbest&t_page=랭킹&t_click=판매랭킹_네일_상품상세&t_number=58
네일,59,르멘트,[NEW] 르멘트 컬러네일 14ml 19 블랙베리 시럽,https://www.oliveyoung.co.kr/store/goods/getGoodsDetail.do?goodsNo=A000000193131&dispCatNo=90000010009&trackingCd=Best_Sellingbest&t_page=랭킹&t_click=판매랭킹_네일_상품상세&t_number=59
네일,60,데싱디바,[NEW/네일팁] 데싱디바 매직프레스 페디 FX 화이트 퍼지,https://www.oliveyoung.co.kr/store/goods/getGoodsDetail.do?goodsNo=A000000206037&dispCatNo=90000010009&trackingCd=Best_Sellingbest&t_page=랭킹&t_click=판매랭킹_네일_상품상세&t_number=60
네일,61,루에브르,[아엠콘 PICK] 루에브르 베르니 10ml 8종 택 1,https://www.oliveyoung.co.kr/store/goods/getGoodsDetail.do?goodsNo=A000000198161&dispCatNo=90000010009&trackingCd=Best_Sellingbest&t_page=랭킹&t_click=판매랭킹_네일_상품상세&t_number=61
네일,62,팁토우,팁토우 시어 탑코트 폴리쉬 4종,https://www.oliveyoung.co.kr/store/goods/getGoodsDetail.do?goodsNo=A000000184637&dispCatNo=90000010009&trackingCd=Best_Sellingbest&t_page=랭킹&t_click=판매랭킹_네일_상품상세&t_number=62
네일,63,디어에이,[NEW] 디어에이 샤인 온 미 네일 컬러 SE22 문라이트 스파클스,https://www.oliveyoung.co.kr/store/goods/getGoodsDetail.do?goodsNo=A000000190071&dispCatNo=90000010009&trackingCd=Best_Sellingbest&t_page=랭킹&t_click=판매랭킹_네일_상품상세&t_number=63
네일,64,웨이크메이크,웨이크메이크 퍼펙트 네일 리무버 150ml,https://www.oliveyoung.co.kr/store/goods/getGoodsDetail.do?goodsNo=A000000118174&dispCatNo=90000010009&trackingCd=Best_Sellingbest&t_page=랭킹&t_click=판매랭킹_네일_상품상세&t_number=64
네일,65,위드샨,위드샨 펌프형리무버 5종 골라담기,https://www.oliveyoung.co.kr/store/goods/getGoodsDetail.do?goodsNo=A000000179818&dispCatNo=90000010009&trackingCd=Best_Sellingbest&t_page=랭킹&t_click=판매랭킹_네일_상품상세&t_number=65
네일,66,코스노리,[NEW] 코스노리 컬러테라피 비건 네일 세럼 3종,https://www.oliveyoung.co.kr/store/goods/getGoodsDetail.do?goodsNo=A000000192710&dispCatNo=90000010009&trackingCd=Best_Sellingbest&t_page=랭킹&t_click=판매랭킹_네일_상품상세&t_number=66
네일,67,멘소래담,멘소래담 핸드베일 뷰티 프리미엄 리치네일 리페어 코트 10ml,https://www.oliveyoung.co.kr/store/goods/getGoodsDetail.do?goodsNo=A000000165917&dispCatNo=90000010009&trackingCd=Best_Sellingbest&t_page=랭킹&t_click=판매랭킹_네일_상품상세&t_number=67
네일,68,위드샨,위드샨 에코 네일 리무버 200ml,https://www.oliveyoung.co.kr/store/goods/getGoodsDetail.do?goodsNo=A000000165004&dispCatNo=90000010009&trackingCd=Best_Sellingbest&t_page=랭킹&t_click=판매랭킹_네일_상품상세&t_number=68
네일,69,위드샨,위드샨 슈퍼 네일 리무버 200ml,https://www.oliveyoung.co.kr/store/goods/getGoodsDetail.do?goodsNo=A000000166223&dispCatNo=90000010009&trackingCd=Best_Sellingbest&t_page=랭킹&t_click=판매랭킹_네일_상품상세&t_number=69
네일,70,위드샨,위드샨 큐티클오일 라인업,https://www.oliveyoung.co.kr/store/goods/getGoodsDetail.do?goodsNo=A000000164036&dispCatNo=90000010009&trackingCd=Best_Sellingbest&t_page=랭킹&t_click=판매랭킹_네일_상품상세&t_number=70
네일,71,웨이크메이크,웨이크메이크 네일건 핑크 큐티클 오일,https://www.oliveyoung.co.kr/store/goods/getGoodsDetail.do?goodsNo=A000000187202&dispCatNo=90000010009&trackingCd=Best_Sellingbest&t_page=랭킹&t_click=판매랭킹_네일_상품상세&t_number=71
네일,72,웨이크메이크,웨이크메이크 무드 웨어 네일 컬러 08 미라쥬,https://www.oliveyoung.co.kr/store/goods/getGoodsDetail.do?goodsNo=A000000175569&dispCatNo=90000010009&trackingCd=Best_Sellingbest&t_page=랭킹&t_click=판매랭킹_네일_상품상세&t_number=72
네일,73,반디,[페디 3-Step 케어] 반디 더마페디 발톱 클리어&세럼&스프레이,https://www.oliveyoung.co.kr/store/goods/getGoodsDetail.do?goodsNo=A000000184657&dispCatNo=90000010009&trackingCd=Best_Sellingbest&t_page=랭킹&t_click=판매랭킹_네일_상품상세&t_number=73
네일,74,르멘트,[NEW] 르멘트 글로시 광채 쉬머스 네일 영양제,https://www.oliveyoung.co.kr/store/goods/getGoodsDetail.do?goodsNo=A000000206246&dispCatNo=90000010009&trackingCd=Best_Sellingbest&t_page=랭킹&t_click=판매랭킹_네일_상품상세&t_number=74
네일,75,위드샨,위드샨 진짜네일케어세트(큐티클케어세트),https://www.oliveyoung.co.kr/store/goods/getGoodsDetail.do?goodsNo=A000000164001&dispCatNo=90000010009&trackingCd=Best_Sellingbest&t_page=랭킹&t_click=판매랭킹_네일_상품상세&t_number=75
네일,76,반디,[페디시즌/ 1+1] 반디 더마페디 발톱&발바닥 스프레이,https://www.oliveyoung.co.kr/store/goods/getGoodsDetail.do?goodsNo=A000000184646&dispCatNo=90000010009&trackingCd=Best_Sellingbest&t_page=랭킹&t_click=판매랭킹_네일_상품상세&t_number=76
네일,77,웨이크메이크,웨이크메이크 네일건 핑크 세럼 펜,https://www.oliveyoung.co.kr/store/goods/getGoodsDetail.do?goodsNo=A000000151272&dispCatNo=90000010009&trackingCd=Best_Sellingbest&t_page=랭킹&t_click=판매랭킹_네일_상품상세&t_number=77
네일,78,데싱디바,데싱디바 네일케어 6종 골라담기,https://www.oliveyoung.co.kr/store/goods/getGoodsDetail.do?goodsNo=A000000146843&dispCatNo=90000010009&trackingCd=Best_Sellingbest&t_page=랭킹&t_click=판매랭킹_네일_상품상세&t_number=78
네일,79,핑거수트,[NEW/에스파윈터 착용] 핑거수트 네일팁 프리미엄 디자인 라인 33종,https://www.oliveyoung.co.kr/store/goods/getGoodsDetail.do?goodsNo=A000000185853&dispCatNo=90000010009&trackingCd=Best_Sellingbest&t_page=랭킹&t_click=판매랭킹_네일_상품상세&t_number=79
네일,80,젤로젤로,젤로젤로 프리미엄 컬러 젤폴리쉬 골라담기,https://www.oliveyoung.co.kr/store/goods/getGoodsDetail.do?goodsNo=B000000143901&dispCatNo=90000010009&trackingCd=Best_Sellingbest&t_page=랭킹&t_click=판매랭킹_네일_상품상세&t_number=80
네일,81,디어에이,[NEW] 디어에이 퍼퓸 네일 트리트먼트,https://www.oliveyoung.co.kr/store/goods/getGoodsDetail.do?goodsNo=A000000201254&dispCatNo=90000010009&trackingCd=Best_Sellingbest&t_page=랭킹&t_click=판매랭킹_네일_상품상세&t_number=81
네일,82,웨이크메이크,[1+1] 웨이크메이크 리치 그로쓰 네일 밤,https://www.oliveyoung.co.kr/store/goods/getGoodsDetail.do?goodsNo=A000000187485&dispCatNo=90000010009&trackingCd=Best_Sellingbest&t_page=랭킹&t_click=판매랭킹_네일_상품상세&t_number=82
네일,83,데싱디바,[NEW/네일팁] 데싱디바 매직프레스 페디 버블,https://www.oliveyoung.co.kr/store/goods/getGoodsDetail.do?goodsNo=A000000206109&dispCatNo=90000010009&trackingCd=Best_Sellingbest&t_page=랭킹&t_click=판매랭킹_네일_상품상세&t_number=83
네일,84,반디,[베스트] 반디 핑크다이아 뿌리세럼,https://www.oliveyoung.co.kr/store/goods/getGoodsDetail.do?goodsNo=A000000189870&dispCatNo=90000010009&trackingCd=Best_Sellingbest&t_page=랭킹&t_click=판매랭킹_네일_상품상세&t_number=84
네일,85,위드샨,위드샨 케어라인 5종 골라담기,https://www.oliveyoung.co.kr/store/goods/getGoodsDetail.do?goodsNo=A000000164011&dispCatNo=90000010009&trackingCd=Best_Sellingbest&t_page=랭킹&t_click=판매랭킹_네일_상품상세&t_number=85
네일,86,웨이크메이크,[시즌한정컬러] 웨이크메이크 네일건 S/S 시즌네일 6COLOR,https://www.oliveyoung.co.kr/store/goods/getGoodsDetail.do?goodsNo=A000000199506&dispCatNo=90000010009&trackingCd=Best_Sellingbest&t_page=랭킹&t_click=판매랭킹_네일_상품상세&t_number=86
네일,87,젤로젤로,젤로젤로 프리미엄 시럽젤 젤네일폴리쉬 (18종),https://www.oliveyoung.co.kr/store/goods/getGoodsDetail.do?goodsNo=B000000147312&dispCatNo=90000010009&trackingCd=Best_Sellingbest&t_page=랭킹&t_click=판매랭킹_네일_상품상세&t_number=87
네일,88,젤로젤로,젤로젤로 필오프 전용 원킬리무버,https://www.oliveyoung.co.kr/store/goods/getGoodsDetail.do?goodsNo=B000000144670&dispCatNo=90000010009&trackingCd=Best_Sellingbest&t_page=랭킹&t_click=판매랭킹_네일_상품상세&t_number=88
네일,89,웨이크메이크,[NEW] 웨이크메이크 젤페디스티커(이지핏+) 10종 골라담기,https://www.oliveyoung.co.kr/store/goods/getGoodsDetail.do?goodsNo=A000000205344&dispCatNo=90000010009&trackingCd=Best_Sellingbest&t_page=랭킹&t_click=판매랭킹_네일_상품상세&t_number=89
네일,90,디어러스,디어러스 젤 리무버 100ml,https://www.oliveyoung.co.kr/store/goods/getGoodsDetail.do?goodsNo=A000000201162&dispCatNo=90000010009&trackingCd=Best_Sellingbest&t_page=랭킹&t_click=판매랭킹_네일_상품상세&t_number=90
네일,91,젤로젤로,젤로젤로 원킬리무버+필오프베이스젤,https://www.oliveyoung.co.kr/store/goods/getGoodsDetail.do?goodsNo=B000000144671&dispCatNo=90000010009&trackingCd=Best_Sellingbest&t_page=랭킹&t_click=판매랭킹_네일_상품상세&t_number=91
네일,92,르멘트,[NEW] 르멘트 탑&베이스 코트 2종 14ml,https://www.oliveyoung.co.kr/store/goods/getGoodsDetail.do?goodsNo=A000000184937&dispCatNo=90000010009&trackingCd=Best_Sellingbest&t_page=랭킹&t_click=판매랭킹_네일_상품상세&t_number=92
네일,93,위드샨,위드샨 더블케어네일세럼 1.2ml,https://www.oliveyoung.co.kr/store/goods/getGoodsDetail.do?goodsNo=A000000164037&dispCatNo=90000010009&trackingCd=Best_Sellingbest&t_page=랭킹&t_click=판매랭킹_네일_상품상세&t_number=93
네일,94,팁토우,팁토우 쉬머 네일 폴리쉬 7종,https://www.oliveyoung.co.kr/store/goods/getGoodsDetail.do?goodsNo=A000000184645&dispCatNo=90000010009&trackingCd=Best_Sellingbest&t_page=랭킹&t_click=판매랭킹_네일_상품상세&t_number=94
네일,95,삐아,삐아 레디 투 웨어 네일 컬러 7colors,https://www.oliveyoung.co.kr/store/goods/getGoodsDetail.do?goodsNo=A000000162661&dispCatNo=90000010009&trackingCd=Best_Sellingbest&t_page=랭킹&t_click=판매랭킹_네일_상품상세&t_number=95
네일,96,웨이크메이크,[시즌한정컬러] 웨이크메이크 네일건 홀리데이 시즌 네일 6 COLOR,https://www.oliveyoung.co.kr/store/goods/getGoodsDetail.do?goodsNo=A000000190509&dispCatNo=90000010009&trackingCd=Best_Sellingbest&t_page=랭킹&t_click=판매랭킹_네일_상품상세&t_number=96
네일,97,위드샨,[램프O] 위드샨 위드젤 28종,https://www.oliveyoung.co.kr/store/goods/getGoodsDetail.do?goodsNo=A000000189208&dispCatNo=90000010009&trackingCd=Best_Sellingbest&t_page=랭킹&t_click=판매랭킹_네일_상품상세&t_number=97
네일,98,웨이크메이크,[NEW] 웨이크메이크 젤네일스티커(이지핏+) 10종 골라담기,https://www.oliveyoung.co.kr/store/goods/getGoodsDetail.do?goodsNo=A000000205343&dispCatNo=90000010009&trackingCd=Best_Sellingbest&t_page=랭킹&t_click=판매랭킹_네일_상품상세&t_number=98
네일,99,팁토우,팁토우 매트 글리터 네일 폴리쉬 4종,https://www.oliveyoung.co.kr/store/goods/getGoodsDetail.do?goodsNo=A000000191991&dispCatNo=90000010009&trackingCd=Best_Sellingbest&t_page=랭킹&t_click=판매랭킹_네일_상품상세&t_number=99
네일,100,핑거수트,[에스파닝닝 착용] 핑거수트 네일팁 프리미엄 디자인 스웨이,https://www.oliveyoung.co.kr/store/goods/getGoodsDetail.do?goodsNo=A000000187759&dispCatNo=90000010009&trackingCd=Best_Sellingbest&t_page=랭킹&t_click=판매랭킹_네일_상품상세&t_number=100
미용소품,1,스튜디오17,[3차 재입고] 스튜디오17 브러쉬 & 퍼프 클렌저,https://www.oliveyoung.co.kr/store/goods/getGoodsDetail.do?goodsNo=A000000184796&dispCatNo=90000010009&trackingCd=Best_Sellingbest&t_page=랭킹&t_click=판매랭킹_미용소품_상품상세&t_number=1
미용소품,2,메디큐브 에이지알,[6/1 하루특가/1등 뷰티디바이스] 메디큐브 에이지알 부스터 프로,https://www.oliveyoung.co.kr/store/goods/getGoodsDetail.do?goodsNo=A000000200028&dispCatNo=90000010009&trackingCd=Best_Sellingbest&t_page=랭킹&t_click=판매랭킹_미용소품_상품상세&t_number=2
미용소품,3,필리밀리,[100개 특가] 필리밀리 1/2 화장솜 320P,https://www.oliveyoung.co.kr/store/goods/getGoodsDetail.do?goodsNo=A000000150072&dispCatNo=90000010009&trackingCd=Best_Sellingbest&t_page=랭킹&t_click=판매랭킹_미용소품_상품상세&t_number=3
미용소품,4,에스쁘아,[1등 에어퍼프] 에스쁘아 비글로우/비벨벳 쿠션 에어퍼프 5개입(2종),https://www.oliveyoung.co.kr/store/goods/getGoodsDetail.do?goodsNo=A000000178556&dispCatNo=90000010009&trackingCd=Best_Sellingbest&t_page=랭킹&t_click=판매랭킹_미용소품_상품상세&t_number=4
미용소품,5,더툴랩,[재구매 1위] 더툴랩 초밀착 듀오(커버/촉촉/보송 3종 택1),https://www.oliveyoung.co.kr/store/goods/getGoodsDetail.do?goodsNo=A000000181059&dispCatNo=90000010009&trackingCd=Best_Sellingbest&t_page=랭킹&t_click=판매랭킹_미용소품_상품상세&t_number=5
미용소품,6,필리밀리,필리밀리 듀얼라운드화장솜(60P),https://www.oliveyoung.co.kr/store/goods/getGoodsDetail.do?goodsNo=A000000150251&dispCatNo=90000010009&trackingCd=Best_Sellingbest&t_page=랭킹&t_click=판매랭킹_미용소품_상품상세&t_number=6
미용소품,7,일소,[블랙헤드 관리]일소 딥 클린 마스터(블랙헤드 제거기),https://www.oliveyoung.co.kr/store/goods/getGoodsDetail.do?goodsNo=A000000206181&dispCatNo=90000010009&trackingCd=Best_Sellingbest&t_page=랭킹&t_click=판매랭킹_미용소품_상품상세&t_number=7
미용소품,8,필리밀리,[100개 특가][노티드에디션] 필리밀리 아이메이크업브러시세트(5종),https://www.oliveyoung.co.kr/store/goods/getGoodsDetail.do?goodsNo=A000000205235&dispCatNo=90000010009&trackingCd=Best_Sellingbest&t_page=랭킹&t_click=판매랭킹_미용소품_상품상세&t_number=8
미용소품,9,필리밀리,필리밀리 말랑한조각스펀지(80P),https://www.oliveyoung.co.kr/store/goods/getGoodsDetail.do?goodsNo=A000000184990&dispCatNo=90000010009&trackingCd=Best_Sellingbest&t_page=랭킹&t_click=판매랭킹_미용소품_상품상세&t_number=9
미용소품,10,르마하,[최초입점] 르마하 반지괄사 2개입 세트(+전용 파우치 증정),https://www.oliveyoung.co.kr/store/goods/getGoodsDetail.do?goodsNo=A000000205719&dispCatNo=90000010009&trackingCd=Best_Sellingbest&t_page=랭킹&t_click=판매랭킹_미용소품_상품상세&t_number=10
미용소품,11,피카소,피카소 FB21 파운데이션 브러쉬,https://www.oliveyoung.co.kr/store/goods/getGoodsDetail.do?goodsNo=A000000200468&dispCatNo=90000010009&trackingCd=Best_Sellingbest&t_page=랭킹&t_click=판매랭킹_미용소품_상품상세&t_number=11
미용소품,12,필리밀리,필리밀리 아이브러시 프로컬렉션(5종),https://www.oliveyoung.co.kr/store/goods/getGoodsDetail.do?goodsNo=A000000164840&dispCatNo=90000010009&trackingCd=Best_Sellingbest&t_page=랭킹&t_click=판매랭킹_미용소품_상품상세&t_number=12
미용소품,13,시세이도,[1등 뷰러] 시세이도 아이래쉬컬러 컬링 뷰러,https://www.oliveyoung.co.kr/store/goods/getGoodsDetail.do?goodsNo=A000000005500&dispCatNo=90000010009&trackingCd=Best_Sellingbest&t_page=랭킹&t_click=판매랭킹_미용소품_상품상세&t_number=13
미용소품,14,필리밀리,필리밀리 실키 화장솜 80P,https://www.oliveyoung.co.kr/store/goods/getGoodsDetail.do?goodsNo=A000000147743&dispCatNo=90000010009&trackingCd=Best_Sellingbest&t_page=랭킹&t_click=판매랭킹_미용소품_상품상세&t_number=14
미용소품,15,필리밀리,[밀착/커버/보송] 필리밀리 쿠션팡팡/파우더/매끈밀착 퍼프 5개입 3종,https://www.oliveyoung.co.kr/store/goods/getGoodsDetail.do?goodsNo=A000000199947&dispCatNo=90000010009&trackingCd=Best_Sellingbest&t_page=랭킹&t_click=판매랭킹_미용소품_상품상세&t_number=15
미용소품,16,스튜디오17,[1등 팡팡퍼프] 스튜디오17 팡팡/삼각 퍼프 2종 중 택 1,https://www.oliveyoung.co.kr/store/goods/getGoodsDetail.do?goodsNo=A000000201799&dispCatNo=90000010009&trackingCd=Best_Sellingbest&t_page=랭킹&t_click=판매랭킹_미용소품_상품상세&t_number=16
미용소품,17,바이오힐보,바이오힐보 쿨링마사저,https://www.oliveyoung.co.kr/store/goods/getGoodsDetail.do?goodsNo=A000000155336&dispCatNo=90000010009&trackingCd=Best_Sellingbest&t_page=랭킹&t_click=판매랭킹_미용소품_상품상세&t_number=17
미용소품,18,필리밀리,[노티드에디션] 필리밀리 히팅 뷰러_충전 타입,https://www.oliveyoung.co.kr/store/goods/getGoodsDetail.do?goodsNo=A000000205237&dispCatNo=90000010009&trackingCd=Best_Sellingbest&t_page=랭킹&t_click=판매랭킹_미용소품_상품상세&t_number=18
미용소품,19,필리밀리,필리밀리 브러시 모음[9종 택1],https://www.oliveyoung.co.kr/store/goods/getGoodsDetail.do?goodsNo=A000000176552&dispCatNo=90000010009&trackingCd=Best_Sellingbest&t_page=랭킹&t_click=판매랭킹_미용소품_상품상세&t_number=19
미용소품,20,필리밀리,필리밀리 히팅뷰러 2종 택1 (충전타입/건전지타입),https://www.oliveyoung.co.kr/store/goods/getGoodsDetail.do?goodsNo=A000000189126&dispCatNo=90000010009&trackingCd=Best_Sellingbest&t_page=랭킹&t_click=판매랭킹_미용소품_상품상세&t_number=20
미용소품,21,시루콧토,시루콧토 우루우루 40매 4개입/ 7개입 기획 택 1,https://www.oliveyoung.co.kr/store/goods/getGoodsDetail.do?goodsNo=A000000152653&dispCatNo=90000010009&trackingCd=Best_Sellingbest&t_page=랭킹&t_click=판매랭킹_미용소품_상품상세&t_number=21
미용소품,22,스킨푸드,[재입고/1등 실리콘브러쉬] 스킨푸드 워시오프 실리콘 브러쉬,https://www.oliveyoung.co.kr/store/goods/getGoodsDetail.do?goodsNo=A000000187076&dispCatNo=90000010009&trackingCd=Best_Sellingbest&t_page=랭킹&t_click=판매랭킹_미용소품_상품상세&t_number=22
미용소품,23,더툴랩,[7일 특가/쫀쫀밀착]더툴랩 롱래스팅 퍼프(촉촉/커버/보송),https://www.oliveyoung.co.kr/store/goods/getGoodsDetail.do?goodsNo=A000000180955&dispCatNo=90000010009&trackingCd=Best_Sellingbest&t_page=랭킹&t_click=판매랭킹_미용소품_상품상세&t_number=23
미용소품,24,코링코,[1등 속눈썹] 코링코 톡톡하라 속눈썹 30종 중 택1 (필터/더블유/에어/체크/큐피트/볼드/브라운),https://www.oliveyoung.co.kr/store/goods/getGoodsDetail.do?goodsNo=A000000205819&dispCatNo=90000010009&trackingCd=Best_Sellingbest&t_page=랭킹&t_click=판매랭킹_미용소품_상품상세&t_number=24
미용소품,25,필리밀리,[대용량]필리밀리 엠보싱화장솜 600P,https://www.oliveyoung.co.kr/store/goods/getGoodsDetail.do?goodsNo=A000000148200&dispCatNo=90000010009&trackingCd=Best_Sellingbest&t_page=랭킹&t_click=판매랭킹_미용소품_상품상세&t_number=25
미용소품,26,피카소,피카소 270 컨실러 브러쉬,https://www.oliveyoung.co.kr/store/goods/getGoodsDetail.do?goodsNo=A000000200469&dispCatNo=90000010009&trackingCd=Best_Sellingbest&t_page=랭킹&t_click=판매랭킹_미용소품_상품상세&t_number=26
미용소품,27,필리밀리,[블러셔짝꿍템] 필리밀리 삼각블러쉬파우더퍼프(2P)(케이스 증정),https://www.oliveyoung.co.kr/store/goods/getGoodsDetail.do?goodsNo=A000000198933&dispCatNo=90000010009&trackingCd=Best_Sellingbest&t_page=랭킹&t_click=판매랭킹_미용소품_상품상세&t_number=27
미용소품,28,필리밀리,필리밀리 쿠션 팡팡 퍼프 (5P) (단품/한정 죠르디에디션),https://www.oliveyoung.co.kr/store/goods/getGoodsDetail.do?goodsNo=A000000151957&dispCatNo=90000010009&trackingCd=Best_Sellingbest&t_page=랭킹&t_click=판매랭킹_미용소품_상품상세&t_number=28
미용소품,29,갸스비,갸스비 기름종이 파우더 타입 70매+70매,https://www.oliveyoung.co.kr/store/goods/getGoodsDetail.do?goodsNo=A000000006670&dispCatNo=90000010009&trackingCd=Best_Sellingbest&t_page=랭킹&t_click=판매랭킹_미용소품_상품상세&t_number=29
미용소품,30,스튜디오17,스튜디오17 실리콘 립 브러쉬,https://www.oliveyoung.co.kr/store/goods/getGoodsDetail.do?goodsNo=A000000200187&dispCatNo=90000010009&trackingCd=Best_Sellingbest&t_page=랭킹&t_click=판매랭킹_미용소품_상품상세&t_number=30
미용소품,31,필리밀리,필리밀리 말랑한 조각 스펀지 14P,https://www.oliveyoung.co.kr/store/goods/getGoodsDetail.do?goodsNo=A000000161147&dispCatNo=90000010009&trackingCd=Best_Sellingbest&t_page=랭킹&t_click=판매랭킹_미용소품_상품상세&t_number=31
미용소품,32,피카소,[단독기획/1등 스파츌라]피카소x함경식 메이크업 스파츌라 기획,https://www.oliveyoung.co.kr/store/goods/getGoodsDetail.do?goodsNo=A000000200242&dispCatNo=90000010009&trackingCd=Best_Sellingbest&t_page=랭킹&t_click=판매랭킹_미용소품_상품상세&t_number=32
미용소품,33,투쿨포스쿨,투쿨포스쿨 피니쉬 세팅 오일 페이퍼 (본품+리필 / 리필+리필),https://www.oliveyoung.co.kr/store/goods/getGoodsDetail.do?goodsNo=A000000143365&dispCatNo=90000010009&trackingCd=Best_Sellingbest&t_page=랭킹&t_click=판매랭킹_미용소품_상품상세&t_number=33
미용소품,34,피카소,[단독기획/이별미PICK] 피카소 FB11 스파츌라 브러쉬 기획(+글로우퍼프+세척비누),https://www.oliveyoung.co.kr/store/goods/getGoodsDetail.do?goodsNo=A000000200241&dispCatNo=90000010009&trackingCd=Best_Sellingbest&t_page=랭킹&t_click=판매랭킹_미용소품_상품상세&t_number=34
미용소품,35,필리밀리,[대용량]필리밀리 멀티 5겹 화장솜 200P,https://www.oliveyoung.co.kr/store/goods/getGoodsDetail.do?goodsNo=A000000155753&dispCatNo=90000010009&trackingCd=Best_Sellingbest&t_page=랭킹&t_click=판매랭킹_미용소품_상품상세&t_number=35
미용소품,36,필리밀리,필리밀리 안전눈썹칼(2P),https://www.oliveyoung.co.kr/store/goods/getGoodsDetail.do?goodsNo=A000000149669&dispCatNo=90000010009&trackingCd=Best_Sellingbest&t_page=랭킹&t_click=판매랭킹_미용소품_상품상세&t_number=36
미용소품,37,리얼테크닉스,리얼테크닉스 미라클 컴플렉션 스펀지 3종 택1,https://www.oliveyoung.co.kr/store/goods/getGoodsDetail.do?goodsNo=A000000192693&dispCatNo=90000010009&trackingCd=Best_Sellingbest&t_page=랭킹&t_click=판매랭킹_미용소품_상품상세&t_number=37
미용소품,38,필리밀리,필리밀리 괄사 모음(브이페이스/세라믹바디/페이스&바디/듀얼미니괄사),https://www.oliveyoung.co.kr/store/goods/getGoodsDetail.do?goodsNo=A000000183329&dispCatNo=90000010009&trackingCd=Best_Sellingbest&t_page=랭킹&t_click=판매랭킹_미용소품_상품상세&t_number=38
미용소품,39,필리밀리,필리밀리 세라믹바디괄사(파우치 포함),https://www.oliveyoung.co.kr/store/goods/getGoodsDetail.do?goodsNo=A000000175353&dispCatNo=90000010009&trackingCd=Best_Sellingbest&t_page=랭킹&t_click=판매랭킹_미용소품_상품상세&t_number=39
미용소품,40,필리밀리,필리밀리 딥&소프트 클렌징 화장솜 (100P),https://www.oliveyoung.co.kr/store/goods/getGoodsDetail.do?goodsNo=A000000165341&dispCatNo=90000010009&trackingCd=Best_Sellingbest&t_page=랭킹&t_click=판매랭킹_미용소품_상품상세&t_number=40
미용소품,41,닥터지,닥터지 레드 블레미쉬 오일 컨트롤 페이퍼 더블 기획 (70매+70매),https://www.oliveyoung.co.kr/store/goods/getGoodsDetail.do?goodsNo=A000000140479&dispCatNo=90000010009&trackingCd=Best_Sellingbest&t_page=랭킹&t_click=판매랭킹_미용소품_상품상세&t_number=41
미용소품,42,필리밀리,[100개특가]필리밀리 아이메이크업 브러시세트(5종)(단품/노티드에디션),https://www.oliveyoung.co.kr/store/goods/getGoodsDetail.do?goodsNo=A000000147928&dispCatNo=90000010009&trackingCd=Best_Sellingbest&t_page=랭킹&t_click=판매랭킹_미용소품_상품상세&t_number=42
미용소품,43,디어달리아,[단독기획] 함경식PICK 디어달리아 드림 래쉬 컬러 뷰러(파우치 증정),https://www.oliveyoung.co.kr/store/goods/getGoodsDetail.do?goodsNo=A000000159648&dispCatNo=90000010009&trackingCd=Best_Sellingbest&t_page=랭킹&t_click=판매랭킹_미용소품_상품상세&t_number=43
미용소품,44,정샘물,정샘물 쿠션 퍼프 (2개입/4개입) 택1,https://www.oliveyoung.co.kr/store/goods/getGoodsDetail.do?goodsNo=A000000197280&dispCatNo=90000010009&trackingCd=Best_Sellingbest&t_page=랭킹&t_click=판매랭킹_미용소품_상품상세&t_number=44
미용소품,45,필리밀리,필리밀리 슬림헤드눈썹칼(2P),https://www.oliveyoung.co.kr/store/goods/getGoodsDetail.do?goodsNo=A000000149828&dispCatNo=90000010009&trackingCd=Best_Sellingbest&t_page=랭킹&t_click=판매랭킹_미용소품_상품상세&t_number=45
미용소품,46,브링그린,[NEW] 브링그린 쑥한지기름종이더블기획(70매+70매),https://www.oliveyoung.co.kr/store/goods/getGoodsDetail.do?goodsNo=A000000190447&dispCatNo=90000010009&trackingCd=Best_Sellingbest&t_page=랭킹&t_click=판매랭킹_미용소품_상품상세&t_number=46
미용소품,47,필리밀리,필리밀리 순한 비건 면봉 (600P),https://www.oliveyoung.co.kr/store/goods/getGoodsDetail.do?goodsNo=A000000165152&dispCatNo=90000010009&trackingCd=Best_Sellingbest&t_page=랭킹&t_click=판매랭킹_미용소품_상품상세&t_number=47
미용소품,48,퓌,퓌 핑거라이크 립 브러쉬 2종 (모/실리콘),https://www.oliveyoung.co.kr/store/goods/getGoodsDetail.do?goodsNo=A000000204132&dispCatNo=90000010009&trackingCd=Best_Sellingbest&t_page=랭킹&t_click=판매랭킹_미용소품_상품상세&t_number=48
미용소품,49,필리밀리,[대용량]필리밀리 실키 화장솜 320P,https://www.oliveyoung.co.kr/store/goods/getGoodsDetail.do?goodsNo=A000000150069&dispCatNo=90000010009&trackingCd=Best_Sellingbest&t_page=랭킹&t_click=판매랭킹_미용소품_상품상세&t_number=49
미용소품,50,더툴랩,[신상특가/혜림쌤 공동개발] 더툴랩 해피림 탱글 밀착 듀오(브러쉬+스펀지 2p+전용 케이스),https://www.oliveyoung.co.kr/store/goods/getGoodsDetail.do?goodsNo=A000000205440&dispCatNo=90000010009&trackingCd=Best_Sellingbest&t_page=랭킹&t_click=판매랭킹_미용소품_상품상세&t_number=50
미용소품,51,필리밀리,필리밀리 듀얼 메이크업 스파츌라,https://www.oliveyoung.co.kr/store/goods/getGoodsDetail.do?goodsNo=A000000171495&dispCatNo=90000010009&trackingCd=Best_Sellingbest&t_page=랭킹&t_click=판매랭킹_미용소품_상품상세&t_number=51
미용소품,52,라네즈,라네즈 네오 쿠션 매트 퍼프 5ea,https://www.oliveyoung.co.kr/store/goods/getGoodsDetail.do?goodsNo=A000000184339&dispCatNo=90000010009&trackingCd=Best_Sellingbest&t_page=랭킹&t_click=판매랭킹_미용소품_상품상세&t_number=52
미용소품,53,필리밀리,필리밀리 압출 면봉 30P,https://www.oliveyoung.co.kr/store/goods/getGoodsDetail.do?goodsNo=A000000147898&dispCatNo=90000010009&trackingCd=Best_Sellingbest&t_page=랭킹&t_click=판매랭킹_미용소품_상품상세&t_number=53
미용소품,54,클리오,클리오 킬커버쿠션퍼프 5EA,https://www.oliveyoung.co.kr/store/goods/getGoodsDetail.do?goodsNo=A000000180808&dispCatNo=90000010009&trackingCd=Best_Sellingbest&t_page=랭킹&t_click=판매랭킹_미용소품_상품상세&t_number=54
미용소품,55,스튜디오17,스튜디오17 메이크업 브러쉬(19종 중 택1),https://www.oliveyoung.co.kr/store/goods/getGoodsDetail.do?goodsNo=A000000162817&dispCatNo=90000010009&trackingCd=Best_Sellingbest&t_page=랭킹&t_click=판매랭킹_미용소품_상품상세&t_number=55
미용소품,56,필리밀리,필리밀리 샴푸마사저,https://www.oliveyoung.co.kr/store/goods/getGoodsDetail.do?goodsNo=A000000171409&dispCatNo=90000010009&trackingCd=Best_Sellingbest&t_page=랭킹&t_click=판매랭킹_미용소품_상품상세&t_number=56
미용소품,57,필리밀리,필리밀리 미니 메이크업 브러시세트 (5종),https://www.oliveyoung.co.kr/store/goods/getGoodsDetail.do?goodsNo=A000000152939&dispCatNo=90000010009&trackingCd=Best_Sellingbest&t_page=랭킹&t_click=판매랭킹_미용소품_상품상세&t_number=57
미용소품,58,필리밀리,필리밀리 코렉터 브러시 811,https://www.oliveyoung.co.kr/store/goods/getGoodsDetail.do?goodsNo=A000000161268&dispCatNo=90000010009&trackingCd=Best_Sellingbest&t_page=랭킹&t_click=판매랭킹_미용소품_상품상세&t_number=58
미용소품,59,필리밀리,필리밀리 1/2 화장솜 100P,https://www.oliveyoung.co.kr/store/goods/getGoodsDetail.do?goodsNo=A000000147746&dispCatNo=90000010009&trackingCd=Best_Sellingbest&t_page=랭킹&t_click=판매랭킹_미용소품_상품상세&t_number=59
미용소품,60,웨이크메이크,웨이크메이크 스파츌라 와이드 파운데이션 브러시 (퍼프듀오기획/단품),https://www.oliveyoung.co.kr/store/goods/getGoodsDetail.do?goodsNo=A000000185739&dispCatNo=90000010009&trackingCd=Best_Sellingbest&t_page=랭킹&t_click=판매랭킹_미용소품_상품상세&t_number=60
미용소품,61,필리밀리,필리밀리 하이라이터팬브러시856,https://www.oliveyoung.co.kr/store/goods/getGoodsDetail.do?goodsNo=A000000182652&dispCatNo=90000010009&trackingCd=Best_Sellingbest&t_page=랭킹&t_click=판매랭킹_미용소품_상품상세&t_number=61
미용소품,62,필리밀리,필리밀리 포인트블러셔브러시885,https://www.oliveyoung.co.kr/store/goods/getGoodsDetail.do?goodsNo=A000000169943&dispCatNo=90000010009&trackingCd=Best_Sellingbest&t_page=랭킹&t_click=판매랭킹_미용소품_상품상세&t_number=62
미용소품,63,필리밀리,필리밀리 부드러운 샤워볼,https://www.oliveyoung.co.kr/store/goods/getGoodsDetail.do?goodsNo=A000000149052&dispCatNo=90000010009&trackingCd=Best_Sellingbest&t_page=랭킹&t_click=판매랭킹_미용소품_상품상세&t_number=63
미용소품,64,듀오,"듀오 퀵셋 속눈썹 접착제 14g ( 다크, 클리어 ) 튜브 타입 택 1",https://www.oliveyoung.co.kr/store/goods/getGoodsDetail.do?goodsNo=A000000144694&dispCatNo=90000010009&trackingCd=Best_Sellingbest&t_page=랭킹&t_click=판매랭킹_미용소품_상품상세&t_number=64
미용소품,65,필리밀리,필리밀리 메이크업브러시클렌저,https://www.oliveyoung.co.kr/store/goods/getGoodsDetail.do?goodsNo=A000000184958&dispCatNo=90000010009&trackingCd=Best_Sellingbest&t_page=랭킹&t_click=판매랭킹_미용소품_상품상세&t_number=65
미용소품,66,스튜디오17,스튜디오17 아이메이크업 브러쉬 세트 (5종),https://www.oliveyoung.co.kr/store/goods/getGoodsDetail.do?goodsNo=A000000169835&dispCatNo=90000010009&trackingCd=Best_Sellingbest&t_page=랭킹&t_click=판매랭킹_미용소품_상품상세&t_number=66
미용소품,67,필리밀리,필리밀리 순면 화장솜 100P,https://www.oliveyoung.co.kr/store/goods/getGoodsDetail.do?goodsNo=A000000148217&dispCatNo=90000010009&trackingCd=Best_Sellingbest&t_page=랭킹&t_click=판매랭킹_미용소품_상품상세&t_number=67
미용소품,68,퓨리케이,퓨리케이 퓨리패치 2개입,https://www.oliveyoung.co.kr/store/goods/getGoodsDetail.do?goodsNo=A000000143113&dispCatNo=90000010009&trackingCd=Best_Sellingbest&t_page=랭킹&t_click=판매랭킹_미용소품_상품상세&t_number=68
미용소품,69,갸스비,갸스비 기름종이 필름 타입 70매+70매,https://www.oliveyoung.co.kr/store/goods/getGoodsDetail.do?goodsNo=A000000001425&dispCatNo=90000010009&trackingCd=Best_Sellingbest&t_page=랭킹&t_click=판매랭킹_미용소품_상품상세&t_number=69
미용소품,70,클리오,클리오 하이드로 메이크업 스펀지 오리지널 엣지 4EA,https://www.oliveyoung.co.kr/store/goods/getGoodsDetail.do?goodsNo=A000000188692&dispCatNo=90000010009&trackingCd=Best_Sellingbest&t_page=랭킹&t_click=판매랭킹_미용소품_상품상세&t_number=70
미용소품,71,필리밀리,필리밀리 단면 누드 쌍꺼풀테이프,https://www.oliveyoung.co.kr/store/goods/getGoodsDetail.do?goodsNo=A000000171043&dispCatNo=90000010009&trackingCd=Best_Sellingbest&t_page=랭킹&t_click=판매랭킹_미용소품_상품상세&t_number=71
미용소품,72,필리밀리,필리밀리 부드러운 바디브러시,https://www.oliveyoung.co.kr/store/goods/getGoodsDetail.do?goodsNo=A000000149806&dispCatNo=90000010009&trackingCd=Best_Sellingbest&t_page=랭킹&t_click=판매랭킹_미용소품_상품상세&t_number=72
미용소품,73,투쿨포스쿨,투쿨포스쿨 프로타주 펜슬 샤프너 12mm,https://www.oliveyoung.co.kr/store/goods/getGoodsDetail.do?goodsNo=A000000181077&dispCatNo=90000010009&trackingCd=Best_Sellingbest&t_page=랭킹&t_click=판매랭킹_미용소품_상품상세&t_number=73
미용소품,74,시루콧토,시루콧토 우루우루 화장솜 40매입,https://www.oliveyoung.co.kr/store/goods/getGoodsDetail.do?goodsNo=A000000017129&dispCatNo=90000010009&trackingCd=Best_Sellingbest&t_page=랭킹&t_click=판매랭킹_미용소품_상품상세&t_number=74
미용소품,75,필리밀리,필리밀리 베이스블렌딩아이섀도우브러시 537,https://www.oliveyoung.co.kr/store/goods/getGoodsDetail.do?goodsNo=A000000200350&dispCatNo=90000010009&trackingCd=Best_Sellingbest&t_page=랭킹&t_click=판매랭킹_미용소품_상품상세&t_number=75
미용소품,76,키스미,[6월 올영픽][여행용 뷰러증정] 키스미 퍼펙트 투 핸들 아이래시 컬러,https://www.oliveyoung.co.kr/store/goods/getGoodsDetail.do?goodsNo=A000000162934&dispCatNo=90000010009&trackingCd=Best_Sellingbest&t_page=랭킹&t_click=판매랭킹_미용소품_상품상세&t_number=76
미용소품,77,피카소,피카소 꼴레지오니 아이섀도우 브러쉬 (10종 택1),https://www.oliveyoung.co.kr/store/goods/getGoodsDetail.do?goodsNo=A000000191921&dispCatNo=90000010009&trackingCd=Best_Sellingbest&t_page=랭킹&t_click=판매랭킹_미용소품_상품상세&t_number=77
미용소품,78,카이,KAI 미니눈썹칼 3입,https://www.oliveyoung.co.kr/store/goods/getGoodsDetail.do?goodsNo=A000000001455&dispCatNo=90000010009&trackingCd=Best_Sellingbest&t_page=랭킹&t_click=판매랭킹_미용소품_상품상세&t_number=78
미용소품,79,에크멀,[라뮤끄]  에크멀 이지 브러시 에이에이 아이 브러쉬 11종 택1,https://www.oliveyoung.co.kr/store/goods/getGoodsDetail.do?goodsNo=A000000174501&dispCatNo=90000010009&trackingCd=Best_Sellingbest&t_page=랭킹&t_click=판매랭킹_미용소품_상품상세&t_number=79
미용소품,80,필리밀리,필리밀리 열판롤브러시(40/50/65mm),https://www.oliveyoung.co.kr/store/goods/getGoodsDetail.do?goodsNo=A000000182618&dispCatNo=90000010009&trackingCd=Best_Sellingbest&t_page=랭킹&t_click=판매랭킹_미용소품_상품상세&t_number=80
미용소품,81,바닐라코,바닐라코 촘촘 카스텔라 퍼프 6EA,https://www.oliveyoung.co.kr/store/goods/getGoodsDetail.do?goodsNo=A000000183024&dispCatNo=90000010009&trackingCd=Best_Sellingbest&t_page=랭킹&t_click=판매랭킹_미용소품_상품상세&t_number=81
미용소품,82,필리밀리,필리밀리 큐티클 니퍼,https://www.oliveyoung.co.kr/store/goods/getGoodsDetail.do?goodsNo=A000000149046&dispCatNo=90000010009&trackingCd=Best_Sellingbest&t_page=랭킹&t_click=판매랭킹_미용소품_상품상세&t_number=82
미용소품,83,페이스팩토리,"페이스팩토리 미용가전 3종 (필링기, 피지 흡입기, 셀라이너)",https://www.oliveyoung.co.kr/store/goods/getGoodsDetail.do?goodsNo=A000000116183&dispCatNo=90000010009&trackingCd=Best_Sellingbest&t_page=랭킹&t_click=판매랭킹_미용소품_상품상세&t_number=83
미용소품,84,필리밀리,[노티드에디션] 필리밀리 노티드 에디션 3종 택1 (히팅뷰러&아이메이크업브러시세트),https://www.oliveyoung.co.kr/store/goods/getGoodsDetail.do?goodsNo=A000000205239&dispCatNo=90000010009&trackingCd=Best_Sellingbest&t_page=랭킹&t_click=판매랭킹_미용소품_상품상세&t_number=84
미용소품,85,필리밀리,필리밀리 듀얼 면봉 200P,https://www.oliveyoung.co.kr/store/goods/getGoodsDetail.do?goodsNo=A000000147882&dispCatNo=90000010009&trackingCd=Best_Sellingbest&t_page=랭킹&t_click=판매랭킹_미용소품_상품상세&t_number=85
미용소품,86,필리밀리,필리밀리 정교한 족집게,https://www.oliveyoung.co.kr/store/goods/getGoodsDetail.do?goodsNo=A000000178420&dispCatNo=90000010009&trackingCd=Best_Sellingbest&t_page=랭킹&t_click=판매랭킹_미용소품_상품상세&t_number=86
미용소품,87,필리밀리,[대체불가 C컬]필리밀리 히팅뷰러_충전 타입[단품/노티드콜라보],https://www.oliveyoung.co.kr/store/goods/getGoodsDetail.do?goodsNo=A000000187638&dispCatNo=90000010009&trackingCd=Best_Sellingbest&t_page=랭킹&t_click=판매랭킹_미용소품_상품상세&t_number=87
미용소품,88,카이,KAI 눈썹면도기3입_(눈썹칼),https://www.oliveyoung.co.kr/store/goods/getGoodsDetail.do?goodsNo=A000000001457&dispCatNo=90000010009&trackingCd=Best_Sellingbest&t_page=랭킹&t_click=판매랭킹_미용소품_상품상세&t_number=88
미용소품,89,피카소,피카소 생기창조 108 블러셔 브러쉬,https://www.oliveyoung.co.kr/store/goods/getGoodsDetail.do?goodsNo=A000000162778&dispCatNo=90000010009&trackingCd=Best_Sellingbest&t_page=랭킹&t_click=판매랭킹_미용소품_상품상세&t_number=89
미용소품,90,피카소,피카소 꼴레지오니 라운드 팁 트위저 퍼플,https://www.oliveyoung.co.kr/store/goods/getGoodsDetail.do?goodsNo=A000000162851&dispCatNo=90000010009&trackingCd=Best_Sellingbest&t_page=랭킹&t_click=판매랭킹_미용소품_상품상세&t_number=90
미용소품,91,필리밀리,필리밀리 파우더톡톡퍼프(5P),https://www.oliveyoung.co.kr/store/goods/getGoodsDetail.do?goodsNo=A000000201679&dispCatNo=90000010009&trackingCd=Best_Sellingbest&t_page=랭킹&t_click=판매랭킹_미용소품_상품상세&t_number=91
미용소품,92,리터니티,[리뷰이벤트] 리터니티 미니괄사 오일증정기획(NEW)/리터니티 괄사(오리지널) 2종 택 1,https://www.oliveyoung.co.kr/store/goods/getGoodsDetail.do?goodsNo=A000000192534&dispCatNo=90000010009&trackingCd=Best_Sellingbest&t_page=랭킹&t_click=판매랭킹_미용소품_상품상세&t_number=92
미용소품,93,필리밀리,필리밀리 애교살 포인트 브러시 514,https://www.oliveyoung.co.kr/store/goods/getGoodsDetail.do?goodsNo=A000000152481&dispCatNo=90000010009&trackingCd=Best_Sellingbest&t_page=랭킹&t_click=판매랭킹_미용소품_상품상세&t_number=93
미용소품,94,필리밀리,필리밀리 멀티 실리콘 클렌징 패드,https://www.oliveyoung.co.kr/store/goods/getGoodsDetail.do?goodsNo=A000000154316&dispCatNo=90000010009&trackingCd=Best_Sellingbest&t_page=랭킹&t_click=판매랭킹_미용소품_상품상세&t_number=94
미용소품,95,피카소,피카소 라텍스 스퀘어 메이크업 스펀지 6P/20p/리필,https://www.oliveyoung.co.kr/store/goods/getGoodsDetail.do?goodsNo=A000000175289&dispCatNo=90000010009&trackingCd=Best_Sellingbest&t_page=랭킹&t_click=판매랭킹_미용소품_상품상세&t_number=95
미용소품,96,피카소,피카소 라텍스 스퀘어 메이크업 스펀지 대용량 20P (케이스포함),https://www.oliveyoung.co.kr/store/goods/getGoodsDetail.do?goodsNo=A000000201214&dispCatNo=90000010009&trackingCd=Best_Sellingbest&t_page=랭킹&t_click=판매랭킹_미용소품_상품상세&t_number=96
미용소품,97,필리밀리,필리밀리 젤리킹 스펀지 4P,https://www.oliveyoung.co.kr/store/goods/getGoodsDetail.do?goodsNo=A000000149062&dispCatNo=90000010009&trackingCd=Best_Sellingbest&t_page=랭킹&t_click=판매랭킹_미용소품_상품상세&t_number=97
미용소품,98,필리밀리,필리밀리 사각 텐션 스펀지 40P,https://www.oliveyoung.co.kr/store/goods/getGoodsDetail.do?goodsNo=A000000161140&dispCatNo=90000010009&trackingCd=Best_Sellingbest&t_page=랭킹&t_click=판매랭킹_미용소품_상품상세&t_number=98
미용소품,99,필리밀리,필리밀리 엠보싱 면봉 140P,https://www.oliveyoung.co.kr/store/goods/getGoodsDetail.do?goodsNo=A000000147881&dispCatNo=90000010009&trackingCd=Best_Sellingbest&t_page=랭킹&t_click=판매랭킹_미용소품_상품상세&t_number=99
미용소품,100,필리밀리,필리밀리 듀얼 컨실러 브러시 810,https://www.oliveyoung.co.kr/store/goods/getGoodsDetail.do?goodsNo=A000000149041&dispCatNo=90000010009&trackingCd=Best_Sellingbest&t_page=랭킹&t_click=판매랭킹_미용소품_상품상세&t_number=100
더모 코스메틱,1,바이오더마,[100개 특가/아일릿 원희PICK]바이오더마 센시비오 H2O 500ml 더블 기획 (+대왕 화장솜 10매),https://www.oliveyoung.co.kr/store/goods/getGoodsDetail.do?goodsNo=A000000205166&dispCatNo=90000010009&trackingCd=Best_Sellingbest&t_page=랭킹&t_click=판매랭킹_더모 코스메틱_상품상세&t_number=1
더모 코스메틱,2,피지오겔,[6/1 하루특가] 피지오겔 DMT 페이셜 보습크림 150ml + DMT 마스크팩 1매 증정 기획,https://www.oliveyoung.co.kr/store/goods/getGoodsDetail.do?goodsNo=A000000205785&dispCatNo=90000010009&trackingCd=Best_Sellingbest&t_page=랭킹&t_click=판매랭킹_더모 코스메틱_상품상세&t_number=2
더모 코스메틱,3,라로슈포제,[100개특가] 라로슈포제 시카플라스트 밤B5+ 100ml 기획 (+시카크림 15ml 증정),https://www.oliveyoung.co.kr/store/goods/getGoodsDetail.do?goodsNo=A000000205173&dispCatNo=90000010009&trackingCd=Best_Sellingbest&t_page=랭킹&t_click=판매랭킹_더모 코스메틱_상품상세&t_number=3
더모 코스메틱,4,에스트라,에스트라 아토베리어365 크림 80ml 기획 (+하이드로에센스 25ml+리제덤세럼 7ml),https://www.oliveyoung.co.kr/store/goods/getGoodsDetail.do?goodsNo=A000000200642&dispCatNo=90000010009&trackingCd=Best_Sellingbest&t_page=랭킹&t_click=판매랭킹_더모 코스메틱_상품상세&t_number=4
더모 코스메틱,5,셀퓨전씨,[수분쿨링] 셀퓨전씨 포스트 알파 쿨링 패드 70매,https://www.oliveyoung.co.kr/store/goods/getGoodsDetail.do?goodsNo=A000000167203&dispCatNo=90000010009&trackingCd=Best_Sellingbest&t_page=랭킹&t_click=판매랭킹_더모 코스메틱_상품상세&t_number=5
더모 코스메틱,6,셀퓨전씨,셀퓨전씨 레이저 UV 썬스크린 35ml 트리플 한정기획,https://www.oliveyoung.co.kr/store/goods/getGoodsDetail.do?goodsNo=A000000204653&dispCatNo=90000010009&trackingCd=Best_Sellingbest&t_page=랭킹&t_click=판매랭킹_더모 코스메틱_상품상세&t_number=6
더모 코스메틱,7,바이오더마,[7일특가/아일릿 원희PICK]바이오더마 하이드라비오 에센스로션 200ml 더블 기획,https://www.oliveyoung.co.kr/store/goods/getGoodsDetail.do?goodsNo=A000000205169&dispCatNo=90000010009&trackingCd=Best_Sellingbest&t_page=랭킹&t_click=판매랭킹_더모 코스메틱_상품상세&t_number=7
더모 코스메틱,8,피지오겔,[한정기획] 피지오겔 사이언수티컬즈 데일리뮨 앰플 세럼 20ml+글로우에센스 20ml+마스크팩 1매 기획,https://www.oliveyoung.co.kr/store/goods/getGoodsDetail.do?goodsNo=A000000203796&dispCatNo=90000010009&trackingCd=Best_Sellingbest&t_page=랭킹&t_click=판매랭킹_더모 코스메틱_상품상세&t_number=8
더모 코스메틱,9,아벤느,[100개특가]아벤느 오 떼르말 300ml 2입 기획,https://www.oliveyoung.co.kr/store/goods/getGoodsDetail.do?goodsNo=A000000010498&dispCatNo=90000010009&trackingCd=Best_Sellingbest&t_page=랭킹&t_click=판매랭킹_더모 코스메틱_상품상세&t_number=9
더모 코스메틱,10,바이오더마,[7일특가]바이오더마 시카비오 포마드 100ml,https://www.oliveyoung.co.kr/store/goods/getGoodsDetail.do?goodsNo=A000000134691&dispCatNo=90000010009&trackingCd=Best_Sellingbest&t_page=랭킹&t_click=판매랭킹_더모 코스메틱_상품상세&t_number=10
더모 코스메틱,11,바이오더마,[7일특가/아일릿 이로하PICK]바이오더마 하이드라비오 토너 500ml 기획 (+양면 토너패드 50매),https://www.oliveyoung.co.kr/store/goods/getGoodsDetail.do?goodsNo=A000000205168&dispCatNo=90000010009&trackingCd=Best_Sellingbest&t_page=랭킹&t_click=판매랭킹_더모 코스메틱_상품상세&t_number=11
더모 코스메틱,12,라로슈포제,라로슈포제 에빠끌라 울트라 컨센트레이티드 세럼 30ml 기획 (+에빠끌라 폼 15ml+에빠끌라 세럼 3ml 증정),https://www.oliveyoung.co.kr/store/goods/getGoodsDetail.do?goodsNo=A000000202898&dispCatNo=90000010009&trackingCd=Best_Sellingbest&t_page=랭킹&t_click=판매랭킹_더모 코스메틱_상품상세&t_number=12
더모 코스메틱,13,에스트라,[NEW/리뉴얼] 에스트라 아토베리어365 로션 150ml,https://www.oliveyoung.co.kr/store/goods/getGoodsDetail.do?goodsNo=A000000198321&dispCatNo=90000010009&trackingCd=Best_Sellingbest&t_page=랭킹&t_click=판매랭킹_더모 코스메틱_상품상세&t_number=13
더모 코스메틱,14,바이오더마,[아일릿 원희PICK] 센시비오 H2O 850ml,https://www.oliveyoung.co.kr/store/goods/getGoodsDetail.do?goodsNo=A000000130319&dispCatNo=90000010009&trackingCd=Best_Sellingbest&t_page=랭킹&t_click=판매랭킹_더모 코스메틱_상품상세&t_number=14
더모 코스메틱,15,바이오더마,[7일특가/아일릿 민주PICK]바이오더마 아토덤 울트라 크림 500ml+200ml,https://www.oliveyoung.co.kr/store/goods/getGoodsDetail.do?goodsNo=A000000168287&dispCatNo=90000010009&trackingCd=Best_Sellingbest&t_page=랭킹&t_click=판매랭킹_더모 코스메틱_상품상세&t_number=15
더모 코스메틱,16,셀퓨전씨,셀퓨전씨 토닝 썬스크린 35ml 1+1+20ml 한정기획,https://www.oliveyoung.co.kr/store/goods/getGoodsDetail.do?goodsNo=A000000204456&dispCatNo=90000010009&trackingCd=Best_Sellingbest&t_page=랭킹&t_click=판매랭킹_더모 코스메틱_상품상세&t_number=16
더모 코스메틱,17,에스트라,에스트라 리제덤365 모공탄력 캡슐세럼 30ml+7ml 기획 (+리제덤 크림 10ml)(2405),https://www.oliveyoung.co.kr/store/goods/getGoodsDetail.do?goodsNo=A000000203786&dispCatNo=90000010009&trackingCd=Best_Sellingbest&t_page=랭킹&t_click=판매랭킹_더모 코스메틱_상품상세&t_number=17
더모 코스메틱,18,에스트라,에스트라 에이시카365 흔적진정세럼 40ml 기획/단품,https://www.oliveyoung.co.kr/store/goods/getGoodsDetail.do?goodsNo=A000000186994&dispCatNo=90000010009&trackingCd=Best_Sellingbest&t_page=랭킹&t_click=판매랭킹_더모 코스메틱_상품상세&t_number=18
더모 코스메틱,19,라로슈포제,라로슈포제 히알루 B5 세럼 기획/단품,https://www.oliveyoung.co.kr/store/goods/getGoodsDetail.do?goodsNo=A000000160470&dispCatNo=90000010009&trackingCd=Best_Sellingbest&t_page=랭킹&t_click=판매랭킹_더모 코스메틱_상품상세&t_number=19
더모 코스메틱,20,피지오겔,[한정기획] 피지오겔 DMT 페이셜 로션 200ml+토너 50ml 증정 기획,https://www.oliveyoung.co.kr/store/goods/getGoodsDetail.do?goodsNo=A000000203070&dispCatNo=90000010009&trackingCd=Best_Sellingbest&t_page=랭킹&t_click=판매랭킹_더모 코스메틱_상품상세&t_number=20
더모 코스메틱,21,에스트라,에스트라 아토베리어365 하이드로 수딩크림 60ml 기획(+하이드로에센스25ml+선크림10ml),https://www.oliveyoung.co.kr/store/goods/getGoodsDetail.do?goodsNo=A000000205939&dispCatNo=90000010009&trackingCd=Best_Sellingbest&t_page=랭킹&t_click=판매랭킹_더모 코스메틱_상품상세&t_number=21
더모 코스메틱,22,라로슈포제,라로슈포제 시카플라스트 크림 B5 100ml 기획 (시카토너50ml+시카밤3ml*2),https://www.oliveyoung.co.kr/store/goods/getGoodsDetail.do?goodsNo=A000000203920&dispCatNo=90000010009&trackingCd=Best_Sellingbest&t_page=랭킹&t_click=판매랭킹_더모 코스메틱_상품상세&t_number=22
더모 코스메틱,23,유세린,"[글로벌 2,600만 판매]유세린 하이알루론 3X 나이트크림 50ml 기획 (+컨센트레이트 5ml 2개+화장솜 증정)",https://www.oliveyoung.co.kr/store/goods/getGoodsDetail.do?goodsNo=A000000200502&dispCatNo=90000010009&trackingCd=Best_Sellingbest&t_page=랭킹&t_click=판매랭킹_더모 코스메틱_상품상세&t_number=23
더모 코스메틱,24,바이오더마,[1+1기획]바이오더마 아토덤 립스틱 1+1 기획,https://www.oliveyoung.co.kr/store/goods/getGoodsDetail.do?goodsNo=A000000171113&dispCatNo=90000010009&trackingCd=Best_Sellingbest&t_page=랭킹&t_click=판매랭킹_더모 코스메틱_상품상세&t_number=24
더모 코스메틱,25,유세린,[1+1/아이크림1등] 유세린 하이알루론 3X 아이크림 더블기획 (15ml+15ml),https://www.oliveyoung.co.kr/store/goods/getGoodsDetail.do?goodsNo=A000000118803&dispCatNo=90000010009&trackingCd=Best_Sellingbest&t_page=랭킹&t_click=판매랭킹_더모 코스메틱_상품상세&t_number=25
더모 코스메틱,26,에스트라,에스트라 아토베리어365 하이드로 에센스 200ml,https://www.oliveyoung.co.kr/store/goods/getGoodsDetail.do?goodsNo=A000000171710&dispCatNo=90000010009&trackingCd=Best_Sellingbest&t_page=랭킹&t_click=판매랭킹_더모 코스메틱_상품상세&t_number=26
더모 코스메틱,27,에스트라,에스트라 에이시카365 흔적 진정 세럼 40ml+40ml 리필기획,https://www.oliveyoung.co.kr/store/goods/getGoodsDetail.do?goodsNo=A000000203788&dispCatNo=90000010009&trackingCd=Best_Sellingbest&t_page=랭킹&t_click=판매랭킹_더모 코스메틱_상품상세&t_number=27
더모 코스메틱,28,유세린,유세린 하이알루론 3X 아이크림 15ml 기획 (+나이트크림7ml+울트라센시티브마스크팩*2매),https://www.oliveyoung.co.kr/store/goods/getGoodsDetail.do?goodsNo=A000000203892&dispCatNo=90000010009&trackingCd=Best_Sellingbest&t_page=랭킹&t_click=판매랭킹_더모 코스메틱_상품상세&t_number=28
더모 코스메틱,29,아벤느,아벤느 시칼파트 플러스 S.O.S 크림 100ml+100ml 더블 기획,https://www.oliveyoung.co.kr/store/goods/getGoodsDetail.do?goodsNo=A000000184198&dispCatNo=90000010009&trackingCd=Best_Sellingbest&t_page=랭킹&t_click=판매랭킹_더모 코스메틱_상품상세&t_number=29
더모 코스메틱,30,리쥬란,리쥬란 힐러 턴오버 앰플 듀얼 이펙트 30ml 기획 (+턴오버 앰플 1ml*7+더마힐러 크림 10g+더마힐러 마스크 23ml*2),https://www.oliveyoung.co.kr/store/goods/getGoodsDetail.do?goodsNo=A000000203803&dispCatNo=90000010009&trackingCd=Best_Sellingbest&t_page=랭킹&t_click=판매랭킹_더모 코스메틱_상품상세&t_number=30
더모 코스메틱,31,바이오더마,[7일특가/아일릿 모카PICK]바이오더마 센시비오 미셀라 클렌징 오일 150ml+10ml 기획(+실리콘 패드 증정),https://www.oliveyoung.co.kr/store/goods/getGoodsDetail.do?goodsNo=A000000184911&dispCatNo=90000010009&trackingCd=Best_Sellingbest&t_page=랭킹&t_click=판매랭킹_더모 코스메틱_상품상세&t_number=31
더모 코스메틱,32,피지오겔,[한정기획] 피지오겔 사이언수티컬즈 디멜라나이저 토닝 앰플 세럼 20ml + 에센스 20ml + 마스크팩 1매,https://www.oliveyoung.co.kr/store/goods/getGoodsDetail.do?goodsNo=A000000203795&dispCatNo=90000010009&trackingCd=Best_Sellingbest&t_page=랭킹&t_click=판매랭킹_더모 코스메틱_상품상세&t_number=32
더모 코스메틱,33,셀퓨전씨,[급속쿨링/5매입] 셀퓨전씨 포스트 알파 퍼스트 쿨링 마스크 5P,https://www.oliveyoung.co.kr/store/goods/getGoodsDetail.do?goodsNo=A000000115199&dispCatNo=90000010009&trackingCd=Best_Sellingbest&t_page=랭킹&t_click=판매랭킹_더모 코스메틱_상품상세&t_number=33
더모 코스메틱,34,바이오더마,[온라인몰 단독기획]바이오더마 하이드라비오 세럼 더블기획(40ml+40ml),https://www.oliveyoung.co.kr/store/goods/getGoodsDetail.do?goodsNo=A000000156315&dispCatNo=90000010009&trackingCd=Best_Sellingbest&t_page=랭킹&t_click=판매랭킹_더모 코스메틱_상품상세&t_number=34
더모 코스메틱,35,바이오더마,[아일릿 원희PICK]바이오더마 센시비오 H2O 500ml,https://www.oliveyoung.co.kr/store/goods/getGoodsDetail.do?goodsNo=A000000002654&dispCatNo=90000010009&trackingCd=Best_Sellingbest&t_page=랭킹&t_click=판매랭킹_더모 코스메틱_상품상세&t_number=35
더모 코스메틱,36,라로슈포제,라로슈포제 똘러리앙 포밍클렌저 125ml 기획 (+시카밤 3ml 증정),https://www.oliveyoung.co.kr/store/goods/getGoodsDetail.do?goodsNo=A000000201403&dispCatNo=90000010009&trackingCd=Best_Sellingbest&t_page=랭킹&t_click=판매랭킹_더모 코스메틱_상품상세&t_number=36
더모 코스메틱,37,에스트라,에스트라 에이시카365 수분진정결토너 250ml 기획(+토너 50ml 증정),https://www.oliveyoung.co.kr/store/goods/getGoodsDetail.do?goodsNo=A000000178002&dispCatNo=90000010009&trackingCd=Best_Sellingbest&t_page=랭킹&t_click=판매랭킹_더모 코스메틱_상품상세&t_number=37
더모 코스메틱,38,에스트라,에스트라 아토베리어365 하이드로 수딩크림 60ml,https://www.oliveyoung.co.kr/store/goods/getGoodsDetail.do?goodsNo=A000000150890&dispCatNo=90000010009&trackingCd=Best_Sellingbest&t_page=랭킹&t_click=판매랭킹_더모 코스메틱_상품상세&t_number=38
더모 코스메틱,39,아벤느,아벤느 이드랑스 에센스 인 로션 200ml 더블기획,https://www.oliveyoung.co.kr/store/goods/getGoodsDetail.do?goodsNo=A000000187040&dispCatNo=90000010009&trackingCd=Best_Sellingbest&t_page=랭킹&t_click=판매랭킹_더모 코스메틱_상품상세&t_number=39
더모 코스메틱,40,셀퓨전씨,[진정쿨링] 셀퓨전씨 포스트 알파 시카 쿨링 마스크 1매,https://www.oliveyoung.co.kr/store/goods/getGoodsDetail.do?goodsNo=A000000165564&dispCatNo=90000010009&trackingCd=Best_Sellingbest&t_page=랭킹&t_click=판매랭킹_더모 코스메틱_상품상세&t_number=40
더모 코스메틱,41,라로슈포제,라로슈포제 유비데아 안뗄리오스 톤업 로지 30ml 기획,https://www.oliveyoung.co.kr/store/goods/getGoodsDetail.do?goodsNo=A000000198379&dispCatNo=90000010009&trackingCd=Best_Sellingbest&t_page=랭킹&t_click=판매랭킹_더모 코스메틱_상품상세&t_number=41
더모 코스메틱,42,테라로직,[7일특가]테라로직 레티놀 안티링클3D 모공 앰플 30ml,https://www.oliveyoung.co.kr/store/goods/getGoodsDetail.do?goodsNo=A000000198835&dispCatNo=90000010009&trackingCd=Best_Sellingbest&t_page=랭킹&t_click=판매랭킹_더모 코스메틱_상품상세&t_number=42
더모 코스메틱,43,피지오겔,[산뜻한 발림성] 피지오겔 레드수딩 시카밸런스 크림 80ml +시카 토너 50ml 증정 기획,https://www.oliveyoung.co.kr/store/goods/getGoodsDetail.do?goodsNo=A000000203071&dispCatNo=90000010009&trackingCd=Best_Sellingbest&t_page=랭킹&t_click=판매랭킹_더모 코스메틱_상품상세&t_number=43
더모 코스메틱,44,이지듀,[재구매1위/한가인PICK] 이지듀 EGF 멜라토닝 기미잡티 앰플 12ml+1ml 기획,https://www.oliveyoung.co.kr/store/goods/getGoodsDetail.do?goodsNo=A000000188493&dispCatNo=90000010009&trackingCd=Best_Sellingbest&t_page=랭킹&t_click=판매랭킹_더모 코스메틱_상품상세&t_number=44
더모 코스메틱,45,유세린,[미백잡티] 유세린 이븐래디언스 듀오 앰플 30ml 기획 (+듀오앰플 샤쉐*5ea),https://www.oliveyoung.co.kr/store/goods/getGoodsDetail.do?goodsNo=A000000203894&dispCatNo=90000010009&trackingCd=Best_Sellingbest&t_page=랭킹&t_click=판매랭킹_더모 코스메틱_상품상세&t_number=45
더모 코스메틱,46,유세린,[6주앰플세럼] 유세린 하이알루론 3X 컨센트레이트 5ml*6 기획 (+울트라 센시티브 마스크팩 2매),https://www.oliveyoung.co.kr/store/goods/getGoodsDetail.do?goodsNo=A000000205791&dispCatNo=90000010009&trackingCd=Best_Sellingbest&t_page=랭킹&t_click=판매랭킹_더모 코스메틱_상품상세&t_number=46
더모 코스메틱,47,리쥬란,[피부특화 DNA성분] 리쥬란 힐러 스킨 프로텍션 마스크 1매/5매,https://www.oliveyoung.co.kr/store/goods/getGoodsDetail.do?goodsNo=A000000169512&dispCatNo=90000010009&trackingCd=Best_Sellingbest&t_page=랭킹&t_click=판매랭킹_더모 코스메틱_상품상세&t_number=47
더모 코스메틱,48,유세린,[신상특가/NEW] 유세린 울트라 센시티브 리페어 마스크팩 5매,https://www.oliveyoung.co.kr/store/goods/getGoodsDetail.do?goodsNo=A000000203908&dispCatNo=90000010009&trackingCd=Best_Sellingbest&t_page=랭킹&t_click=판매랭킹_더모 코스메틱_상품상세&t_number=48
더모 코스메틱,49,센텔리안24,[단독기획]센텔리안24 링클셀 코어 아이크림 더블 기획 (세럼10mlx2ea증정),https://www.oliveyoung.co.kr/store/goods/getGoodsDetail.do?goodsNo=A000000157285&dispCatNo=90000010009&trackingCd=Best_Sellingbest&t_page=랭킹&t_click=판매랭킹_더모 코스메틱_상품상세&t_number=49
더모 코스메틱,50,에스트라,에스트라 에이시카365 수분 진정 크림 60ml,https://www.oliveyoung.co.kr/store/goods/getGoodsDetail.do?goodsNo=A000000162949&dispCatNo=90000010009&trackingCd=Best_Sellingbest&t_page=랭킹&t_click=판매랭킹_더모 코스메틱_상품상세&t_number=50
더모 코스메틱,51,라로슈포제,[신상특가] 라로슈포제 멜라B3 세럼 30ml 기획 (시카밤3ml*2+시카크림3ml+에빠폼15ml 증정),https://www.oliveyoung.co.kr/store/goods/getGoodsDetail.do?goodsNo=A000000203924&dispCatNo=90000010009&trackingCd=Best_Sellingbest&t_page=랭킹&t_click=판매랭킹_더모 코스메틱_상품상세&t_number=51
더모 코스메틱,52,아벤느,아벤느 클리낭스 클렌징 젤 400ml 더블 기획,https://www.oliveyoung.co.kr/store/goods/getGoodsDetail.do?goodsNo=A000000200713&dispCatNo=90000010009&trackingCd=Best_Sellingbest&t_page=랭킹&t_click=판매랭킹_더모 코스메틱_상품상세&t_number=52
더모 코스메틱,53,라로슈포제,[100개특가] 라로슈포제 에빠끌라 듀오+M 에센스 40ml,https://www.oliveyoung.co.kr/store/goods/getGoodsDetail.do?goodsNo=A000000200604&dispCatNo=90000010009&trackingCd=Best_Sellingbest&t_page=랭킹&t_click=판매랭킹_더모 코스메틱_상품상세&t_number=53
더모 코스메틱,54,바이오더마,[7일특가/정품증정]바이오더마 센시비오 H2O eye 125ml 기획(+센시비오 H20 100ml),https://www.oliveyoung.co.kr/store/goods/getGoodsDetail.do?goodsNo=A000000188936&dispCatNo=90000010009&trackingCd=Best_Sellingbest&t_page=랭킹&t_click=판매랭킹_더모 코스메틱_상품상세&t_number=54
더모 코스메틱,55,유세린,[1+1/모공케어] 유세린 더머토클린 클래리파잉 토너 더블기획 (200ml+200ml),https://www.oliveyoung.co.kr/store/goods/getGoodsDetail.do?goodsNo=A000000141900&dispCatNo=90000010009&trackingCd=Best_Sellingbest&t_page=랭킹&t_click=판매랭킹_더모 코스메틱_상품상세&t_number=55
더모 코스메틱,56,바이오더마,바이오더마 세비엄 포어 리파이너,https://www.oliveyoung.co.kr/store/goods/getGoodsDetail.do?goodsNo=A000000002848&dispCatNo=90000010009&trackingCd=Best_Sellingbest&t_page=랭킹&t_click=판매랭킹_더모 코스메틱_상품상세&t_number=56
더모 코스메틱,57,에스트라,에스트라 리제덤365 밀도탄력 캡슐크림 50ml+10ml 기획 (+리제덤 세럼 7ml)(2405),https://www.oliveyoung.co.kr/store/goods/getGoodsDetail.do?goodsNo=A000000203787&dispCatNo=90000010009&trackingCd=Best_Sellingbest&t_page=랭킹&t_click=판매랭킹_더모 코스메틱_상품상세&t_number=57
더모 코스메틱,58,에스트라,에스트라 아토베리어365 바디로션 400ml,https://www.oliveyoung.co.kr/store/goods/getGoodsDetail.do?goodsNo=A000000161165&dispCatNo=90000010009&trackingCd=Best_Sellingbest&t_page=랭킹&t_click=판매랭킹_더모 코스메틱_상품상세&t_number=58
더모 코스메틱,59,바이오더마,[7일특가/아일릿 모카PICK]바이오더마 하이드라비오 히알루+ 세럼 30ml 기획 (+토너 250ml),https://www.oliveyoung.co.kr/store/goods/getGoodsDetail.do?goodsNo=A000000205170&dispCatNo=90000010009&trackingCd=Best_Sellingbest&t_page=랭킹&t_click=판매랭킹_더모 코스메틱_상품상세&t_number=59
더모 코스메틱,60,유리아쥬,유리아쥬 진피 마일드 젤 500ml,https://www.oliveyoung.co.kr/store/goods/getGoodsDetail.do?goodsNo=A000000120689&dispCatNo=90000010009&trackingCd=Best_Sellingbest&t_page=랭킹&t_click=판매랭킹_더모 코스메틱_상품상세&t_number=60
더모 코스메틱,61,에스트라,[NEW]에스트라 아토베리어365 크림 80ml,https://www.oliveyoung.co.kr/store/goods/getGoodsDetail.do?goodsNo=A000000198320&dispCatNo=90000010009&trackingCd=Best_Sellingbest&t_page=랭킹&t_click=판매랭킹_더모 코스메틱_상품상세&t_number=61
더모 코스메틱,62,피지오겔,피지오겔 DMT 페이셜 수분크림 150ml,https://www.oliveyoung.co.kr/store/goods/getGoodsDetail.do?goodsNo=A000000012881&dispCatNo=90000010009&trackingCd=Best_Sellingbest&t_page=랭킹&t_click=판매랭킹_더모 코스메틱_상품상세&t_number=62
더모 코스메틱,63,에스트라,에스트라 테라크네365 클리어 딥 클렌징 폼 200g,https://www.oliveyoung.co.kr/store/goods/getGoodsDetail.do?goodsNo=A000000152767&dispCatNo=90000010009&trackingCd=Best_Sellingbest&t_page=랭킹&t_click=판매랭킹_더모 코스메틱_상품상세&t_number=63
더모 코스메틱,64,셀퓨전씨,셀퓨전씨 아쿠아티카 썬스크린 35ml 1+1+20ml 한정기획,https://www.oliveyoung.co.kr/store/goods/getGoodsDetail.do?goodsNo=A000000204655&dispCatNo=90000010009&trackingCd=Best_Sellingbest&t_page=랭킹&t_click=판매랭킹_더모 코스메틱_상품상세&t_number=64
더모 코스메틱,65,테라로직,[7일특가/여배우동안템]테라로직 레티놀 안티링클3D 모공 크림 20g+5g,https://www.oliveyoung.co.kr/store/goods/getGoodsDetail.do?goodsNo=A000000198830&dispCatNo=90000010009&trackingCd=Best_Sellingbest&t_page=랭킹&t_click=판매랭킹_더모 코스메틱_상품상세&t_number=65
더모 코스메틱,66,바이오더마,[아일릿 민주PICK]바이오더마 하이드라비오 H2O 500ml,https://www.oliveyoung.co.kr/store/goods/getGoodsDetail.do?goodsNo=A000000013882&dispCatNo=90000010009&trackingCd=Best_Sellingbest&t_page=랭킹&t_click=판매랭킹_더모 코스메틱_상품상세&t_number=66
더모 코스메틱,67,리쥬란,[리쥬란 독자성분 PDRx]리쥬란 더마 힐러 모이스처 크림 60g,https://www.oliveyoung.co.kr/store/goods/getGoodsDetail.do?goodsNo=A000000175203&dispCatNo=90000010009&trackingCd=Best_Sellingbest&t_page=랭킹&t_click=판매랭킹_더모 코스메틱_상품상세&t_number=67
더모 코스메틱,68,바이오더마,바이오더마 하이드라비오 토너 250ml,https://www.oliveyoung.co.kr/store/goods/getGoodsDetail.do?goodsNo=A000000004434&dispCatNo=90000010009&trackingCd=Best_Sellingbest&t_page=랭킹&t_click=판매랭킹_더모 코스메틱_상품상세&t_number=68
더모 코스메틱,69,라로슈포제,라로슈포제 에빠끌라 딥 클렌징 포밍 크림,https://www.oliveyoung.co.kr/store/goods/getGoodsDetail.do?goodsNo=A000000114267&dispCatNo=90000010009&trackingCd=Best_Sellingbest&t_page=랭킹&t_click=판매랭킹_더모 코스메틱_상품상세&t_number=69
더모 코스메틱,70,바이오더마,바이오더마 아토덤 인텐시브 밤 500ml,https://www.oliveyoung.co.kr/store/goods/getGoodsDetail.do?goodsNo=A000000171829&dispCatNo=90000010009&trackingCd=Best_Sellingbest&t_page=랭킹&t_click=판매랭킹_더모 코스메틱_상품상세&t_number=70
더모 코스메틱,71,바이오더마,[아일릿 윤아PICK]바이오더마 세비엄 H2O 500ml,https://www.oliveyoung.co.kr/store/goods/getGoodsDetail.do?goodsNo=A000000002846&dispCatNo=90000010009&trackingCd=Best_Sellingbest&t_page=랭킹&t_click=판매랭킹_더모 코스메틱_상품상세&t_number=71
더모 코스메틱,72,에스트라,에스트라 아토베리어365 버블클렌저 150ml,https://www.oliveyoung.co.kr/store/goods/getGoodsDetail.do?goodsNo=A000000143769&dispCatNo=90000010009&trackingCd=Best_Sellingbest&t_page=랭킹&t_click=판매랭킹_더모 코스메틱_상품상세&t_number=72
더모 코스메틱,73,톡스앤필,[리뷰이벤트] 톡스앤필 판테놀 밤 30ml,https://www.oliveyoung.co.kr/store/goods/getGoodsDetail.do?goodsNo=A000000203705&dispCatNo=90000010009&trackingCd=Best_Sellingbest&t_page=랭킹&t_click=판매랭킹_더모 코스메틱_상품상세&t_number=73
더모 코스메틱,74,유세린,[6주앰플세럼] 유세린 하이알루론 3X 컨센트레이트 5ml*6,https://www.oliveyoung.co.kr/store/goods/getGoodsDetail.do?goodsNo=A000000199281&dispCatNo=90000010009&trackingCd=Best_Sellingbest&t_page=랭킹&t_click=판매랭킹_더모 코스메틱_상품상세&t_number=74
더모 코스메틱,75,피지오겔,피지오겔 DMT UV 썬로션 100ml,https://www.oliveyoung.co.kr/store/goods/getGoodsDetail.do?goodsNo=A000000164409&dispCatNo=90000010009&trackingCd=Best_Sellingbest&t_page=랭킹&t_click=판매랭킹_더모 코스메틱_상품상세&t_number=75
더모 코스메틱,76,라로슈포제,라로슈포제 유비데아 안뗄리오스 톤업 라이트 크림 30ml,https://www.oliveyoung.co.kr/store/goods/getGoodsDetail.do?goodsNo=A000000112523&dispCatNo=90000010009&trackingCd=Best_Sellingbest&t_page=랭킹&t_click=판매랭킹_더모 코스메틱_상품상세&t_number=76
더모 코스메틱,77,라로슈포제,라로슈포제 똘러리앙 덤알레르고 크림 40ml,https://www.oliveyoung.co.kr/store/goods/getGoodsDetail.do?goodsNo=A000000161805&dispCatNo=90000010009&trackingCd=Best_Sellingbest&t_page=랭킹&t_click=판매랭킹_더모 코스메틱_상품상세&t_number=77
더모 코스메틱,78,바이오더마,[온라인몰 한정기획]바이오더마 하이드라비오 젤크림 40ml + 40ml 듀오기획,https://www.oliveyoung.co.kr/store/goods/getGoodsDetail.do?goodsNo=A000000182739&dispCatNo=90000010009&trackingCd=Best_Sellingbest&t_page=랭킹&t_click=판매랭킹_더모 코스메틱_상품상세&t_number=78
더모 코스메틱,79,라로슈포제,라로슈포제 NEW 시카플라스트 밤B5+ 100ml 기획(+시카밤 3ml * 2 증정),https://www.oliveyoung.co.kr/store/goods/getGoodsDetail.do?goodsNo=A000000190425&dispCatNo=90000010009&trackingCd=Best_Sellingbest&t_page=랭킹&t_click=판매랭킹_더모 코스메틱_상품상세&t_number=79
더모 코스메틱,80,후시다인,후시다인 더마 트러블 징크 카밍 선크림 50ml 1+1기획,https://www.oliveyoung.co.kr/store/goods/getGoodsDetail.do?goodsNo=A000000201387&dispCatNo=90000010009&trackingCd=Best_Sellingbest&t_page=랭킹&t_click=판매랭킹_더모 코스메틱_상품상세&t_number=80
더모 코스메틱,81,유리아쥬,유리아쥬 스틱레브르 오리지널 보습 립밤 더블기획 (4g +4g),https://www.oliveyoung.co.kr/store/goods/getGoodsDetail.do?goodsNo=A000000130833&dispCatNo=90000010009&trackingCd=Best_Sellingbest&t_page=랭킹&t_click=판매랭킹_더모 코스메틱_상품상세&t_number=81
더모 코스메틱,82,이지듀,[기미잡티순삭] 이지듀 EGF 멜라토닝 기미잡티 앰플 12ml+기미패치 2매 기획,https://www.oliveyoung.co.kr/store/goods/getGoodsDetail.do?goodsNo=A000000202907&dispCatNo=90000010009&trackingCd=Best_Sellingbest&t_page=랭킹&t_click=판매랭킹_더모 코스메틱_상품상세&t_number=82
더모 코스메틱,83,에스트라,에스트라 아토베리어365 크림미스트 120ml,https://www.oliveyoung.co.kr/store/goods/getGoodsDetail.do?goodsNo=A000000130138&dispCatNo=90000010009&trackingCd=Best_Sellingbest&t_page=랭킹&t_click=판매랭킹_더모 코스메틱_상품상세&t_number=83
더모 코스메틱,84,에스트라,[대용량기획] 에스트라 에이시카365 소프트진정팩패드 60매+40매 기획세트,https://www.oliveyoung.co.kr/store/goods/getGoodsDetail.do?goodsNo=A000000203702&dispCatNo=90000010009&trackingCd=Best_Sellingbest&t_page=랭킹&t_click=판매랭킹_더모 코스메틱_상품상세&t_number=84
더모 코스메틱,85,셀퓨전씨,셀퓨전씨 스틱 썬스크린 19g (SPF50+/PA++++),https://www.oliveyoung.co.kr/store/goods/getGoodsDetail.do?goodsNo=A000000123594&dispCatNo=90000010009&trackingCd=Best_Sellingbest&t_page=랭킹&t_click=판매랭킹_더모 코스메틱_상품상세&t_number=85
더모 코스메틱,86,닥터디퍼런트,닥터디퍼런트 씨이큐 안티옥시던트 세럼 15ml,https://www.oliveyoung.co.kr/store/goods/getGoodsDetail.do?goodsNo=A000000159468&dispCatNo=90000010009&trackingCd=Best_Sellingbest&t_page=랭킹&t_click=판매랭킹_더모 코스메틱_상품상세&t_number=86
더모 코스메틱,87,유세린,"[글로벌 2,600만개 판매] 유세린 하이알루론 3X 나이트크림 50ML",https://www.oliveyoung.co.kr/store/goods/getGoodsDetail.do?goodsNo=A000000112172&dispCatNo=90000010009&trackingCd=Best_Sellingbest&t_page=랭킹&t_click=판매랭킹_더모 코스메틱_상품상세&t_number=87
더모 코스메틱,88,유리아쥬,유리아쥬 진피마일드젤 4종 택 1 (단품 / 번들),https://www.oliveyoung.co.kr/store/goods/getGoodsDetail.do?goodsNo=A000000113494&dispCatNo=90000010009&trackingCd=Best_Sellingbest&t_page=랭킹&t_click=판매랭킹_더모 코스메틱_상품상세&t_number=88
더모 코스메틱,89,피지오겔,피지오겔 DMT 바디로션 400ml,https://www.oliveyoung.co.kr/store/goods/getGoodsDetail.do?goodsNo=A000000123568&dispCatNo=90000010009&trackingCd=Best_Sellingbest&t_page=랭킹&t_click=판매랭킹_더모 코스메틱_상품상세&t_number=89
더모 코스메틱,90,피지오겔,피지오겔 레드수딩 AI 진정보습 로션 200ml,https://www.oliveyoung.co.kr/store/goods/getGoodsDetail.do?goodsNo=A000000129771&dispCatNo=90000010009&trackingCd=Best_Sellingbest&t_page=랭킹&t_click=판매랭킹_더모 코스메틱_상품상세&t_number=90
더모 코스메틱,91,바이오더마,바이오더마 센시비오 H2O 500ml (펌프형),https://www.oliveyoung.co.kr/store/goods/getGoodsDetail.do?goodsNo=A000000112128&dispCatNo=90000010009&trackingCd=Best_Sellingbest&t_page=랭킹&t_click=판매랭킹_더모 코스메틱_상품상세&t_number=91
더모 코스메틱,92,더말로지카,[단독기획] 더말로지카 데일리마이크로폴리언트13g 1+1 기획(13g+13g),https://www.oliveyoung.co.kr/store/goods/getGoodsDetail.do?goodsNo=A000000154158&dispCatNo=90000010009&trackingCd=Best_Sellingbest&t_page=랭킹&t_click=판매랭킹_더모 코스메틱_상품상세&t_number=92
더모 코스메틱,93,리쥬란,[리쥬란 독자소재_저자극 안심성분] 리쥬란 더마힐러 모이스처 트리트먼트 마스크팩 5매 (온),https://www.oliveyoung.co.kr/store/goods/getGoodsDetail.do?goodsNo=A000000175419&dispCatNo=90000010009&trackingCd=Best_Sellingbest&t_page=랭킹&t_click=판매랭킹_더모 코스메틱_상품상세&t_number=93
더모 코스메틱,94,유세린,유세린 이븐래디언스 모이스처라이저 50ml,https://www.oliveyoung.co.kr/store/goods/getGoodsDetail.do?goodsNo=A000000170690&dispCatNo=90000010009&trackingCd=Best_Sellingbest&t_page=랭킹&t_click=판매랭킹_더모 코스메틱_상품상세&t_number=94
더모 코스메틱,95,에스트라,에스트라 테라크네365 액티브 세럼 30ml,https://www.oliveyoung.co.kr/store/goods/getGoodsDetail.do?goodsNo=A000000184133&dispCatNo=90000010009&trackingCd=Best_Sellingbest&t_page=랭킹&t_click=판매랭킹_더모 코스메틱_상품상세&t_number=95
더모 코스메틱,96,유세린,[1+1/중복합성피부 수분크림] 유세린 아쿠아포린 액티브 라이트크림 (50ml+50ml),https://www.oliveyoung.co.kr/store/goods/getGoodsDetail.do?goodsNo=A000000118798&dispCatNo=90000010009&trackingCd=Best_Sellingbest&t_page=랭킹&t_click=판매랭킹_더모 코스메틱_상품상세&t_number=96
더모 코스메틱,97,더마펌,[홀리 PICK]더마펌 흔적끝 토닝 세럼 30ml+30ml 기획 (+마스크팩 1매증정),https://www.oliveyoung.co.kr/store/goods/getGoodsDetail.do?goodsNo=A000000185152&dispCatNo=90000010009&trackingCd=Best_Sellingbest&t_page=랭킹&t_click=판매랭킹_더모 코스메틱_상품상세&t_number=97
더모 코스메틱,98,피지오겔,[민감피부용] 피지오겔 시카밸런스 포어솔루션 썬스크린 30ml,https://www.oliveyoung.co.kr/store/goods/getGoodsDetail.do?goodsNo=A000000204613&dispCatNo=90000010009&trackingCd=Best_Sellingbest&t_page=랭킹&t_click=판매랭킹_더모 코스메틱_상품상세&t_number=98
더모 코스메틱,99,에스트라,[NEW] 에스트라 아토베리어365 로션 150ml+150ml 리필 기획,https://www.oliveyoung.co.kr/store/goods/getGoodsDetail.do?goodsNo=A000000199495&dispCatNo=90000010009&trackingCd=Best_Sellingbest&t_page=랭킹&t_click=판매랭킹_더모 코스메틱_상품상세&t_number=99
더모 코스메틱,100,아벤느,아벤느 시칼파트 플러스 S.O.S 크림 40ml,https://www.oliveyoung.co.kr/store/goods/getGoodsDetail.do?goodsNo=A000000135672&dispCatNo=90000010009&trackingCd=Best_Sellingbest&t_page=랭킹&t_click=판매랭킹_더모 코스메틱_상품상세&t_number=100
맨즈케어,1,피지오겔,[6/1 하루특가] 피지오겔 포맨 기획 3종 (DMT 플루이드 / DMT 크림 / 시카 플루이드),https://www.oliveyoung.co.kr/store/goods/getGoodsDetail.do?goodsNo=A000000205873&dispCatNo=90000010009&trackingCd=Best_Sellingbest&t_page=랭킹&t_click=판매랭킹_맨즈케어_상품상세&t_number=1
맨즈케어,2,아이디얼포맨,[100개 특가]아이디얼 포 맨 프레시 올인원 젤 로션 1+1 한정기획,https://www.oliveyoung.co.kr/store/goods/getGoodsDetail.do?goodsNo=A000000205061&dispCatNo=90000010009&trackingCd=Best_Sellingbest&t_page=랭킹&t_click=판매랭킹_맨즈케어_상품상세&t_number=2
맨즈케어,3,아이디얼포맨,[6월올영픽]아이디얼 포 맨 퍼펙트 올인원 가정의달 퍼펙트 세트,https://www.oliveyoung.co.kr/store/goods/getGoodsDetail.do?goodsNo=A000000203835&dispCatNo=90000010009&trackingCd=Best_Sellingbest&t_page=랭킹&t_click=판매랭킹_맨즈케어_상품상세&t_number=3
맨즈케어,4,오브제,[덱스 PICK] 오브제 내추럴 커버 파운데이션 기획세트(+클렌징폼 50ml),https://www.oliveyoung.co.kr/store/goods/getGoodsDetail.do?goodsNo=A000000198001&dispCatNo=90000010009&trackingCd=Best_Sellingbest&t_page=랭킹&t_click=판매랭킹_맨즈케어_상품상세&t_number=4
맨즈케어,5,포맨트,[1등향수] 포맨트 시그니처 퍼퓸 코튼허그 50ml 한정기획(미니어처 5ml 증정),https://www.oliveyoung.co.kr/store/goods/getGoodsDetail.do?goodsNo=A000000175449&dispCatNo=90000010009&trackingCd=Best_Sellingbest&t_page=랭킹&t_click=판매랭킹_맨즈케어_상품상세&t_number=5
맨즈케어,6,아이디얼포맨,[스킨+로션+선크림]아이디얼 포 맨 선디펜스 올인원 기획(120ml+50ml)(2023),https://www.oliveyoung.co.kr/store/goods/getGoodsDetail.do?goodsNo=A000000191771&dispCatNo=90000010009&trackingCd=Best_Sellingbest&t_page=랭킹&t_click=판매랭킹_맨즈케어_상품상세&t_number=6
맨즈케어,7,닥터지,[100개특가/6월한정] 닥터지 레드 블레미쉬 포 맨 올인원 플루이드 150ml+150ml+워시30ml,https://www.oliveyoung.co.kr/store/goods/getGoodsDetail.do?goodsNo=A000000199505&dispCatNo=90000010009&trackingCd=Best_Sellingbest&t_page=랭킹&t_click=판매랭킹_맨즈케어_상품상세&t_number=7
맨즈케어,8,우르오스,[6월올영픽/말왕Pick]우르오스 스킨워시 500ml 단품/ 기획(+메쉬파우치),https://www.oliveyoung.co.kr/store/goods/getGoodsDetail.do?goodsNo=A000000205802&dispCatNo=90000010009&trackingCd=Best_Sellingbest&t_page=랭킹&t_click=판매랭킹_맨즈케어_상품상세&t_number=8
맨즈케어,9,존바바토스,존바바토스 아티산 EDT (40ml/75ml/125ml/기획),https://www.oliveyoung.co.kr/store/goods/getGoodsDetail.do?goodsNo=A000000144484&dispCatNo=90000010009&trackingCd=Best_Sellingbest&t_page=랭킹&t_click=판매랭킹_맨즈케어_상품상세&t_number=9
맨즈케어,10,피지오겔,[7일 특가] 피지오겔 DMT포맨 증정 기획세트 2종 (플루이드 or 크림),https://www.oliveyoung.co.kr/store/goods/getGoodsDetail.do?goodsNo=A000000179227&dispCatNo=90000010009&trackingCd=Best_Sellingbest&t_page=랭킹&t_click=판매랭킹_맨즈케어_상품상세&t_number=10
맨즈케어,11,피지오겔,[7일 특가] 피지오겔 시카밸런스 포맨 2종 기획 (토너 200ml + 플루이드 100ml),https://www.oliveyoung.co.kr/store/goods/getGoodsDetail.do?goodsNo=A000000204590&dispCatNo=90000010009&trackingCd=Best_Sellingbest&t_page=랭킹&t_click=판매랭킹_맨즈케어_상품상세&t_number=11
맨즈케어,12,우르오스,우르오스 올인원 2종 단품/증정기획 2종 택 1,https://www.oliveyoung.co.kr/store/goods/getGoodsDetail.do?goodsNo=A000000117541&dispCatNo=90000010009&trackingCd=Best_Sellingbest&t_page=랭킹&t_click=판매랭킹_맨즈케어_상품상세&t_number=12
맨즈케어,13,라운드랩,[6월 올영픽/100개특가] 라운드랩 포 맨 자작나무 토너/로션 2종세트 (+쉐이빙폼 40ml 증정),https://www.oliveyoung.co.kr/store/goods/getGoodsDetail.do?goodsNo=A000000187675&dispCatNo=90000010009&trackingCd=Best_Sellingbest&t_page=랭킹&t_click=판매랭킹_맨즈케어_상품상세&t_number=13
맨즈케어,14,라운드랩,[화해1위/민감진정] 라운드랩 포 맨 소나무 진정 토너/로션 2종세트(+클렌저 40ml 증정),https://www.oliveyoung.co.kr/store/goods/getGoodsDetail.do?goodsNo=A000000199156&dispCatNo=90000010009&trackingCd=Best_Sellingbest&t_page=랭킹&t_click=판매랭킹_맨즈케어_상품상세&t_number=14
맨즈케어,15,라운드랩,[6월 올영픽/100개특가] 라운드랩 포 맨 자작나무 수분 로션 200ml,https://www.oliveyoung.co.kr/store/goods/getGoodsDetail.do?goodsNo=A000000163494&dispCatNo=90000010009&trackingCd=Best_Sellingbest&t_page=랭킹&t_click=판매랭킹_맨즈케어_상품상세&t_number=15
맨즈케어,16,아이디얼포맨,아이디얼 포맨 니플 밴드(스킨톤) 64매입 [32회분],https://www.oliveyoung.co.kr/store/goods/getGoodsDetail.do?goodsNo=A000000183228&dispCatNo=90000010009&trackingCd=Best_Sellingbest&t_page=랭킹&t_click=판매랭킹_맨즈케어_상품상세&t_number=16
맨즈케어,17,오브제,[덱스 PICK] 오브제 내추럴 커버 로션 50g 단품/기획(+미니어처 10ml),https://www.oliveyoung.co.kr/store/goods/getGoodsDetail.do?goodsNo=A000000204979&dispCatNo=90000010009&trackingCd=Best_Sellingbest&t_page=랭킹&t_click=판매랭킹_맨즈케어_상품상세&t_number=17
맨즈케어,18,아이오페,[단독기획] 아이오페 맨 올데이 퍼펙트 올인원 120ml 기획(+30ml 증정),https://www.oliveyoung.co.kr/store/goods/getGoodsDetail.do?goodsNo=A000000184697&dispCatNo=90000010009&trackingCd=Best_Sellingbest&t_page=랭킹&t_click=판매랭킹_맨즈케어_상품상세&t_number=18
맨즈케어,19,갸스비,갸스비 셋&킵 슈퍼하드 스프레이 263ml (레귤러),https://www.oliveyoung.co.kr/store/goods/getGoodsDetail.do?goodsNo=A000000009020&dispCatNo=90000010009&trackingCd=Best_Sellingbest&t_page=랭킹&t_click=판매랭킹_맨즈케어_상품상세&t_number=19
맨즈케어,20,우르오스,우르오스 스킨로션 200ml,https://www.oliveyoung.co.kr/store/goods/getGoodsDetail.do?goodsNo=A000000006564&dispCatNo=90000010009&trackingCd=Best_Sellingbest&t_page=랭킹&t_click=판매랭킹_맨즈케어_상품상세&t_number=20
맨즈케어,21,질레트,질레트 랩스 딥클렌징바 면도날 [4입/8입/10입],https://www.oliveyoung.co.kr/store/goods/getGoodsDetail.do?goodsNo=A000000203644&dispCatNo=90000010009&trackingCd=Best_Sellingbest&t_page=랭킹&t_click=판매랭킹_맨즈케어_상품상세&t_number=21
맨즈케어,22,다슈,[종석 Pick]다슈 포맨 프리미엄 메가 홀드 슈퍼 스프레이 250ml,https://www.oliveyoung.co.kr/store/goods/getGoodsDetail.do?goodsNo=A000000012910&dispCatNo=90000010009&trackingCd=Best_Sellingbest&t_page=랭킹&t_click=판매랭킹_맨즈케어_상품상세&t_number=22
맨즈케어,23,아이디얼포맨,아이디얼 포맨 니플 밴드(투명) 72매입 [36회분],https://www.oliveyoung.co.kr/store/goods/getGoodsDetail.do?goodsNo=A000000183226&dispCatNo=90000010009&trackingCd=Best_Sellingbest&t_page=랭킹&t_click=판매랭킹_맨즈케어_상품상세&t_number=23
맨즈케어,24,라운드랩,라운드랩 포 맨 1025 독도 올인원 플루이드 200ml,https://www.oliveyoung.co.kr/store/goods/getGoodsDetail.do?goodsNo=A000000183230&dispCatNo=90000010009&trackingCd=Best_Sellingbest&t_page=랭킹&t_click=판매랭킹_맨즈케어_상품상세&t_number=24
맨즈케어,25,닥터지,[6월올영픽]닥터지 레드 블레미쉬 포 맨 올인원 오일컷 로션 150ml 기획(+30ml 추가증정),https://www.oliveyoung.co.kr/store/goods/getGoodsDetail.do?goodsNo=A000000185235&dispCatNo=90000010009&trackingCd=Best_Sellingbest&t_page=랭킹&t_click=판매랭킹_맨즈케어_상품상세&t_number=25
맨즈케어,26,랩시리즈,랩시리즈 파워 프로텍터 선스크린 SPF50 PA+++ 100ml,https://www.oliveyoung.co.kr/store/goods/getGoodsDetail.do?goodsNo=A000000158116&dispCatNo=90000010009&trackingCd=Best_Sellingbest&t_page=랭킹&t_click=판매랭킹_맨즈케어_상품상세&t_number=26
맨즈케어,27,다슈,[종석 Pick]다슈 클래식 스타일 그루밍 토닉 펌프 기획세트(+100ml증정),https://www.oliveyoung.co.kr/store/goods/getGoodsDetail.do?goodsNo=A000000182576&dispCatNo=90000010009&trackingCd=Best_Sellingbest&t_page=랭킹&t_click=판매랭킹_맨즈케어_상품상세&t_number=27
맨즈케어,28,다슈,다슈 맨즈 매직커버 니플밴드 더블 기획 (52매+52매),https://www.oliveyoung.co.kr/store/goods/getGoodsDetail.do?goodsNo=A000000143150&dispCatNo=90000010009&trackingCd=Best_Sellingbest&t_page=랭킹&t_click=판매랭킹_맨즈케어_상품상세&t_number=28
맨즈케어,29,비레디,[100개특가][트러블진정]비레디 시카페인 트러블 리셋 세럼 40ml 기획 (+크림 20ml*2 증정),https://www.oliveyoung.co.kr/store/goods/getGoodsDetail.do?goodsNo=A000000198624&dispCatNo=90000010009&trackingCd=Best_Sellingbest&t_page=랭킹&t_click=판매랭킹_맨즈케어_상품상세&t_number=29
맨즈케어,30,우르오스,우르오스 스킨밀크 200ml,https://www.oliveyoung.co.kr/store/goods/getGoodsDetail.do?goodsNo=A000000006565&dispCatNo=90000010009&trackingCd=Best_Sellingbest&t_page=랭킹&t_click=판매랭킹_맨즈케어_상품상세&t_number=30
맨즈케어,31,다슈,다슈 데일리 퍼펙트 다운텍 오리지널 단품/기획 (+메가홀드 스프레이 100ml),https://www.oliveyoung.co.kr/store/goods/getGoodsDetail.do?goodsNo=A000000205861&dispCatNo=90000010009&trackingCd=Best_Sellingbest&t_page=랭킹&t_click=판매랭킹_맨즈케어_상품상세&t_number=31
맨즈케어,32,캘빈클라인,CK 캘빈클라인 One EDT 택1(50ml/100ml/200ml/100ml기획),https://www.oliveyoung.co.kr/store/goods/getGoodsDetail.do?goodsNo=A000000128148&dispCatNo=90000010009&trackingCd=Best_Sellingbest&t_page=랭킹&t_click=판매랭킹_맨즈케어_상품상세&t_number=32
맨즈케어,33,아이디얼포맨,아이디얼 포 맨 시카 흔적 올인원 HDEX콜라보 더블기획,https://www.oliveyoung.co.kr/store/goods/getGoodsDetail.do?goodsNo=A000000198878&dispCatNo=90000010009&trackingCd=Best_Sellingbest&t_page=랭킹&t_click=판매랭킹_맨즈케어_상품상세&t_number=33
맨즈케어,34,아이오페,[단독기획] 아이오페 맨 프로 레티놀 올인원 120ml 기획 (+30ml),https://www.oliveyoung.co.kr/store/goods/getGoodsDetail.do?goodsNo=A000000199270&dispCatNo=90000010009&trackingCd=Best_Sellingbest&t_page=랭킹&t_click=판매랭킹_맨즈케어_상품상세&t_number=34
맨즈케어,35,다슈,[종석 Pick]다슈 프로 에어리 폴리쉬 오일 100ml 기획세트(+10ml 증정),https://www.oliveyoung.co.kr/store/goods/getGoodsDetail.do?goodsNo=A000000182577&dispCatNo=90000010009&trackingCd=Best_Sellingbest&t_page=랭킹&t_click=판매랭킹_맨즈케어_상품상세&t_number=35
맨즈케어,36,질레트,질레트 랩스 딥클렌징바 면도날 8개입,https://www.oliveyoung.co.kr/store/goods/getGoodsDetail.do?goodsNo=A000000199500&dispCatNo=90000010009&trackingCd=Best_Sellingbest&t_page=랭킹&t_click=판매랭킹_맨즈케어_상품상세&t_number=36
맨즈케어,37,포뷰트,포뷰트 쉐도우 헤어브러쉬 기획(+컬크림 150ml+그루밍토닉 16ml),https://www.oliveyoung.co.kr/store/goods/getGoodsDetail.do?goodsNo=A000000204182&dispCatNo=90000010009&trackingCd=Best_Sellingbest&t_page=랭킹&t_click=판매랭킹_맨즈케어_상품상세&t_number=37
맨즈케어,38,비레디,비레디 생기 립밤 3g 2종,https://www.oliveyoung.co.kr/store/goods/getGoodsDetail.do?goodsNo=A000000137549&dispCatNo=90000010009&trackingCd=Best_Sellingbest&t_page=랭킹&t_click=판매랭킹_맨즈케어_상품상세&t_number=38
맨즈케어,39,포맨트,[1등향수]포맨트 시그니처 퍼퓸 50ml 2종 택1 (코튼키스/코튼허그),https://www.oliveyoung.co.kr/store/goods/getGoodsDetail.do?goodsNo=A000000163607&dispCatNo=90000010009&trackingCd=Best_Sellingbest&t_page=랭킹&t_click=판매랭킹_맨즈케어_상품상세&t_number=39
맨즈케어,40,비레디,비레디 트루 톤 로션 33ml 리필 어워즈 한정기획 (본품+리필),https://www.oliveyoung.co.kr/store/goods/getGoodsDetail.do?goodsNo=A000000192866&dispCatNo=90000010009&trackingCd=Best_Sellingbest&t_page=랭킹&t_click=판매랭킹_맨즈케어_상품상세&t_number=40
맨즈케어,41,비레디,[100개특가]비레디 블루쿠션&립밤 기획세트 3종 택1 (블루쿠션+내추럴 생기립밤),https://www.oliveyoung.co.kr/store/goods/getGoodsDetail.do?goodsNo=A000000204453&dispCatNo=90000010009&trackingCd=Best_Sellingbest&t_page=랭킹&t_click=판매랭킹_맨즈케어_상품상세&t_number=41
맨즈케어,42,질레트,[리뉴얼] 질레트 프로쉴드 옐로우 파워 면도기 핸들+1입날,https://www.oliveyoung.co.kr/store/goods/getGoodsDetail.do?goodsNo=A000000205930&dispCatNo=90000010009&trackingCd=Best_Sellingbest&t_page=랭킹&t_click=판매랭킹_맨즈케어_상품상세&t_number=42
맨즈케어,43,아이디얼포맨,아이디얼 포 맨 베러톤 커버로션 40mL (1호/2호/3호),https://www.oliveyoung.co.kr/store/goods/getGoodsDetail.do?goodsNo=A000000202403&dispCatNo=90000010009&trackingCd=Best_Sellingbest&t_page=랭킹&t_click=판매랭킹_맨즈케어_상품상세&t_number=43
맨즈케어,44,우르오스,[옥택연Pick]우르오스 스킨워시 500ml,https://www.oliveyoung.co.kr/store/goods/getGoodsDetail.do?goodsNo=A000000006563&dispCatNo=90000010009&trackingCd=Best_Sellingbest&t_page=랭킹&t_click=판매랭킹_맨즈케어_상품상세&t_number=44
맨즈케어,45,라운드랩,라운드랩 포 맨 소나무 진정 시카 토너 200ml,https://www.oliveyoung.co.kr/store/goods/getGoodsDetail.do?goodsNo=A000000199153&dispCatNo=90000010009&trackingCd=Best_Sellingbest&t_page=랭킹&t_click=판매랭킹_맨즈케어_상품상세&t_number=45
맨즈케어,46,포맨트,포맨트 올인원 퍼퓸샤워 500ml (코튼허그),https://www.oliveyoung.co.kr/store/goods/getGoodsDetail.do?goodsNo=A000000154400&dispCatNo=90000010009&trackingCd=Best_Sellingbest&t_page=랭킹&t_click=판매랭킹_맨즈케어_상품상세&t_number=46
맨즈케어,47,아이디얼포맨,아이디얼 포맨 올인원 4종(퍼펙트/시카/프레시/선디펜스),https://www.oliveyoung.co.kr/store/goods/getGoodsDetail.do?goodsNo=A000000176225&dispCatNo=90000010009&trackingCd=Best_Sellingbest&t_page=랭킹&t_click=판매랭킹_맨즈케어_상품상세&t_number=47
맨즈케어,48,히든,히든 퍼퓸 스프레이 바디로션 단품/기획 5종,https://www.oliveyoung.co.kr/store/goods/getGoodsDetail.do?goodsNo=A000000182127&dispCatNo=90000010009&trackingCd=Best_Sellingbest&t_page=랭킹&t_click=판매랭킹_맨즈케어_상품상세&t_number=48
맨즈케어,49,다슈,다슈 데일리 웨트 컬크림 150ml 기획 (+웨트 컬크림 30ml),https://www.oliveyoung.co.kr/store/goods/getGoodsDetail.do?goodsNo=A000000205968&dispCatNo=90000010009&trackingCd=Best_Sellingbest&t_page=랭킹&t_click=판매랭킹_맨즈케어_상품상세&t_number=49
맨즈케어,50,포뷰트,포뷰트 데미지리스 미디움 고데기,https://www.oliveyoung.co.kr/store/goods/getGoodsDetail.do?goodsNo=A000000202544&dispCatNo=90000010009&trackingCd=Best_Sellingbest&t_page=랭킹&t_click=판매랭킹_맨즈케어_상품상세&t_number=50
맨즈케어,51,오브제,[덱스 PICK]오브제 무드체인지 립밤 3g 2종 택1,https://www.oliveyoung.co.kr/store/goods/getGoodsDetail.do?goodsNo=A000000161007&dispCatNo=90000010009&trackingCd=Best_Sellingbest&t_page=랭킹&t_click=판매랭킹_맨즈케어_상품상세&t_number=51
맨즈케어,52,비레디,[NEW] 비레디 블루 쿠션(리필) 15g,https://www.oliveyoung.co.kr/store/goods/getGoodsDetail.do?goodsNo=A000000167433&dispCatNo=90000010009&trackingCd=Best_Sellingbest&t_page=랭킹&t_click=판매랭킹_맨즈케어_상품상세&t_number=52
맨즈케어,53,듀이셀,듀이셀 트루빔 파운데이션 12g,https://www.oliveyoung.co.kr/store/goods/getGoodsDetail.do?goodsNo=A000000204825&dispCatNo=90000010009&trackingCd=Best_Sellingbest&t_page=랭킹&t_click=판매랭킹_맨즈케어_상품상세&t_number=53
맨즈케어,54,닥터지,[선물세트] 닥터지 레드 블레미쉬 포 맨 토너/플루이드 2종세트,https://www.oliveyoung.co.kr/store/goods/getGoodsDetail.do?goodsNo=A000000165623&dispCatNo=90000010009&trackingCd=Best_Sellingbest&t_page=랭킹&t_click=판매랭킹_맨즈케어_상품상세&t_number=54
맨즈케어,55,다슈,[6월 올영픽]다슈 맨즈 컬러 체인지 립밤 쿨톤/웜톤 4g,https://www.oliveyoung.co.kr/store/goods/getGoodsDetail.do?goodsNo=A000000189058&dispCatNo=90000010009&trackingCd=Best_Sellingbest&t_page=랭킹&t_click=판매랭킹_맨즈케어_상품상세&t_number=55
맨즈케어,56,라운드랩,라운드랩 포 맨 자작나무 수분 크림 75ml,https://www.oliveyoung.co.kr/store/goods/getGoodsDetail.do?goodsNo=A000000163496&dispCatNo=90000010009&trackingCd=Best_Sellingbest&t_page=랭킹&t_click=판매랭킹_맨즈케어_상품상세&t_number=56
맨즈케어,57,랄프로렌,랄프로렌 폴로 어스 프로빈셜세이지 EDT 100ml,https://www.oliveyoung.co.kr/store/goods/getGoodsDetail.do?goodsNo=A000000187754&dispCatNo=90000010009&trackingCd=Best_Sellingbest&t_page=랭킹&t_click=판매랭킹_맨즈케어_상품상세&t_number=57
맨즈케어,58,우르오스,우르오스 페이스워시 더블 기획(+페이스워시 8g) (2405),https://www.oliveyoung.co.kr/store/goods/getGoodsDetail.do?goodsNo=A000000205092&dispCatNo=90000010009&trackingCd=Best_Sellingbest&t_page=랭킹&t_click=판매랭킹_맨즈케어_상품상세&t_number=58
맨즈케어,59,다슈,[종석 Pick]다슈 포맨 밤부 포레스트 메가 하드 스프레이 180ml,https://www.oliveyoung.co.kr/store/goods/getGoodsDetail.do?goodsNo=A000000161439&dispCatNo=90000010009&trackingCd=Best_Sellingbest&t_page=랭킹&t_click=판매랭킹_맨즈케어_상품상세&t_number=59
맨즈케어,60,다슈,다슈 포 맨 퍼펙트 다운텍 오리지널,https://www.oliveyoung.co.kr/store/goods/getGoodsDetail.do?goodsNo=A000000200280&dispCatNo=90000010009&trackingCd=Best_Sellingbest&t_page=랭킹&t_click=판매랭킹_맨즈케어_상품상세&t_number=60
맨즈케어,61,클럽맨피노드,클럽맨피노드 오리지날 에프터쉐이브로션 177ml,https://www.oliveyoung.co.kr/store/goods/getGoodsDetail.do?goodsNo=A000000124507&dispCatNo=90000010009&trackingCd=Best_Sellingbest&t_page=랭킹&t_click=판매랭킹_맨즈케어_상품상세&t_number=61
맨즈케어,62,폴미첼,[NEW] 폴미첼 프리즈 앤 샤인 슈퍼 스프레이 250ml 기획세트(+100ml 증정),https://www.oliveyoung.co.kr/store/goods/getGoodsDetail.do?goodsNo=A000000190610&dispCatNo=90000010009&trackingCd=Best_Sellingbest&t_page=랭킹&t_click=판매랭킹_맨즈케어_상품상세&t_number=62
맨즈케어,63,필립스,필립스 그루밍 멀티 트리머(NT3650/16),https://www.oliveyoung.co.kr/store/goods/getGoodsDetail.do?goodsNo=A000000146594&dispCatNo=90000010009&trackingCd=Best_Sellingbest&t_page=랭킹&t_click=판매랭킹_맨즈케어_상품상세&t_number=63
맨즈케어,64,청담남자,청담남자 프리미엄 헤어 스프레이 하드픽서 200ml,https://www.oliveyoung.co.kr/store/goods/getGoodsDetail.do?goodsNo=A000000190030&dispCatNo=90000010009&trackingCd=Best_Sellingbest&t_page=랭킹&t_click=판매랭킹_맨즈케어_상품상세&t_number=64
맨즈케어,65,포맨트,[1등향수]포맨트 시그니처 퍼퓸 50ml (코튼허그),https://www.oliveyoung.co.kr/store/goods/getGoodsDetail.do?goodsNo=A000000161747&dispCatNo=90000010009&trackingCd=Best_Sellingbest&t_page=랭킹&t_click=판매랭킹_맨즈케어_상품상세&t_number=65
맨즈케어,66,그라펜,[환승연애규민PICK] 그라펜 타투 퍼퓸 50ml 4종 택1 (원우드/레몬/니스빌/레더),https://www.oliveyoung.co.kr/store/goods/getGoodsDetail.do?goodsNo=A000000191214&dispCatNo=90000010009&trackingCd=Best_Sellingbest&t_page=랭킹&t_click=판매랭킹_맨즈케어_상품상세&t_number=66
맨즈케어,67,무슈제이,[모공케어/정우성 PICK] 무슈제이 레티놀로지 데일리 리페어 (로션/에센스) 택 1,https://www.oliveyoung.co.kr/store/goods/getGoodsDetail.do?goodsNo=A000000200572&dispCatNo=90000010009&trackingCd=Best_Sellingbest&t_page=랭킹&t_click=판매랭킹_맨즈케어_상품상세&t_number=67
맨즈케어,68,클럽맨피노드,클럽맨피노드 오데포르투갈 헤어토닉 370ml,https://www.oliveyoung.co.kr/store/goods/getGoodsDetail.do?goodsNo=A000000167851&dispCatNo=90000010009&trackingCd=Best_Sellingbest&t_page=랭킹&t_click=판매랭킹_맨즈케어_상품상세&t_number=68
맨즈케어,69,아이소이,[단독기획] 아이소이 포맨 아크니 닥터 올인원 듀오 기획(+진정 올인원 15ml+아쿠아수딩토너 150ml) (온),https://www.oliveyoung.co.kr/store/goods/getGoodsDetail.do?goodsNo=A000000198347&dispCatNo=90000010009&trackingCd=Best_Sellingbest&t_page=랭킹&t_click=판매랭킹_맨즈케어_상품상세&t_number=69
맨즈케어,70,라운드랩,[6월 올영픽/100개특가] 라운드랩 포 맨 자작나무 수분 토너 200ml,https://www.oliveyoung.co.kr/store/goods/getGoodsDetail.do?goodsNo=A000000163493&dispCatNo=90000010009&trackingCd=Best_Sellingbest&t_page=랭킹&t_click=판매랭킹_맨즈케어_상품상세&t_number=70
맨즈케어,71,질레트,[리뉴얼] 질레트 스킨텍 면도날 16입,https://www.oliveyoung.co.kr/store/goods/getGoodsDetail.do?goodsNo=A000000205926&dispCatNo=90000010009&trackingCd=Best_Sellingbest&t_page=랭킹&t_click=판매랭킹_맨즈케어_상품상세&t_number=71
맨즈케어,72,포맨트,포맨트 퍼퓸 바디로션 300ml (코튼허그),https://www.oliveyoung.co.kr/store/goods/getGoodsDetail.do?goodsNo=A000000162186&dispCatNo=90000010009&trackingCd=Best_Sellingbest&t_page=랭킹&t_click=판매랭킹_맨즈케어_상품상세&t_number=72
맨즈케어,73,포맨트,[6월 올영픽]포맨트 올인원 퍼퓸샤워 500ml (3종 택1),https://www.oliveyoung.co.kr/store/goods/getGoodsDetail.do?goodsNo=A000000167168&dispCatNo=90000010009&trackingCd=Best_Sellingbest&t_page=랭킹&t_click=판매랭킹_맨즈케어_상품상세&t_number=73
맨즈케어,74,오브제,"[덱스 PICK] 오브제 내추럴 커버 파운데이션 13g (SPF50+, PA++++)",https://www.oliveyoung.co.kr/store/goods/getGoodsDetail.do?goodsNo=A000000161010&dispCatNo=90000010009&trackingCd=Best_Sellingbest&t_page=랭킹&t_click=판매랭킹_맨즈케어_상품상세&t_number=74
맨즈케어,75,랩시리즈,랩시리즈 데일리 레스큐 에너자이징 젤크림 50ml,https://www.oliveyoung.co.kr/store/goods/getGoodsDetail.do?goodsNo=A000000165632&dispCatNo=90000010009&trackingCd=Best_Sellingbest&t_page=랭킹&t_click=판매랭킹_맨즈케어_상품상세&t_number=75
맨즈케어,76,비오템 옴므,비오템 옴므 티쀼르 토너 200ml,https://www.oliveyoung.co.kr/store/goods/getGoodsDetail.do?goodsNo=A000000137417&dispCatNo=90000010009&trackingCd=Best_Sellingbest&t_page=랭킹&t_click=판매랭킹_맨즈케어_상품상세&t_number=76
맨즈케어,77,라운드랩,[보습진정] 라운드랩 포 맨 소나무 진정 토너/크림 2종세트(+클렌저 40ml 증정),https://www.oliveyoung.co.kr/store/goods/getGoodsDetail.do?goodsNo=A000000199169&dispCatNo=90000010009&trackingCd=Best_Sellingbest&t_page=랭킹&t_click=판매랭킹_맨즈케어_상품상세&t_number=77
맨즈케어,78,라운드랩,[보습충전] 라운드랩 포 맨 자작나무 토너/크림 2종세트 (+쉐이빙폼 40ml 증정),https://www.oliveyoung.co.kr/store/goods/getGoodsDetail.do?goodsNo=A000000195970&dispCatNo=90000010009&trackingCd=Best_Sellingbest&t_page=랭킹&t_click=판매랭킹_맨즈케어_상품상세&t_number=78
맨즈케어,79,그라펜,[누적판매130만] 그라펜 트리플립 핸섬립/컬러립/립센스/네이키드 립밤 (4종 택1),https://www.oliveyoung.co.kr/store/goods/getGoodsDetail.do?goodsNo=A000000200228&dispCatNo=90000010009&trackingCd=Best_Sellingbest&t_page=랭킹&t_click=판매랭킹_맨즈케어_상품상세&t_number=79
맨즈케어,80,포뷰트,포뷰트 머슬러 헤어 드라이기,https://www.oliveyoung.co.kr/store/goods/getGoodsDetail.do?goodsNo=A000000188177&dispCatNo=90000010009&trackingCd=Best_Sellingbest&t_page=랭킹&t_click=판매랭킹_맨즈케어_상품상세&t_number=80
맨즈케어,81,커리쉴,[NEW] 커리쉴 새틴 앤 에어리 스프레이 300ml,https://www.oliveyoung.co.kr/store/goods/getGoodsDetail.do?goodsNo=A000000204214&dispCatNo=90000010009&trackingCd=Best_Sellingbest&t_page=랭킹&t_click=판매랭킹_맨즈케어_상품상세&t_number=81
맨즈케어,82,브라운,브라운 시리즈X 면도기 M1012 블랙 (휴대용),https://www.oliveyoung.co.kr/store/goods/getGoodsDetail.do?goodsNo=A000000162970&dispCatNo=90000010009&trackingCd=Best_Sellingbest&t_page=랭킹&t_click=판매랭킹_맨즈케어_상품상세&t_number=82
맨즈케어,83,갸스비,갸스비 무빙러버 스파이키엣지 초강력 왁스 80g,https://www.oliveyoung.co.kr/store/goods/getGoodsDetail.do?goodsNo=A000000000997&dispCatNo=90000010009&trackingCd=Best_Sellingbest&t_page=랭킹&t_click=판매랭킹_맨즈케어_상품상세&t_number=83
맨즈케어,84,커리쉴,커리쉴 퍼펙션 컬크림 150ml 기획(+미니어처 30ml),https://www.oliveyoung.co.kr/store/goods/getGoodsDetail.do?goodsNo=A000000204208&dispCatNo=90000010009&trackingCd=Best_Sellingbest&t_page=랭킹&t_click=판매랭킹_맨즈케어_상품상세&t_number=84
맨즈케어,85,비레디,비레디 블루쿠션 SPF 34 PA++/15g (본품/리필 택1),https://www.oliveyoung.co.kr/store/goods/getGoodsDetail.do?goodsNo=A000000167431&dispCatNo=90000010009&trackingCd=Best_Sellingbest&t_page=랭킹&t_click=판매랭킹_맨즈케어_상품상세&t_number=85
맨즈케어,86,비레디,비레디 시카페인 트러블리셋 토너 250ml (+토너 50ml),https://www.oliveyoung.co.kr/store/goods/getGoodsDetail.do?goodsNo=A000000206289&dispCatNo=90000010009&trackingCd=Best_Sellingbest&t_page=랭킹&t_click=판매랭킹_맨즈케어_상품상세&t_number=86
맨즈케어,87,아이오페,"[NEW] 아이오페 맨 컴파운드 선스크린 50ml (SPF 50+, PA++++)",https://www.oliveyoung.co.kr/store/goods/getGoodsDetail.do?goodsNo=A000000191180&dispCatNo=90000010009&trackingCd=Best_Sellingbest&t_page=랭킹&t_click=판매랭킹_맨즈케어_상품상세&t_number=87
맨즈케어,88,플리프,플리프 시카-알로에 카밍 올인원 로션 (200ml+50ml),https://www.oliveyoung.co.kr/store/goods/getGoodsDetail.do?goodsNo=A000000145840&dispCatNo=90000010009&trackingCd=Best_Sellingbest&t_page=랭킹&t_click=판매랭킹_맨즈케어_상품상세&t_number=88
맨즈케어,89,비레디,비레디 블루 파운데이션 35ml 02 2종 기획 (파운데이션+피카소 스파출라) (2311),https://www.oliveyoung.co.kr/store/goods/getGoodsDetail.do?goodsNo=A000000196119&dispCatNo=90000010009&trackingCd=Best_Sellingbest&t_page=랭킹&t_click=판매랭킹_맨즈케어_상품상세&t_number=89
맨즈케어,90,캘빈클라인,CK 캘빈클라인 비 EDT 3종 택1 (50ml/100ml/200ml),https://www.oliveyoung.co.kr/store/goods/getGoodsDetail.do?goodsNo=A000000135301&dispCatNo=90000010009&trackingCd=Best_Sellingbest&t_page=랭킹&t_click=판매랭킹_맨즈케어_상품상세&t_number=90
맨즈케어,91,질레트,[리뉴얼] 질레트 스킨텍 면도날 4입,https://www.oliveyoung.co.kr/store/goods/getGoodsDetail.do?goodsNo=A000000205923&dispCatNo=90000010009&trackingCd=Best_Sellingbest&t_page=랭킹&t_click=판매랭킹_맨즈케어_상품상세&t_number=91
맨즈케어,92,아크네스,아크네스 포맨 퍼펙트 올인원 기획 (본품200ml+폼클렌저150g 증정),https://www.oliveyoung.co.kr/store/goods/getGoodsDetail.do?goodsNo=A000000150214&dispCatNo=90000010009&trackingCd=Best_Sellingbest&t_page=랭킹&t_click=판매랭킹_맨즈케어_상품상세&t_number=92
맨즈케어,93,라끄베르,라끄베르 옴므 리차지 올인원 에센스 150ml 1+1 기획,https://www.oliveyoung.co.kr/store/goods/getGoodsDetail.do?goodsNo=A000000203992&dispCatNo=90000010009&trackingCd=Best_Sellingbest&t_page=랭킹&t_click=판매랭킹_맨즈케어_상품상세&t_number=93
맨즈케어,94,그라펜,그라펜 볼륨업 휘핑 토닉 250ml/100ml (2종 택1),https://www.oliveyoung.co.kr/store/goods/getGoodsDetail.do?goodsNo=A000000204124&dispCatNo=90000010009&trackingCd=Best_Sellingbest&t_page=랭킹&t_click=판매랭킹_맨즈케어_상품상세&t_number=94
맨즈케어,95,오브제,[덱스 PICK]오브제 퍼펙트 옴므 쿠션 15g (SPF50+PA++++),https://www.oliveyoung.co.kr/store/goods/getGoodsDetail.do?goodsNo=A000000161006&dispCatNo=90000010009&trackingCd=Best_Sellingbest&t_page=랭킹&t_click=판매랭킹_맨즈케어_상품상세&t_number=95
맨즈케어,96,니베아,니베아 맨 센서티브 쉐이빙 폼 더블 기획 (200ml+200ml),https://www.oliveyoung.co.kr/store/goods/getGoodsDetail.do?goodsNo=A000000200149&dispCatNo=90000010009&trackingCd=Best_Sellingbest&t_page=랭킹&t_click=판매랭킹_맨즈케어_상품상세&t_number=96
맨즈케어,97,다비도프,[NEW] 다비도프 쿨워터 맨 EDT 125ml 기획(+향수공병+리필스틱),https://www.oliveyoung.co.kr/store/goods/getGoodsDetail.do?goodsNo=A000000183807&dispCatNo=90000010009&trackingCd=Best_Sellingbest&t_page=랭킹&t_click=판매랭킹_맨즈케어_상품상세&t_number=97
맨즈케어,98,질레트,질레트 프로쉴드 옐로우 면도날 8개입,https://www.oliveyoung.co.kr/store/goods/getGoodsDetail.do?goodsNo=A000000199501&dispCatNo=90000010009&trackingCd=Best_Sellingbest&t_page=랭킹&t_click=판매랭킹_맨즈케어_상품상세&t_number=98
맨즈케어,99,질레트,질레트 대용량 면도날 16개입 (옐로우/칠/스킨텍),https://www.oliveyoung.co.kr/store/goods/getGoodsDetail.do?goodsNo=A000000174119&dispCatNo=90000010009&trackingCd=Best_Sellingbest&t_page=랭킹&t_click=판매랭킹_맨즈케어_상품상세&t_number=99
맨즈케어,100,아이오페,아이오페 맨 올데이 퍼펙트 톤업 올인원 120ml 기획(+30ml),https://www.oliveyoung.co.kr/store/goods/getGoodsDetail.do?goodsNo=A000000206008&dispCatNo=90000010009&trackingCd=Best_Sellingbest&t_page=랭킹&t_click=판매랭킹_맨즈케어_상품상세&t_number=100
향수/디퓨저,1,아뜰리에페이,[6/1 하루특가] 아뜰리에페이 퍼퓸 5종 택 1,https://www.oliveyoung.co.kr/store/goods/getGoodsDetail.do?goodsNo=A000000202395&dispCatNo=90000010009&trackingCd=Best_Sellingbest&t_page=랭킹&t_click=판매랭킹_향수/디퓨저_상품상세&t_number=1
향수/디퓨저,2,포맨트,[1등향수] 포맨트 시그니처 퍼퓸 코튼허그 50ml 한정기획(미니어처 5ml 증정),https://www.oliveyoung.co.kr/store/goods/getGoodsDetail.do?goodsNo=A000000175449&dispCatNo=90000010009&trackingCd=Best_Sellingbest&t_page=랭킹&t_click=판매랭킹_향수/디퓨저_상품상세&t_number=2
향수/디퓨저,3,에이딕트,에이딕트 잇더피치 EDP 50ml,https://www.oliveyoung.co.kr/store/goods/getGoodsDetail.do?goodsNo=A000000154881&dispCatNo=90000010009&trackingCd=Best_Sellingbest&t_page=랭킹&t_click=판매랭킹_향수/디퓨저_상품상세&t_number=3
향수/디퓨저,4,존바바토스,존바바토스 아티산 EDT (40ml/75ml/125ml/기획),https://www.oliveyoung.co.kr/store/goods/getGoodsDetail.do?goodsNo=A000000144484&dispCatNo=90000010009&trackingCd=Best_Sellingbest&t_page=랭킹&t_click=판매랭킹_향수/디퓨저_상품상세&t_number=4
향수/디퓨저,5,센녹,[NEW]센녹 퍼퓸 애프터 배스 50ml,https://www.oliveyoung.co.kr/store/goods/getGoodsDetail.do?goodsNo=A000000199463&dispCatNo=90000010009&trackingCd=Best_Sellingbest&t_page=랭킹&t_click=판매랭킹_향수/디퓨저_상품상세&t_number=5
향수/디퓨저,6,롱테이크,롱테이크 EDP 30ML 증정기획 3종(샌달우드/블랙티/바질) 택 1,https://www.oliveyoung.co.kr/store/goods/getGoodsDetail.do?goodsNo=A000000189934&dispCatNo=90000010009&trackingCd=Best_Sellingbest&t_page=랭킹&t_click=판매랭킹_향수/디퓨저_상품상세&t_number=6
향수/디퓨저,7,센녹,[NEW]센녹 퍼퓸 3종 택1(애프터배스/슬로우셉템버/솝클린솝),https://www.oliveyoung.co.kr/store/goods/getGoodsDetail.do?goodsNo=A000000204767&dispCatNo=90000010009&trackingCd=Best_Sellingbest&t_page=랭킹&t_click=판매랭킹_향수/디퓨저_상품상세&t_number=7
향수/디퓨저,8,센녹,[단독선런칭]센녹 퍼퓸 솝 클린 솝 50ml,https://www.oliveyoung.co.kr/store/goods/getGoodsDetail.do?goodsNo=A000000204740&dispCatNo=90000010009&trackingCd=Best_Sellingbest&t_page=랭킹&t_click=판매랭킹_향수/디퓨저_상품상세&t_number=8
향수/디퓨저,9,헤트라스,[1+1] 헤트라스 프리미엄 대용량 디퓨저 500ml 2개입 5종 택1,https://www.oliveyoung.co.kr/store/goods/getGoodsDetail.do?goodsNo=A000000169593&dispCatNo=90000010009&trackingCd=Best_Sellingbest&t_page=랭킹&t_click=판매랭킹_향수/디퓨저_상품상세&t_number=9
향수/디퓨저,10,슬로우허밍,[NEW] 슬로우허밍 우디너리 릴리프 퍼퓸밤 6g 레이크포그,https://www.oliveyoung.co.kr/store/goods/getGoodsDetail.do?goodsNo=A000000205274&dispCatNo=90000010009&trackingCd=Best_Sellingbest&t_page=랭킹&t_click=판매랭킹_향수/디퓨저_상품상세&t_number=10
향수/디퓨저,11,라운드어라운드,[1+1]라운드어라운드 포레스트 디퓨저 4종 택1 (+솝 증정),https://www.oliveyoung.co.kr/store/goods/getGoodsDetail.do?goodsNo=A000000164936&dispCatNo=90000010009&trackingCd=Best_Sellingbest&t_page=랭킹&t_click=판매랭킹_향수/디퓨저_상품상세&t_number=11
향수/디퓨저,12,포맨트,[NEW]포맨트 시그니처 퍼퓸 코튼배쓰 50ml 기획 (+핸드크림 30ml 증정),https://www.oliveyoung.co.kr/store/goods/getGoodsDetail.do?goodsNo=A000000199212&dispCatNo=90000010009&trackingCd=Best_Sellingbest&t_page=랭킹&t_click=판매랭킹_향수/디퓨저_상품상세&t_number=12
향수/디퓨저,13,랑방,랑방 레 플레르 드 랑방 50ml (단품/기획),https://www.oliveyoung.co.kr/store/goods/getGoodsDetail.do?goodsNo=A000000163260&dispCatNo=90000010009&trackingCd=Best_Sellingbest&t_page=랭킹&t_click=판매랭킹_향수/디퓨저_상품상세&t_number=13
향수/디퓨저,14,헉슬리,[단품/기획] 헉슬리 퍼퓸 모로칸 가드너 15ml,https://www.oliveyoung.co.kr/store/goods/getGoodsDetail.do?goodsNo=A000000176262&dispCatNo=90000010009&trackingCd=Best_Sellingbest&t_page=랭킹&t_click=판매랭킹_향수/디퓨저_상품상세&t_number=14
향수/디퓨저,15,헉슬리,헉슬리 퍼퓸 15ml 단품/기획(+왁스타블렛) 6종 택1,https://www.oliveyoung.co.kr/store/goods/getGoodsDetail.do?goodsNo=A000000176260&dispCatNo=90000010009&trackingCd=Best_Sellingbest&t_page=랭킹&t_click=판매랭킹_향수/디퓨저_상품상세&t_number=15
향수/디퓨저,16,모멘센트,[베령BELL PICK] [NEW] 모멘센트 크림퍼퓸 30ml 3종 택1 (님트리/레인보우온즈/르몽쿠아),https://www.oliveyoung.co.kr/store/goods/getGoodsDetail.do?goodsNo=A000000203277&dispCatNo=90000010009&trackingCd=Best_Sellingbest&t_page=랭킹&t_click=판매랭킹_향수/디퓨저_상품상세&t_number=16
향수/디퓨저,17,에이딕트,에이딕트 솔리드&오드 퍼퓸 중 택1,https://www.oliveyoung.co.kr/store/goods/getGoodsDetail.do?goodsNo=A000000189062&dispCatNo=90000010009&trackingCd=Best_Sellingbest&t_page=랭킹&t_click=판매랭킹_향수/디퓨저_상품상세&t_number=17
향수/디퓨저,18,랑방,랑방 에끌라 드 아르페쥬 EDP 30ml/50ml (단품/기획),https://www.oliveyoung.co.kr/store/goods/getGoodsDetail.do?goodsNo=A000000176516&dispCatNo=90000010009&trackingCd=Best_Sellingbest&t_page=랭킹&t_click=판매랭킹_향수/디퓨저_상품상세&t_number=18
향수/디퓨저,19,클린,클린 애플블로썸 EDP 60ml 포카내장기획(+ZB1 포토카드 3종 증정),https://www.oliveyoung.co.kr/store/goods/getGoodsDetail.do?goodsNo=A000000189893&dispCatNo=90000010009&trackingCd=Best_Sellingbest&t_page=랭킹&t_click=판매랭킹_향수/디퓨저_상품상세&t_number=19
향수/디퓨저,20,제니퍼로페즈,제니퍼로페즈 글로우 바이제이로 EDT 100ml 기획(+롤러볼 10ml 증정)(2402),https://www.oliveyoung.co.kr/store/goods/getGoodsDetail.do?goodsNo=A000000200391&dispCatNo=90000010009&trackingCd=Best_Sellingbest&t_page=랭킹&t_click=판매랭킹_향수/디퓨저_상품상세&t_number=20
향수/디퓨저,21,로이비,[리뷰이벤트] 로이비 오드퍼퓸 미니 18ml 2종 택1 (피오니 / 베르가못),https://www.oliveyoung.co.kr/store/goods/getGoodsDetail.do?goodsNo=A000000203682&dispCatNo=90000010009&trackingCd=Best_Sellingbest&t_page=랭킹&t_click=판매랭킹_향수/디퓨저_상품상세&t_number=21
향수/디퓨저,22,클린,[2023 어워즈] 클린 웜코튼 EDP 30ml 기획 (+롤러볼 10ml),https://www.oliveyoung.co.kr/store/goods/getGoodsDetail.do?goodsNo=A000000192526&dispCatNo=90000010009&trackingCd=Best_Sellingbest&t_page=랭킹&t_click=판매랭킹_향수/디퓨저_상품상세&t_number=22
향수/디퓨저,23,로맨띠끄,[NEW]로맨띠끄 블랙베리 퍼퓸 50ml,https://www.oliveyoung.co.kr/store/goods/getGoodsDetail.do?goodsNo=A000000152436&dispCatNo=90000010009&trackingCd=Best_Sellingbest&t_page=랭킹&t_click=판매랭킹_향수/디퓨저_상품상세&t_number=23
향수/디퓨저,24,나르시소 로드리게즈,[강혜원PICK/단독기획]나르시소 로드리게즈 베스트 컬렉션 기획 (퓨어머스크/크리스탈/머스크 누드/올오브미 택 1),https://www.oliveyoung.co.kr/store/goods/getGoodsDetail.do?goodsNo=A000000200411&dispCatNo=90000010009&trackingCd=Best_Sellingbest&t_page=랭킹&t_click=판매랭킹_향수/디퓨저_상품상세&t_number=24
향수/디퓨저,25,랑방,랑방 에끌라 드 아르페쥬 EDP 50ml 기획 (+4.5ml 에끌라 미니),https://www.oliveyoung.co.kr/store/goods/getGoodsDetail.do?goodsNo=A000000205114&dispCatNo=90000010009&trackingCd=Best_Sellingbest&t_page=랭킹&t_click=판매랭킹_향수/디퓨저_상품상세&t_number=25
향수/디퓨저,26,캘빈클라인,CK 캘빈클라인 One EDT 택1(50ml/100ml/200ml/100ml기획),https://www.oliveyoung.co.kr/store/goods/getGoodsDetail.do?goodsNo=A000000128148&dispCatNo=90000010009&trackingCd=Best_Sellingbest&t_page=랭킹&t_click=판매랭킹_향수/디퓨저_상품상세&t_number=26
향수/디퓨저,27,포맨트,포맨트 시그니처 퍼퓸 50ml (코튼메모리),https://www.oliveyoung.co.kr/store/goods/getGoodsDetail.do?goodsNo=A000000161624&dispCatNo=90000010009&trackingCd=Best_Sellingbest&t_page=랭킹&t_click=판매랭킹_향수/디퓨저_상품상세&t_number=27
향수/디퓨저,28,버버리,[NEW] 버버리 브릿 쉬어 EDT 50ml 기획 (+키링 증정),https://www.oliveyoung.co.kr/store/goods/getGoodsDetail.do?goodsNo=A000000203591&dispCatNo=90000010009&trackingCd=Best_Sellingbest&t_page=랭킹&t_click=판매랭킹_향수/디퓨저_상품상세&t_number=28
향수/디퓨저,29,MCM,MCM EDP 50ml,https://www.oliveyoung.co.kr/store/goods/getGoodsDetail.do?goodsNo=A000000151270&dispCatNo=90000010009&trackingCd=Best_Sellingbest&t_page=랭킹&t_click=판매랭킹_향수/디퓨저_상품상세&t_number=29
향수/디퓨저,30,캘빈클라인,[단독기획] CK 캘빈클라인 비 EDT 100ml 기획 (+향수 공병),https://www.oliveyoung.co.kr/store/goods/getGoodsDetail.do?goodsNo=A000000204637&dispCatNo=90000010009&trackingCd=Best_Sellingbest&t_page=랭킹&t_click=판매랭킹_향수/디퓨저_상품상세&t_number=30
향수/디퓨저,31,필로소피,필로소피 어메이징그레이스 발레로즈 EDT 60ml,https://www.oliveyoung.co.kr/store/goods/getGoodsDetail.do?goodsNo=A000000182664&dispCatNo=90000010009&trackingCd=Best_Sellingbest&t_page=랭킹&t_click=판매랭킹_향수/디퓨저_상품상세&t_number=31
향수/디퓨저,32,필로소피,필로소피 EDT 60ml(어메이징그레이스/발레로즈/매그놀리아/퓨어그레이스/누드로즈/라벤더) 6종 택1,https://www.oliveyoung.co.kr/store/goods/getGoodsDetail.do?goodsNo=A000000113251&dispCatNo=90000010009&trackingCd=Best_Sellingbest&t_page=랭킹&t_click=판매랭킹_향수/디퓨저_상품상세&t_number=32
향수/디퓨저,33,나르시소 로드리게즈,[강혜원PICK/단독기획]나르시소 로드리게즈 퓨어 머스크 포 허 EDP (30ml/50ml),https://www.oliveyoung.co.kr/store/goods/getGoodsDetail.do?goodsNo=A000000192645&dispCatNo=90000010009&trackingCd=Best_Sellingbest&t_page=랭킹&t_click=판매랭킹_향수/디퓨저_상품상세&t_number=33
향수/디퓨저,34,페라가모,페라가모 인칸토 참 EDT 30ml,https://www.oliveyoung.co.kr/store/goods/getGoodsDetail.do?goodsNo=A000000000856&dispCatNo=90000010009&trackingCd=Best_Sellingbest&t_page=랭킹&t_click=판매랭킹_향수/디퓨저_상품상세&t_number=34
향수/디퓨저,35,루아페,"[기획/단품] 루아페 오,러브 EDP 30ml",https://www.oliveyoung.co.kr/store/goods/getGoodsDetail.do?goodsNo=A000000183623&dispCatNo=90000010009&trackingCd=Best_Sellingbest&t_page=랭킹&t_click=판매랭킹_향수/디퓨저_상품상세&t_number=35
향수/디퓨저,36,클린,[2023 어워즈]클린 웜코튼 EDP 60ml 어워즈 한정기획 (향수공병+샘플1.5ml+롤러볼 5ml),https://www.oliveyoung.co.kr/store/goods/getGoodsDetail.do?goodsNo=A000000192528&dispCatNo=90000010009&trackingCd=Best_Sellingbest&t_page=랭킹&t_click=판매랭킹_향수/디퓨저_상품상세&t_number=36
향수/디퓨저,37,멜린앤게츠,멜린앤게츠 오 드 퍼퓸 50ml 다크 럼,https://www.oliveyoung.co.kr/store/goods/getGoodsDetail.do?goodsNo=A000000204506&dispCatNo=90000010009&trackingCd=Best_Sellingbest&t_page=랭킹&t_click=판매랭킹_향수/디퓨저_상품상세&t_number=37
향수/디퓨저,38,포맨트,[1등향수]포맨트 시그니처 퍼퓸 50ml 2종 택1 (코튼키스/코튼허그),https://www.oliveyoung.co.kr/store/goods/getGoodsDetail.do?goodsNo=A000000163607&dispCatNo=90000010009&trackingCd=Best_Sellingbest&t_page=랭킹&t_click=판매랭킹_향수/디퓨저_상품상세&t_number=38
향수/디퓨저,39,지미추,지미추 블러썸 EDP (40ml/60ml),https://www.oliveyoung.co.kr/store/goods/getGoodsDetail.do?goodsNo=A000000012156&dispCatNo=90000010009&trackingCd=Best_Sellingbest&t_page=랭킹&t_click=판매랭킹_향수/디퓨저_상품상세&t_number=39
향수/디퓨저,40,루아페,루아페 화이트 애프리콧 EDP 30ml,https://www.oliveyoung.co.kr/store/goods/getGoodsDetail.do?goodsNo=A000000187292&dispCatNo=90000010009&trackingCd=Best_Sellingbest&t_page=랭킹&t_click=판매랭킹_향수/디퓨저_상품상세&t_number=40
향수/디퓨저,41,랑방,랑방 모던 프린세스 EDP 60ml,https://www.oliveyoung.co.kr/store/goods/getGoodsDetail.do?goodsNo=A000000016787&dispCatNo=90000010009&trackingCd=Best_Sellingbest&t_page=랭킹&t_click=판매랭킹_향수/디퓨저_상품상세&t_number=41
향수/디퓨저,42,아뜰리에페이,아뜰리에페이 퍼퓸 데이오프 30ml,https://www.oliveyoung.co.kr/store/goods/getGoodsDetail.do?goodsNo=A000000202394&dispCatNo=90000010009&trackingCd=Best_Sellingbest&t_page=랭킹&t_click=판매랭킹_향수/디퓨저_상품상세&t_number=42
향수/디퓨저,43,지미추,[NEW] 지미추 로즈 패션 EDP 40ml 기획 (+미니어처 4.5ml 증정),https://www.oliveyoung.co.kr/store/goods/getGoodsDetail.do?goodsNo=A000000183797&dispCatNo=90000010009&trackingCd=Best_Sellingbest&t_page=랭킹&t_click=판매랭킹_향수/디퓨저_상품상세&t_number=43
향수/디퓨저,44,아리아나그란데,[NEW/한정기획]아리아나그란데 스위트 라이크 캔디 EDP (30/50ml/50ml 파우치기획),https://www.oliveyoung.co.kr/store/goods/getGoodsDetail.do?goodsNo=A000000199639&dispCatNo=90000010009&trackingCd=Best_Sellingbest&t_page=랭킹&t_click=판매랭킹_향수/디퓨저_상품상세&t_number=44
향수/디퓨저,45,애프터블로우,[뽐니PICK/NEW] 애프터블로우 솔리드/오 드 퍼퓸 중 택1 (단품/기획),https://www.oliveyoung.co.kr/store/goods/getGoodsDetail.do?goodsNo=A000000192951&dispCatNo=90000010009&trackingCd=Best_Sellingbest&t_page=랭킹&t_click=판매랭킹_향수/디퓨저_상품상세&t_number=45
향수/디퓨저,46,타미힐피거,타미힐피거 타미걸 EDT 50ml 기획(+타미걸 바디로션 100ml 증정),https://www.oliveyoung.co.kr/store/goods/getGoodsDetail.do?goodsNo=A000000204326&dispCatNo=90000010009&trackingCd=Best_Sellingbest&t_page=랭킹&t_click=판매랭킹_향수/디퓨저_상품상세&t_number=46
향수/디퓨저,47,로이비,로이비 베르가못 앤 화이트로즈 EDP 50ml,https://www.oliveyoung.co.kr/store/goods/getGoodsDetail.do?goodsNo=A000000159541&dispCatNo=90000010009&trackingCd=Best_Sellingbest&t_page=랭킹&t_click=판매랭킹_향수/디퓨저_상품상세&t_number=47
향수/디퓨저,48,로이비,로이비 타임 앤 모스 EDP 50ml,https://www.oliveyoung.co.kr/store/goods/getGoodsDetail.do?goodsNo=A000000171910&dispCatNo=90000010009&trackingCd=Best_Sellingbest&t_page=랭킹&t_click=판매랭킹_향수/디퓨저_상품상세&t_number=48
향수/디퓨저,49,나르시소 로드리게즈,[올영단독]나르시소 로드리게즈 퓨어 머스크 포 허 EDP 50ml 기획 (+10ml디럭스샘플&바이알샘플),https://www.oliveyoung.co.kr/store/goods/getGoodsDetail.do?goodsNo=A000000205109&dispCatNo=90000010009&trackingCd=Best_Sellingbest&t_page=랭킹&t_click=판매랭킹_향수/디퓨저_상품상세&t_number=49
향수/디퓨저,50,줄라이미,[단독기획]줄라이미 페르소나 퍼퓸 50ml 단품/기획 6종(롤온퍼퓸증정),https://www.oliveyoung.co.kr/store/goods/getGoodsDetail.do?goodsNo=A000000170878&dispCatNo=90000010009&trackingCd=Best_Sellingbest&t_page=랭킹&t_click=판매랭킹_향수/디퓨저_상품상세&t_number=50
향수/디퓨저,51,존바바토스,존바바토스 아티산 EDT 40ml,https://www.oliveyoung.co.kr/store/goods/getGoodsDetail.do?goodsNo=A000000193149&dispCatNo=90000010009&trackingCd=Best_Sellingbest&t_page=랭킹&t_click=판매랭킹_향수/디퓨저_상품상세&t_number=51
향수/디퓨저,52,멈칫,[NEW] 멈칫 스테이퍼퓸 80ml 기획세트 (+핸드크림 30ml 증정) 2종 택1 (밤쉘/버니솝),https://www.oliveyoung.co.kr/store/goods/getGoodsDetail.do?goodsNo=A000000188695&dispCatNo=90000010009&trackingCd=Best_Sellingbest&t_page=랭킹&t_click=판매랭킹_향수/디퓨저_상품상세&t_number=52
향수/디퓨저,53,팩토리노멀,팩토리노멀 갈색병 소이캔들 210g 4종 택1,https://www.oliveyoung.co.kr/store/goods/getGoodsDetail.do?goodsNo=A000000144466&dispCatNo=90000010009&trackingCd=Best_Sellingbest&t_page=랭킹&t_click=판매랭킹_향수/디퓨저_상품상세&t_number=53
향수/디퓨저,54,랄프로렌,랄프로렌 폴로 어스 프로빈셜세이지 EDT 100ml,https://www.oliveyoung.co.kr/store/goods/getGoodsDetail.do?goodsNo=A000000187754&dispCatNo=90000010009&trackingCd=Best_Sellingbest&t_page=랭킹&t_click=판매랭킹_향수/디퓨저_상품상세&t_number=54
향수/디퓨저,55,빌리아일리시,빌리아일리시 eilish NO.2 EDP 50ml,https://www.oliveyoung.co.kr/store/goods/getGoodsDetail.do?goodsNo=A000000190528&dispCatNo=90000010009&trackingCd=Best_Sellingbest&t_page=랭킹&t_click=판매랭킹_향수/디퓨저_상품상세&t_number=55
향수/디퓨저,56,슬로우허밍,[NEW/타코사마 PICK] 슬로우허밍 릴리프 퍼퓸밤 6g 4종 택1,https://www.oliveyoung.co.kr/store/goods/getGoodsDetail.do?goodsNo=A000000204643&dispCatNo=90000010009&trackingCd=Best_Sellingbest&t_page=랭킹&t_click=판매랭킹_향수/디퓨저_상품상세&t_number=56
향수/디퓨저,57,필로소피,필로소피 EDT 15ml (어메이징 그레이스/발레로즈/매그놀리아/퓨어그레이스/누드로즈) 5종 택1,https://www.oliveyoung.co.kr/store/goods/getGoodsDetail.do?goodsNo=A000000113250&dispCatNo=90000010009&trackingCd=Best_Sellingbest&t_page=랭킹&t_click=판매랭킹_향수/디퓨저_상품상세&t_number=57
향수/디퓨저,58,존바바토스,존바바토스 아티산 EDT 75ml 기획 (+1.8ml 바이얼 + 보넥도 포토포스트카드 2종증정),https://www.oliveyoung.co.kr/store/goods/getGoodsDetail.do?goodsNo=A000000204315&dispCatNo=90000010009&trackingCd=Best_Sellingbest&t_page=랭킹&t_click=판매랭킹_향수/디퓨저_상품상세&t_number=58
향수/디퓨저,59,록시땅,록시땅 시트러스 버베나 오 드 뚜왈렛 100ml,https://www.oliveyoung.co.kr/store/goods/getGoodsDetail.do?goodsNo=A000000153262&dispCatNo=90000010009&trackingCd=Best_Sellingbest&t_page=랭킹&t_click=판매랭킹_향수/디퓨저_상품상세&t_number=59
향수/디퓨저,60,포맨트,[1등향수]포맨트 시그니처 퍼퓸 50ml (코튼허그),https://www.oliveyoung.co.kr/store/goods/getGoodsDetail.do?goodsNo=A000000161747&dispCatNo=90000010009&trackingCd=Best_Sellingbest&t_page=랭킹&t_click=판매랭킹_향수/디퓨저_상품상세&t_number=60
향수/디퓨저,61,그라펜,[환승연애규민PICK] 그라펜 타투 퍼퓸 50ml 4종 택1 (원우드/레몬/니스빌/레더),https://www.oliveyoung.co.kr/store/goods/getGoodsDetail.do?goodsNo=A000000191214&dispCatNo=90000010009&trackingCd=Best_Sellingbest&t_page=랭킹&t_click=판매랭킹_향수/디퓨저_상품상세&t_number=61
향수/디퓨저,62,마이클코어스,[NEW] 마이클 코어스 섹시앰버 오드퍼퓸 50ml,https://www.oliveyoung.co.kr/store/goods/getGoodsDetail.do?goodsNo=A000000182977&dispCatNo=90000010009&trackingCd=Best_Sellingbest&t_page=랭킹&t_click=판매랭킹_향수/디퓨저_상품상세&t_number=62
향수/디퓨저,63,나르시소 로드리게즈,[강혜원PICK/30ml기획]나르시소 로드리게즈 올 오브 미 EDP (30ml/50ml),https://www.oliveyoung.co.kr/store/goods/getGoodsDetail.do?goodsNo=A000000190309&dispCatNo=90000010009&trackingCd=Best_Sellingbest&t_page=랭킹&t_click=판매랭킹_향수/디퓨저_상품상세&t_number=63
향수/디퓨저,64,베르사체,[NEW] 베르사체 크리스탈 EDT 50ml 기획(+100ml 바디로션),https://www.oliveyoung.co.kr/store/goods/getGoodsDetail.do?goodsNo=A000000189583&dispCatNo=90000010009&trackingCd=Best_Sellingbest&t_page=랭킹&t_click=판매랭킹_향수/디퓨저_상품상세&t_number=64
향수/디퓨저,65,나르시소 로드리게즈,나르시소 로드리게즈 엉브레 EDP (30ml/50ml),https://www.oliveyoung.co.kr/store/goods/getGoodsDetail.do?goodsNo=A000000192511&dispCatNo=90000010009&trackingCd=Best_Sellingbest&t_page=랭킹&t_click=판매랭킹_향수/디퓨저_상품상세&t_number=65
향수/디퓨저,66,루아페,루아페 다이브 가든 EDP 30ml,https://www.oliveyoung.co.kr/store/goods/getGoodsDetail.do?goodsNo=A000000188791&dispCatNo=90000010009&trackingCd=Best_Sellingbest&t_page=랭킹&t_click=판매랭킹_향수/디퓨저_상품상세&t_number=66
향수/디퓨저,67,끌로에,[NEW] 끌로에 EDP 20ml 기획(+5ml 미니어처 증정),https://www.oliveyoung.co.kr/store/goods/getGoodsDetail.do?goodsNo=A000000188152&dispCatNo=90000010009&trackingCd=Best_Sellingbest&t_page=랭킹&t_click=판매랭킹_향수/디퓨저_상품상세&t_number=67
향수/디퓨저,68,순백수,순백수 히노끼 디퓨저 150ml 3종 택1(리프/우드/로즈),https://www.oliveyoung.co.kr/store/goods/getGoodsDetail.do?goodsNo=A000000149474&dispCatNo=90000010009&trackingCd=Best_Sellingbest&t_page=랭킹&t_click=판매랭킹_향수/디퓨저_상품상세&t_number=68
향수/디퓨저,69,제니퍼로페즈,제니퍼로페즈 글로우 바이제이로 EDT 50ml,https://www.oliveyoung.co.kr/store/goods/getGoodsDetail.do?goodsNo=A000000104640&dispCatNo=90000010009&trackingCd=Best_Sellingbest&t_page=랭킹&t_click=판매랭킹_향수/디퓨저_상품상세&t_number=69
향수/디퓨저,70,빌리아일리시,빌리아일리시 eilish NO.2 EDP 3종 택1,https://www.oliveyoung.co.kr/store/goods/getGoodsDetail.do?goodsNo=A000000190527&dispCatNo=90000010009&trackingCd=Best_Sellingbest&t_page=랭킹&t_click=판매랭킹_향수/디퓨저_상품상세&t_number=70
향수/디퓨저,71,MCM,[NEW] MCM EDP 50ml_그래피티 에디션,https://www.oliveyoung.co.kr/store/goods/getGoodsDetail.do?goodsNo=A000000186406&dispCatNo=90000010009&trackingCd=Best_Sellingbest&t_page=랭킹&t_click=판매랭킹_향수/디퓨저_상품상세&t_number=71
향수/디퓨저,72,랑방,랑방 레 플레르 드 EDT 90ml 4종 중 1종 선택,https://www.oliveyoung.co.kr/store/goods/getGoodsDetail.do?goodsNo=A000000189947&dispCatNo=90000010009&trackingCd=Best_Sellingbest&t_page=랭킹&t_click=판매랭킹_향수/디퓨저_상품상세&t_number=72
향수/디퓨저,73,클린,클린 쿨코튼 EDP 60ml 기프트세트(롤러볼 5ml*2종),https://www.oliveyoung.co.kr/store/goods/getGoodsDetail.do?goodsNo=A000000131255&dispCatNo=90000010009&trackingCd=Best_Sellingbest&t_page=랭킹&t_click=판매랭킹_향수/디퓨저_상품상세&t_number=73
향수/디퓨저,74,클린,클린 퓨어솝 EDP 60ml(N) 기프트세트(롤러볼 5ml*2종 추가증정 기획),https://www.oliveyoung.co.kr/store/goods/getGoodsDetail.do?goodsNo=A000000176211&dispCatNo=90000010009&trackingCd=Best_Sellingbest&t_page=랭킹&t_click=판매랭킹_향수/디퓨저_상품상세&t_number=74
향수/디퓨저,75,로이비,[리뉴얼] 로이비 프래그런스 디퓨저 블랙 커런트 250ml (스틱 미포함/별도판매),https://www.oliveyoung.co.kr/store/goods/getGoodsDetail.do?goodsNo=A000000176470&dispCatNo=90000010009&trackingCd=Best_Sellingbest&t_page=랭킹&t_click=판매랭킹_향수/디퓨저_상품상세&t_number=75
향수/디퓨저,76,롱테이크,롱테이크 솔리드 퍼퓸 30ml 3종(샌달우드/블랙티/바질) 택 1,https://www.oliveyoung.co.kr/store/goods/getGoodsDetail.do?goodsNo=A000000192015&dispCatNo=90000010009&trackingCd=Best_Sellingbest&t_page=랭킹&t_click=판매랭킹_향수/디퓨저_상품상세&t_number=76
향수/디퓨저,77,겐조,플라워바이겐조 NEW EDT 30ml/50ml 2종 택1,https://www.oliveyoung.co.kr/store/goods/getGoodsDetail.do?goodsNo=A000000159451&dispCatNo=90000010009&trackingCd=Best_Sellingbest&t_page=랭킹&t_click=판매랭킹_향수/디퓨저_상품상세&t_number=77
향수/디퓨저,78,알보우,[NEW]알보우 케이스 스터디 EDP 30ml 4종 중 택 1,https://www.oliveyoung.co.kr/store/goods/getGoodsDetail.do?goodsNo=A000000203341&dispCatNo=90000010009&trackingCd=Best_Sellingbest&t_page=랭킹&t_click=판매랭킹_향수/디퓨저_상품상세&t_number=78
향수/디퓨저,79,캘빈클라인,CK 캘빈클라인 비 EDT 3종 택1 (50ml/100ml/200ml),https://www.oliveyoung.co.kr/store/goods/getGoodsDetail.do?goodsNo=A000000135301&dispCatNo=90000010009&trackingCd=Best_Sellingbest&t_page=랭킹&t_click=판매랭킹_향수/디퓨저_상품상세&t_number=79
향수/디퓨저,80,제니퍼로페즈,제니퍼로페즈 글로우 바이제이로 EDT 롤온 10ml,https://www.oliveyoung.co.kr/store/goods/getGoodsDetail.do?goodsNo=A000000174290&dispCatNo=90000010009&trackingCd=Best_Sellingbest&t_page=랭킹&t_click=판매랭킹_향수/디퓨저_상품상세&t_number=80
향수/디퓨저,81,필로소피,[NEW] 필로소피 어메이징 그레이스 발레로즈 EDT 60ml 기획 (+어메이징 그레이스 set 증정),https://www.oliveyoung.co.kr/store/goods/getGoodsDetail.do?goodsNo=A000000203594&dispCatNo=90000010009&trackingCd=Best_Sellingbest&t_page=랭킹&t_click=판매랭킹_향수/디퓨저_상품상세&t_number=81
향수/디퓨저,82,끌로에,끌로에 EDP (단품/기획/디스커버리 세트),https://www.oliveyoung.co.kr/store/goods/getGoodsDetail.do?goodsNo=A000000189177&dispCatNo=90000010009&trackingCd=Best_Sellingbest&t_page=랭킹&t_click=판매랭킹_향수/디퓨저_상품상세&t_number=82
향수/디퓨저,83,필로소피,필로소피 퓨어그레이스 프레그런스 EDT 60ml,https://www.oliveyoung.co.kr/store/goods/getGoodsDetail.do?goodsNo=A000000180418&dispCatNo=90000010009&trackingCd=Best_Sellingbest&t_page=랭킹&t_click=판매랭킹_향수/디퓨저_상품상세&t_number=83
향수/디퓨저,84,지미추,지미추 아이 원 추 포에버 EDP 40ml,https://www.oliveyoung.co.kr/store/goods/getGoodsDetail.do?goodsNo=A000000176338&dispCatNo=90000010009&trackingCd=Best_Sellingbest&t_page=랭킹&t_click=판매랭킹_향수/디퓨저_상품상세&t_number=84
향수/디퓨저,85,랑방,랑방 잔느 EDP 50ml 단품/기획,https://www.oliveyoung.co.kr/store/goods/getGoodsDetail.do?goodsNo=A000000000439&dispCatNo=90000010009&trackingCd=Best_Sellingbest&t_page=랭킹&t_click=판매랭킹_향수/디퓨저_상품상세&t_number=85
향수/디퓨저,86,다비도프,[NEW] 다비도프 쿨워터 맨 EDT 125ml 기획(+향수공병+리필스틱),https://www.oliveyoung.co.kr/store/goods/getGoodsDetail.do?goodsNo=A000000183807&dispCatNo=90000010009&trackingCd=Best_Sellingbest&t_page=랭킹&t_click=판매랭킹_향수/디퓨저_상품상세&t_number=86
향수/디퓨저,87,클린,클린 애플블로썸 EDP 30/60ml 2종 중 택1,https://www.oliveyoung.co.kr/store/goods/getGoodsDetail.do?goodsNo=A000000184180&dispCatNo=90000010009&trackingCd=Best_Sellingbest&t_page=랭킹&t_click=판매랭킹_향수/디퓨저_상품상세&t_number=87
향수/디퓨저,88,클린,클린 애플블로썸 EDP 60ml,https://www.oliveyoung.co.kr/store/goods/getGoodsDetail.do?goodsNo=A000000193113&dispCatNo=90000010009&trackingCd=Best_Sellingbest&t_page=랭킹&t_click=판매랭킹_향수/디퓨저_상품상세&t_number=88
향수/디퓨저,89,랑방,랑방 모네끌라 에끌라 드 아르페쥬 EDP 30ml/50ml 2종 택1,https://www.oliveyoung.co.kr/store/goods/getGoodsDetail.do?goodsNo=A000000173887&dispCatNo=90000010009&trackingCd=Best_Sellingbest&t_page=랭킹&t_click=판매랭킹_향수/디퓨저_상품상세&t_number=89
향수/디퓨저,90,로이비,"로이비 오드퍼퓸 50ml, 18ml, 롤온 7.5ml, 디스커버리 택1",https://www.oliveyoung.co.kr/store/goods/getGoodsDetail.do?goodsNo=A000000171370&dispCatNo=90000010009&trackingCd=Best_Sellingbest&t_page=랭킹&t_click=판매랭킹_향수/디퓨저_상품상세&t_number=90
향수/디퓨저,91,에이딕트,에이딕트 필 더 베르가못 EDP 50ml,https://www.oliveyoung.co.kr/store/goods/getGoodsDetail.do?goodsNo=A000000169632&dispCatNo=90000010009&trackingCd=Best_Sellingbest&t_page=랭킹&t_click=판매랭킹_향수/디퓨저_상품상세&t_number=91
향수/디퓨저,92,그레이그라운드,그레이그라운드 메디나 향수 50ml,https://www.oliveyoung.co.kr/store/goods/getGoodsDetail.do?goodsNo=A000000184712&dispCatNo=90000010009&trackingCd=Best_Sellingbest&t_page=랭킹&t_click=판매랭킹_향수/디퓨저_상품상세&t_number=92
향수/디퓨저,93,클린,클린 리저브 블렌드 레인 EDP 50ml,https://www.oliveyoung.co.kr/store/goods/getGoodsDetail.do?goodsNo=A000000136742&dispCatNo=90000010009&trackingCd=Best_Sellingbest&t_page=랭킹&t_click=판매랭킹_향수/디퓨저_상품상세&t_number=93
향수/디퓨저,94,엘리자베스아덴,[NEW] 엘리자베스아덴 화이트 티 오 프레쉬 EDT 100ml,https://www.oliveyoung.co.kr/store/goods/getGoodsDetail.do?goodsNo=A000000191338&dispCatNo=90000010009&trackingCd=Best_Sellingbest&t_page=랭킹&t_click=판매랭킹_향수/디퓨저_상품상세&t_number=94
향수/디퓨저,95,존바바토스,존바바토스 아티산블랙 EDT 125ml,https://www.oliveyoung.co.kr/store/goods/getGoodsDetail.do?goodsNo=A000000006791&dispCatNo=90000010009&trackingCd=Best_Sellingbest&t_page=랭킹&t_click=판매랭킹_향수/디퓨저_상품상세&t_number=95
향수/디퓨저,96,존바바토스,존바바토스 아티산 퓨어 EDT 125ml,https://www.oliveyoung.co.kr/store/goods/getGoodsDetail.do?goodsNo=A000000105843&dispCatNo=90000010009&trackingCd=Best_Sellingbest&t_page=랭킹&t_click=판매랭킹_향수/디퓨저_상품상세&t_number=96
향수/디퓨저,97,플르부아,플르부아 디퓨저 200ml 4종 택1,https://www.oliveyoung.co.kr/store/goods/getGoodsDetail.do?goodsNo=A000000202553&dispCatNo=90000010009&trackingCd=Best_Sellingbest&t_page=랭킹&t_click=판매랭킹_향수/디퓨저_상품상세&t_number=97
향수/디퓨저,98,존바바토스,존바바토스 아티산 EDT 125ml,https://www.oliveyoung.co.kr/store/goods/getGoodsDetail.do?goodsNo=A000000006788&dispCatNo=90000010009&trackingCd=Best_Sellingbest&t_page=랭킹&t_click=판매랭킹_향수/디퓨저_상품상세&t_number=98
향수/디퓨저,99,겐조,로 겐조 뿌르 팜므 EDT 50ml,https://www.oliveyoung.co.kr/store/goods/getGoodsDetail.do?goodsNo=A000000000561&dispCatNo=90000010009&trackingCd=Best_Sellingbest&t_page=랭킹&t_click=판매랭킹_향수/디퓨저_상품상세&t_number=99
향수/디퓨저,100,버버리,버버리 브릿쉬어 EDT 30ml,https://www.oliveyoung.co.kr/store/goods/getGoodsDetail.do?goodsNo=A000000186891&dispCatNo=90000010009&trackingCd=Best_Sellingbest&t_page=랭킹&t_click=판매랭킹_향수/디퓨저_상품상세&t_number=100
헤어케어,1,어노브,[헤어케어 1위] 어노브 대용량 딥 데미지 트리트먼트 EX 더블/듀오 기획 4종 택1(텐더블룸/웜페탈),https://www.oliveyoung.co.kr/store/goods/getGoodsDetail.do?goodsNo=A000000171423&dispCatNo=90000010009&trackingCd=Best_Sellingbest&t_page=랭킹&t_click=판매랭킹_헤어케어_상품상세&t_number=1
헤어케어,2,어노브,[1&1] 어노브 실크 오일 에센스 더블 기획세트 (70ml+70ml) 2종 택1(텐더블룸/웜페탈),https://www.oliveyoung.co.kr/store/goods/getGoodsDetail.do?goodsNo=A000000171422&dispCatNo=90000010009&trackingCd=Best_Sellingbest&t_page=랭킹&t_click=판매랭킹_헤어케어_상품상세&t_number=2
헤어케어,3,어노브,[100개특가/1&1] 어노브 딥 데미지 리페어 샴푸 더블 기획세트 (500g+500g),https://www.oliveyoung.co.kr/store/goods/getGoodsDetail.do?goodsNo=A000000183059&dispCatNo=90000010009&trackingCd=Best_Sellingbest&t_page=랭킹&t_click=판매랭킹_헤어케어_상품상세&t_number=3
헤어케어,4,AZH,[이보영 PICK] AZH 실키 에센스 헤어 오일 _헤어 디자이너가 직접 만든 헤어 오일,https://www.oliveyoung.co.kr/store/goods/getGoodsDetail.do?goodsNo=A000000203858&dispCatNo=90000010009&trackingCd=Best_Sellingbest&t_page=랭킹&t_click=판매랭킹_헤어케어_상품상세&t_number=4
헤어케어,5,라보에이치,[100개특가] 라보에이치 두피쿨링&노세범샴푸 탈모증상완화 750ml,https://www.oliveyoung.co.kr/store/goods/getGoodsDetail.do?goodsNo=A000000204247&dispCatNo=90000010009&trackingCd=Best_Sellingbest&t_page=랭킹&t_click=판매랭킹_헤어케어_상품상세&t_number=5
헤어케어,6,AZH,[이보영 PICK] AZH 데일리 러스터 헤어오일_헤어 디자이너가 직접 만든 헤어오일,https://www.oliveyoung.co.kr/store/goods/getGoodsDetail.do?goodsNo=A000000193321&dispCatNo=90000010009&trackingCd=Best_Sellingbest&t_page=랭킹&t_click=판매랭킹_헤어케어_상품상세&t_number=6
헤어케어,7,모로칸오일,[100개 특가/6월 올영픽][단독기획]모로칸오일 헤어 트리트먼트 50ml 기획 (펌프 포함),https://www.oliveyoung.co.kr/store/goods/getGoodsDetail.do?goodsNo=A000000145033&dispCatNo=90000010009&trackingCd=Best_Sellingbest&t_page=랭킹&t_click=판매랭킹_헤어케어_상품상세&t_number=7
헤어케어,8,미쟝센,[100개특가/카리나PICK] 미쟝센 살롱10 프로페셔널 시카 프로틴 트리트먼트 215ml*2입 더블기획,https://www.oliveyoung.co.kr/store/goods/getGoodsDetail.do?goodsNo=A000000200540&dispCatNo=90000010009&trackingCd=Best_Sellingbest&t_page=랭킹&t_click=판매랭킹_헤어케어_상품상세&t_number=8
헤어케어,9,라보에이치,라보에이치 두피강화클리닉 샴푸 탈모증상완화 750ml 기획(+100ml 증정),https://www.oliveyoung.co.kr/store/goods/getGoodsDetail.do?goodsNo=A000000202412&dispCatNo=90000010009&trackingCd=Best_Sellingbest&t_page=랭킹&t_click=판매랭킹_헤어케어_상품상세&t_number=9
헤어케어,10,아로마티카,[1+1] 아로마티카 로즈마리 스칼프 스케일링 샴푸 400ml+400ml 더블기획,https://www.oliveyoung.co.kr/store/goods/getGoodsDetail.do?goodsNo=A000000202497&dispCatNo=90000010009&trackingCd=Best_Sellingbest&t_page=랭킹&t_click=판매랭킹_헤어케어_상품상세&t_number=10
헤어케어,11,바이오가,바이오가 바이오틴 손상모발개선 탈모완화 샴푸 1000ml,https://www.oliveyoung.co.kr/store/goods/getGoodsDetail.do?goodsNo=A000000201277&dispCatNo=90000010009&trackingCd=Best_Sellingbest&t_page=랭킹&t_click=판매랭킹_헤어케어_상품상세&t_number=11
헤어케어,12,모로칸오일,[대용량] 모로칸오일 헤어 트리트먼트 100ml(펌프포함) 택1 (오리지널/라이트),https://www.oliveyoung.co.kr/store/goods/getGoodsDetail.do?goodsNo=A000000198526&dispCatNo=90000010009&trackingCd=Best_Sellingbest&t_page=랭킹&t_click=판매랭킹_헤어케어_상품상세&t_number=12
헤어케어,13,닥터방기원,[지성 두피] 닥터방기원 댄드러프 샴푸 EX 탈모 케어 샴푸 (비듬/기름기 제거),https://www.oliveyoung.co.kr/store/goods/getGoodsDetail.do?goodsNo=A000000199145&dispCatNo=90000010009&trackingCd=Best_Sellingbest&t_page=랭킹&t_click=판매랭킹_헤어케어_상품상세&t_number=13
헤어케어,14,트리셀,[6/1 하루특가] 트리셀 데이/나이트 콜라겐 샴푸 더블 기획(360ml+360ml) 2종 택 1,https://www.oliveyoung.co.kr/store/goods/getGoodsDetail.do?goodsNo=A000000186200&dispCatNo=90000010009&trackingCd=Best_Sellingbest&t_page=랭킹&t_click=판매랭킹_헤어케어_상품상세&t_number=14
헤어케어,15,로레알,[리필증정기획]로레알파리 헤어오일 9종(브라운오일+리필최초증정),https://www.oliveyoung.co.kr/store/goods/getGoodsDetail.do?goodsNo=A000000140183&dispCatNo=90000010009&trackingCd=Best_Sellingbest&t_page=랭킹&t_click=판매랭킹_헤어케어_상품상세&t_number=15
헤어케어,16,힐링버드,[매끈찰랑/리필기획] 힐링버드 리바이브 노워시 트리트먼트 데미지 리페어 200ml+200ml 리필 기획,https://www.oliveyoung.co.kr/store/goods/getGoodsDetail.do?goodsNo=A000000204136&dispCatNo=90000010009&trackingCd=Best_Sellingbest&t_page=랭킹&t_click=판매랭킹_헤어케어_상품상세&t_number=16
헤어케어,17,바이브랩,[100개특가/홍현희PICK]바이브랩 리바이브 테라피 헤어 스칼프 앤 브로우 앰플,https://www.oliveyoung.co.kr/store/goods/getGoodsDetail.do?goodsNo=A000000183432&dispCatNo=90000010009&trackingCd=Best_Sellingbest&t_page=랭킹&t_click=판매랭킹_헤어케어_상품상세&t_number=17
헤어케어,18,힐링버드,[100개특가/리뉴얼] 힐링버드 리바이브 노워시 트리트먼트 단품 기획 3종 택 1,https://www.oliveyoung.co.kr/store/goods/getGoodsDetail.do?goodsNo=A000000200519&dispCatNo=90000010009&trackingCd=Best_Sellingbest&t_page=랭킹&t_click=판매랭킹_헤어케어_상품상세&t_number=18
헤어케어,19,어노브,[2023 어워즈 헤어케어 1위]어노브 딥 데미지 트리트먼트 EX (본품207ml+100ml 추가 증정),https://www.oliveyoung.co.kr/store/goods/getGoodsDetail.do?goodsNo=A000000154169&dispCatNo=90000010009&trackingCd=Best_Sellingbest&t_page=랭킹&t_click=판매랭킹_헤어케어_상품상세&t_number=19
헤어케어,20,박준뷰티랩,[대용량] 박준뷰티랩 LPP 단백질 헤어팩 트리트먼트 1000ml 2종 택1 (로맨틱 딜라이트/화이트머스크),https://www.oliveyoung.co.kr/store/goods/getGoodsDetail.do?goodsNo=A000000121286&dispCatNo=90000010009&trackingCd=Best_Sellingbest&t_page=랭킹&t_click=판매랭킹_헤어케어_상품상세&t_number=20
헤어케어,21,미쟝센,[대용량] 미쟝센 퍼펙트 세럼 110ml기획(+30ml증정+에스파 스티커) 4종 택1,https://www.oliveyoung.co.kr/store/goods/getGoodsDetail.do?goodsNo=A000000203867&dispCatNo=90000010009&trackingCd=Best_Sellingbest&t_page=랭킹&t_click=판매랭킹_헤어케어_상품상세&t_number=21
헤어케어,22,미쟝센,미쟝센 살롱10 단백질 트리트먼트 에센스팩 990ml (손상/극손상) 2종 택1,https://www.oliveyoung.co.kr/store/goods/getGoodsDetail.do?goodsNo=A000000152758&dispCatNo=90000010009&trackingCd=Best_Sellingbest&t_page=랭킹&t_click=판매랭킹_헤어케어_상품상세&t_number=22
헤어케어,23,츠바키,츠바키 프리미엄 EX 리페어 마스크 180g 기획(+90g 증정),https://www.oliveyoung.co.kr/store/goods/getGoodsDetail.do?goodsNo=A000000204137&dispCatNo=90000010009&trackingCd=Best_Sellingbest&t_page=랭킹&t_click=판매랭킹_헤어케어_상품상세&t_number=23
헤어케어,24,아로마티카,[1+1] 아로마티카 로즈마리 루트 인핸서 100ml+100ml 더블 기획,https://www.oliveyoung.co.kr/store/goods/getGoodsDetail.do?goodsNo=A000000189141&dispCatNo=90000010009&trackingCd=Best_Sellingbest&t_page=랭킹&t_click=판매랭킹_헤어케어_상품상세&t_number=24
헤어케어,25,닥터포헤어,[추가증정]닥터포헤어 헤리티지 샴푸 300ml+70ml*2 / 750ml 단품(NEW 두피 안티에이징 탈모샴푸),https://www.oliveyoung.co.kr/store/goods/getGoodsDetail.do?goodsNo=A000000198974&dispCatNo=90000010009&trackingCd=Best_Sellingbest&t_page=랭킹&t_click=판매랭킹_헤어케어_상품상세&t_number=25
헤어케어,26,그로우어스,[리뉴얼] 그로우어스 데미지 테라피 노워시 트리트먼트EX 250ml 기획(+크림트리트먼트 21ml 증정),https://www.oliveyoung.co.kr/store/goods/getGoodsDetail.do?goodsNo=A000000188575&dispCatNo=90000010009&trackingCd=Best_Sellingbest&t_page=랭킹&t_click=판매랭킹_헤어케어_상품상세&t_number=26
헤어케어,27,모레모,모레모 워터 트리트먼트 미라클 10 480ml 클로버 에디션 기획(90ml 증정),https://www.oliveyoung.co.kr/store/goods/getGoodsDetail.do?goodsNo=A000000198095&dispCatNo=90000010009&trackingCd=Best_Sellingbest&t_page=랭킹&t_click=판매랭킹_헤어케어_상품상세&t_number=27
헤어케어,28,스팀베이스,[한혜진Pick] 스팀베이스 티트리 스칼프 워터 스케일러 250ml (탈모증상완화),https://www.oliveyoung.co.kr/store/goods/getGoodsDetail.do?goodsNo=A000000187917&dispCatNo=90000010009&trackingCd=Best_Sellingbest&t_page=랭킹&t_click=판매랭킹_헤어케어_상품상세&t_number=28
헤어케어,29,모레모,모레모 헤어 트리트먼트 미라클 2X 베이커리 에디션 기획 480ml(60ml 증정),https://www.oliveyoung.co.kr/store/goods/getGoodsDetail.do?goodsNo=A000000198108&dispCatNo=90000010009&trackingCd=Best_Sellingbest&t_page=랭킹&t_click=판매랭킹_헤어케어_상품상세&t_number=29
헤어케어,30,어노브,어노브 히팅 가드 노워시 트리트먼트 147ml (극손상모 헤어팩),https://www.oliveyoung.co.kr/store/goods/getGoodsDetail.do?goodsNo=A000000154190&dispCatNo=90000010009&trackingCd=Best_Sellingbest&t_page=랭킹&t_click=판매랭킹_헤어케어_상품상세&t_number=30
헤어케어,31,라보에이치,[올영단독/대용량] 라보에이치 두피강화샴푸 탈모증상완화 750ML 리필 기획 (+600ML 리필),https://www.oliveyoung.co.kr/store/goods/getGoodsDetail.do?goodsNo=A000000197901&dispCatNo=90000010009&trackingCd=Best_Sellingbest&t_page=랭킹&t_click=판매랭킹_헤어케어_상품상세&t_number=31
헤어케어,32,닥터포헤어,[두피쿨링] 닥터포헤어 피토프레시 헤어쿨링 스프레이 150ml,https://www.oliveyoung.co.kr/store/goods/getGoodsDetail.do?goodsNo=A000000185125&dispCatNo=90000010009&trackingCd=Best_Sellingbest&t_page=랭킹&t_click=판매랭킹_헤어케어_상품상세&t_number=32
헤어케어,33,리필드,[저자극] 리필드 사이토카인 탈모증상완화 헤어토닉 부스터 100ml 3종 택1,https://www.oliveyoung.co.kr/store/goods/getGoodsDetail.do?goodsNo=A000000180946&dispCatNo=90000010009&trackingCd=Best_Sellingbest&t_page=랭킹&t_click=판매랭킹_헤어케어_상품상세&t_number=33
헤어케어,34,헤어플러스,[뭐혜연PICK/단독기획]헤어플러스 단백질 본드 앰플 에센스 더블 기획(70ml+70ml),https://www.oliveyoung.co.kr/store/goods/getGoodsDetail.do?goodsNo=A000000125539&dispCatNo=90000010009&trackingCd=Best_Sellingbest&t_page=랭킹&t_click=판매랭킹_헤어케어_상품상세&t_number=34
헤어케어,35,로레알,[에코백증정기획]로레알파리 토탈리페어5트리트먼트 헤어팩 3종 택1,https://www.oliveyoung.co.kr/store/goods/getGoodsDetail.do?goodsNo=A000000107336&dispCatNo=90000010009&trackingCd=Best_Sellingbest&t_page=랭킹&t_click=판매랭킹_헤어케어_상품상세&t_number=35
헤어케어,36,라보에이치,라보에이치 두피강화 캡슐트리트먼트 탈모증상완화 200ML 더블기획,https://www.oliveyoung.co.kr/store/goods/getGoodsDetail.do?goodsNo=A000000189265&dispCatNo=90000010009&trackingCd=Best_Sellingbest&t_page=랭킹&t_click=판매랭킹_헤어케어_상품상세&t_number=36
헤어케어,37,보다나,보다나 트리플 플로우 물결고데기 32mm (바이올렛/핑크바닐라),https://www.oliveyoung.co.kr/store/goods/getGoodsDetail.do?goodsNo=A000000152312&dispCatNo=90000010009&trackingCd=Best_Sellingbest&t_page=랭킹&t_click=판매랭킹_헤어케어_상품상세&t_number=37
헤어케어,38,헤어플러스,[단독기획] 헤어플러스 단백질 본드 워터에센스 기획세트(200ml+200ml),https://www.oliveyoung.co.kr/store/goods/getGoodsDetail.do?goodsNo=A000000190713&dispCatNo=90000010009&trackingCd=Best_Sellingbest&t_page=랭킹&t_click=판매랭킹_헤어케어_상품상세&t_number=38
헤어케어,39,클로란,클로란 샴푸 400ml 7종(퀴닌/피오니/갈랑가/망고/아쿠아민트/시트러스/석류)중 택1,https://www.oliveyoung.co.kr/store/goods/getGoodsDetail.do?goodsNo=A000000157782&dispCatNo=90000010009&trackingCd=Best_Sellingbest&t_page=랭킹&t_click=판매랭킹_헤어케어_상품상세&t_number=39
헤어케어,40,로레알,"[한소희PICK]로레알파리 엑셀랑스 크림 11 colors (염색,새치 겸용)",https://www.oliveyoung.co.kr/store/goods/getGoodsDetail.do?goodsNo=A000000134500&dispCatNo=90000010009&trackingCd=Best_Sellingbest&t_page=랭킹&t_click=판매랭킹_헤어케어_상품상세&t_number=40
헤어케어,41,실크테라피,[한정기획] 실크테라피 에센스 145KIT(130+15) 3종 택1 (손상/극손상용),https://www.oliveyoung.co.kr/store/goods/getGoodsDetail.do?goodsNo=A000000177588&dispCatNo=90000010009&trackingCd=Best_Sellingbest&t_page=랭킹&t_click=판매랭킹_헤어케어_상품상세&t_number=41
헤어케어,42,로레알,"[한소희PICK]로레알파리 엑셀랑스 듀오크림 9 colors (염색,새치 겸용)",https://www.oliveyoung.co.kr/store/goods/getGoodsDetail.do?goodsNo=A000000135112&dispCatNo=90000010009&trackingCd=Best_Sellingbest&t_page=랭킹&t_click=판매랭킹_헤어케어_상품상세&t_number=42
헤어케어,43,피노,피노 프리미엄 터치 헤어 마스크 230g 더블기획,https://www.oliveyoung.co.kr/store/goods/getGoodsDetail.do?goodsNo=A000000187090&dispCatNo=90000010009&trackingCd=Best_Sellingbest&t_page=랭킹&t_click=판매랭킹_헤어케어_상품상세&t_number=43
헤어케어,44,닥터지,[랄랄PICK/디렉터파이추천] 닥터지 두피랩 쿨 솔트 스케일링 샴푸 500g,https://www.oliveyoung.co.kr/store/goods/getGoodsDetail.do?goodsNo=A000000201047&dispCatNo=90000010009&trackingCd=Best_Sellingbest&t_page=랭킹&t_click=판매랭킹_헤어케어_상품상세&t_number=44
헤어케어,45,미쟝센,미쟝센 살롱10 단백질 샴푸990ml(손상/극손상)2종 택1,https://www.oliveyoung.co.kr/store/goods/getGoodsDetail.do?goodsNo=A000000148507&dispCatNo=90000010009&trackingCd=Best_Sellingbest&t_page=랭킹&t_click=판매랭킹_헤어케어_상품상세&t_number=45
헤어케어,46,라우쉬,라우쉬 콜츠푸트 안티-댄드러프 샴푸 200ml 듀오 기획,https://www.oliveyoung.co.kr/store/goods/getGoodsDetail.do?goodsNo=A000000181247&dispCatNo=90000010009&trackingCd=Best_Sellingbest&t_page=랭킹&t_click=판매랭킹_헤어케어_상품상세&t_number=46
헤어케어,47,모레모,모레모 리커버리밤B 120ml 클로버 에디션 기획(40ml 증정),https://www.oliveyoung.co.kr/store/goods/getGoodsDetail.do?goodsNo=A000000198122&dispCatNo=90000010009&trackingCd=Best_Sellingbest&t_page=랭킹&t_click=판매랭킹_헤어케어_상품상세&t_number=47
헤어케어,48,힐링버드,[리뉴얼] 힐링버드 리바이브 단백질 트리트먼트 200ml 1+1 기획세트,https://www.oliveyoung.co.kr/store/goods/getGoodsDetail.do?goodsNo=A000000200506&dispCatNo=90000010009&trackingCd=Best_Sellingbest&t_page=랭킹&t_click=판매랭킹_헤어케어_상품상세&t_number=48
헤어케어,49,어노브,[단독기획] 어노브 노워시 워터 앰플 트리트먼트 200ml+50ml증정 기획(뿌리는 헤어팩),https://www.oliveyoung.co.kr/store/goods/getGoodsDetail.do?goodsNo=A000000171425&dispCatNo=90000010009&trackingCd=Best_Sellingbest&t_page=랭킹&t_click=판매랭킹_헤어케어_상품상세&t_number=49
헤어케어,50,헤어플러스,[뭐혜연PICK]헤어플러스 단백질 본드 워터에센스 200ml(뿌리는 에센스),https://www.oliveyoung.co.kr/store/goods/getGoodsDetail.do?goodsNo=A000000122480&dispCatNo=90000010009&trackingCd=Best_Sellingbest&t_page=랭킹&t_click=판매랭킹_헤어케어_상품상세&t_number=50
헤어케어,51,저스트에즈아이엠,[꼼나나PICK] 아이엠 샴푸 인텐시브 스칼프 케어 (480ml 3종/700ml 2종 택1),https://www.oliveyoung.co.kr/store/goods/getGoodsDetail.do?goodsNo=A000000182696&dispCatNo=90000010009&trackingCd=Best_Sellingbest&t_page=랭킹&t_click=판매랭킹_헤어케어_상품상세&t_number=51
헤어케어,52,에뛰드,에뛰드 팡팡 헤어 섀도우 3.5G [다크브라운/라이트브라운/블랙] 3종 택1,https://www.oliveyoung.co.kr/store/goods/getGoodsDetail.do?goodsNo=A000000173807&dispCatNo=90000010009&trackingCd=Best_Sellingbest&t_page=랭킹&t_click=판매랭킹_헤어케어_상품상세&t_number=52
헤어케어,53,보다나,보다나 트리플 플로우 물결고데기 40mm 크리미블루 (물결펌),https://www.oliveyoung.co.kr/store/goods/getGoodsDetail.do?goodsNo=A000000155691&dispCatNo=90000010009&trackingCd=Best_Sellingbest&t_page=랭킹&t_click=판매랭킹_헤어케어_상품상세&t_number=53
헤어케어,54,나르카,나르카 하드 픽스 헤어 마스카라,https://www.oliveyoung.co.kr/store/goods/getGoodsDetail.do?goodsNo=A000000204489&dispCatNo=90000010009&trackingCd=Best_Sellingbest&t_page=랭킹&t_click=판매랭킹_헤어케어_상품상세&t_number=54
헤어케어,55,어노브,[단독기획] 어노브 워터 에센스 미스트 200ml+30ml 증정 기획(뿌리는 에센스),https://www.oliveyoung.co.kr/store/goods/getGoodsDetail.do?goodsNo=A000000188767&dispCatNo=90000010009&trackingCd=Best_Sellingbest&t_page=랭킹&t_click=판매랭킹_헤어케어_상품상세&t_number=55
헤어케어,56,그로우어스,그로우어스 씨솔트 테라피 두피스케일러 대용량 250g+30g 증정기획,https://www.oliveyoung.co.kr/store/goods/getGoodsDetail.do?goodsNo=A000000170636&dispCatNo=90000010009&trackingCd=Best_Sellingbest&t_page=랭킹&t_click=판매랭킹_헤어케어_상품상세&t_number=56
헤어케어,57,미쟝센,[카리나PICK] 미쟝센 살롱10 프로페셔널 시카 세라마이드 오일 세럼 60ml 기획 (25ml 증정),https://www.oliveyoung.co.kr/store/goods/getGoodsDetail.do?goodsNo=A000000197601&dispCatNo=90000010009&trackingCd=Best_Sellingbest&t_page=랭킹&t_click=판매랭킹_헤어케어_상품상세&t_number=57
헤어케어,58,바티스트,바티스트 드라이샴푸 50ml/200ml 10종 택 1,https://www.oliveyoung.co.kr/store/goods/getGoodsDetail.do?goodsNo=A000000190569&dispCatNo=90000010009&trackingCd=Best_Sellingbest&t_page=랭킹&t_click=판매랭킹_헤어케어_상품상세&t_number=58
헤어케어,59,닥터포헤어,닥터포헤어 폴리젠 두피토닉 더블 기획세트 ( 120ml+120ml ),https://www.oliveyoung.co.kr/store/goods/getGoodsDetail.do?goodsNo=A000000205549&dispCatNo=90000010009&trackingCd=Best_Sellingbest&t_page=랭킹&t_click=판매랭킹_헤어케어_상품상세&t_number=59
헤어케어,60,커리쉴,커리쉴 실키 오일 세럼 70ml,https://www.oliveyoung.co.kr/store/goods/getGoodsDetail.do?goodsNo=A000000144959&dispCatNo=90000010009&trackingCd=Best_Sellingbest&t_page=랭킹&t_click=판매랭킹_헤어케어_상품상세&t_number=60
헤어케어,61,나르카,나르카 하입 핏 헤어 마스카라,https://www.oliveyoung.co.kr/store/goods/getGoodsDetail.do?goodsNo=A000000204492&dispCatNo=90000010009&trackingCd=Best_Sellingbest&t_page=랭킹&t_click=판매랭킹_헤어케어_상품상세&t_number=61
헤어케어,62,닥터포헤어,[두피 스케일링] 닥터포헤어 폴리젠 씨솔트 스케일러 300g (탈모 기능성),https://www.oliveyoung.co.kr/store/goods/getGoodsDetail.do?goodsNo=A000000141338&dispCatNo=90000010009&trackingCd=Best_Sellingbest&t_page=랭킹&t_click=판매랭킹_헤어케어_상품상세&t_number=62
헤어케어,63,라보에이치,라보에이치 두피강화클리닉 헤어라인앰플 탈모증상완화 더블기획,https://www.oliveyoung.co.kr/store/goods/getGoodsDetail.do?goodsNo=A000000202414&dispCatNo=90000010009&trackingCd=Best_Sellingbest&t_page=랭킹&t_click=판매랭킹_헤어케어_상품상세&t_number=63
헤어케어,64,닥터포헤어,[대용량/추가증정] 닥터포헤어 폴리젠 바이오-3 샴푸 750ml+ 200ml 탈모증상완화 샴푸,https://www.oliveyoung.co.kr/store/goods/getGoodsDetail.do?goodsNo=A000000186036&dispCatNo=90000010009&trackingCd=Best_Sellingbest&t_page=랭킹&t_click=판매랭킹_헤어케어_상품상세&t_number=64
헤어케어,65,이브로쉐,이브로쉐 헤어식초 400mlX2입 기획 2종 택 1 (라즈베리 / 모링가),https://www.oliveyoung.co.kr/store/goods/getGoodsDetail.do?goodsNo=A000000206019&dispCatNo=90000010009&trackingCd=Best_Sellingbest&t_page=랭킹&t_click=판매랭킹_헤어케어_상품상세&t_number=65
헤어케어,66,어노브,어노브 볼륨 업 컬링 에센스 147ml (수분 컬크림),https://www.oliveyoung.co.kr/store/goods/getGoodsDetail.do?goodsNo=A000000154189&dispCatNo=90000010009&trackingCd=Best_Sellingbest&t_page=랭킹&t_click=판매랭킹_헤어케어_상품상세&t_number=66
헤어케어,67,어노브,어노브 실크 오일 에센스 70ml 2종 택1(텐더블룸/웜페탈),https://www.oliveyoung.co.kr/store/goods/getGoodsDetail.do?goodsNo=A000000154188&dispCatNo=90000010009&trackingCd=Best_Sellingbest&t_page=랭킹&t_click=판매랭킹_헤어케어_상품상세&t_number=67
헤어케어,68,미쟝센,미쟝센 퍼펙트 노 워시 트리트먼트 크림팩 230ml 1+1,https://www.oliveyoung.co.kr/store/goods/getGoodsDetail.do?goodsNo=A000000174646&dispCatNo=90000010009&trackingCd=Best_Sellingbest&t_page=랭킹&t_click=판매랭킹_헤어케어_상품상세&t_number=68
헤어케어,69,피노,피노 프리미엄 터치 헤어 마스크 230g,https://www.oliveyoung.co.kr/store/goods/getGoodsDetail.do?goodsNo=A000000184464&dispCatNo=90000010009&trackingCd=Best_Sellingbest&t_page=랭킹&t_click=판매랭킹_헤어케어_상품상세&t_number=69
헤어케어,70,바이브랩,[홍현희PICK]바이브랩 리바이브 테라피 헤어 브로우 래쉬 세럼 (헤어라인 겸용),https://www.oliveyoung.co.kr/store/goods/getGoodsDetail.do?goodsNo=A000000183433&dispCatNo=90000010009&trackingCd=Best_Sellingbest&t_page=랭킹&t_click=판매랭킹_헤어케어_상품상세&t_number=70
헤어케어,71,미쟝센,미쟝센 살롱10 프로페셔널 시카 프로틴 트리트먼트 215ml 기획 (+70ml 증정),https://www.oliveyoung.co.kr/store/goods/getGoodsDetail.do?goodsNo=A000000197600&dispCatNo=90000010009&trackingCd=Best_Sellingbest&t_page=랭킹&t_click=판매랭킹_헤어케어_상품상세&t_number=71
헤어케어,72,나르카,나르카 스트레이트 슬릭 헤어 밀크 150ml,https://www.oliveyoung.co.kr/store/goods/getGoodsDetail.do?goodsNo=A000000204491&dispCatNo=90000010009&trackingCd=Best_Sellingbest&t_page=랭킹&t_click=판매랭킹_헤어케어_상품상세&t_number=72
헤어케어,73,미쟝센,미쟝센 퍼펙트 세럼 80ml 2개 (30ml 증정) [오리지널/스타일링] 2종 택1,https://www.oliveyoung.co.kr/store/goods/getGoodsDetail.do?goodsNo=A000000164900&dispCatNo=90000010009&trackingCd=Best_Sellingbest&t_page=랭킹&t_click=판매랭킹_헤어케어_상품상세&t_number=73
헤어케어,74,츠바키,"츠바키 프리미엄 리페어 워터 220ml 기획(+200ml리필, 프리미엄KIT 증정)",https://www.oliveyoung.co.kr/store/goods/getGoodsDetail.do?goodsNo=A000000204142&dispCatNo=90000010009&trackingCd=Best_Sellingbest&t_page=랭킹&t_click=판매랭킹_헤어케어_상품상세&t_number=74
헤어케어,75,이브로쉐,이브로쉐 모링가 리프레시 헤어식초 400ml,https://www.oliveyoung.co.kr/store/goods/getGoodsDetail.do?goodsNo=A000000204538&dispCatNo=90000010009&trackingCd=Best_Sellingbest&t_page=랭킹&t_click=판매랭킹_헤어케어_상품상세&t_number=75
헤어케어,76,바이브랩,[홍현희 PICK]바이브랩 리바이브 테라피 헤어 스칼프 인핸싱 폼 100ml 기획(+33ml 증정),https://www.oliveyoung.co.kr/store/goods/getGoodsDetail.do?goodsNo=A000000202357&dispCatNo=90000010009&trackingCd=Best_Sellingbest&t_page=랭킹&t_click=판매랭킹_헤어케어_상품상세&t_number=76
헤어케어,77,달리프,[1등 헤어토닉]달리프 클로렐라 헤어토닉 더블 기획(100ml+100ml)(탈모증상완화),https://www.oliveyoung.co.kr/store/goods/getGoodsDetail.do?goodsNo=A000000180613&dispCatNo=90000010009&trackingCd=Best_Sellingbest&t_page=랭킹&t_click=판매랭킹_헤어케어_상품상세&t_number=77
헤어케어,78,솔랩,[화해1위] 솔랩 탈모증상완화 가르마앰플 두피영양제 40ml,https://www.oliveyoung.co.kr/store/goods/getGoodsDetail.do?goodsNo=A000000202567&dispCatNo=90000010009&trackingCd=Best_Sellingbest&t_page=랭킹&t_click=판매랭킹_헤어케어_상품상세&t_number=78
헤어케어,79,그로우어스,그로우어스 데미지 테라피 샴푸 500ml 기획(+크림트리트먼트 21ml 증정),https://www.oliveyoung.co.kr/store/goods/getGoodsDetail.do?goodsNo=A000000188580&dispCatNo=90000010009&trackingCd=Best_Sellingbest&t_page=랭킹&t_click=판매랭킹_헤어케어_상품상세&t_number=79
헤어케어,80,미쟝센,미쟝센 올뉴 쉽고 빠른 거품염색 80G 택1,https://www.oliveyoung.co.kr/store/goods/getGoodsDetail.do?goodsNo=A000000202416&dispCatNo=90000010009&trackingCd=Best_Sellingbest&t_page=랭킹&t_click=판매랭킹_헤어케어_상품상세&t_number=80
헤어케어,81,헤드스파7,[미주 Pick] 헤드스파7 7초 리페어 워터 트리트먼트 220ml 더블기획,https://www.oliveyoung.co.kr/store/goods/getGoodsDetail.do?goodsNo=A000000184763&dispCatNo=90000010009&trackingCd=Best_Sellingbest&t_page=랭킹&t_click=판매랭킹_헤어케어_상품상세&t_number=81
헤어케어,82,닥터그루트,[괄사 증정 기획] 닥터그루트 아쿠아 두피 영양 토닉 100ml 한정 기획,https://www.oliveyoung.co.kr/store/goods/getGoodsDetail.do?goodsNo=A000000203312&dispCatNo=90000010009&trackingCd=Best_Sellingbest&t_page=랭킹&t_click=판매랭킹_헤어케어_상품상세&t_number=82
헤어케어,83,이지엔,NEW) 이지엔 푸딩 헤어컬러 22종 택1 (염색),https://www.oliveyoung.co.kr/store/goods/getGoodsDetail.do?goodsNo=A000000185695&dispCatNo=90000010009&trackingCd=Best_Sellingbest&t_page=랭킹&t_click=판매랭킹_헤어케어_상품상세&t_number=83
헤어케어,84,닥터포헤어,닥터포헤어 두피집중케어 더블 기획 스케일러300ml+스칼프팩250ml / 두피 스케일링+두피팩 세트,https://www.oliveyoung.co.kr/store/goods/getGoodsDetail.do?goodsNo=A000000149263&dispCatNo=90000010009&trackingCd=Best_Sellingbest&t_page=랭킹&t_click=판매랭킹_헤어케어_상품상세&t_number=84
헤어케어,85,라보에이치,라보에이치 두피강화클리닉 앰플토닉 탈모증상완화 100ml 리필 기획,https://www.oliveyoung.co.kr/store/goods/getGoodsDetail.do?goodsNo=A000000202413&dispCatNo=90000010009&trackingCd=Best_Sellingbest&t_page=랭킹&t_click=판매랭킹_헤어케어_상품상세&t_number=85
헤어케어,86,아로마티카,[1+1] 아로마티카 티트리 퓨리파잉 토닉 100ml+100ml 더블 기획,https://www.oliveyoung.co.kr/store/goods/getGoodsDetail.do?goodsNo=A000000189143&dispCatNo=90000010009&trackingCd=Best_Sellingbest&t_page=랭킹&t_click=판매랭킹_헤어케어_상품상세&t_number=86
헤어케어,87,츠바키,"츠바키 프리미엄 모이스트 & 리페어 샴푸 490ml 리필 기획(+660ml, 프리미엄 KIT 증정)",https://www.oliveyoung.co.kr/store/goods/getGoodsDetail.do?goodsNo=A000000204141&dispCatNo=90000010009&trackingCd=Best_Sellingbest&t_page=랭킹&t_click=판매랭킹_헤어케어_상품상세&t_number=87
헤어케어,88,미쟝센,[NEW] 미쟝센 퍼펙트 세럼 80ml [오리지널/스타일링/워터리/리치] 4종 택1,https://www.oliveyoung.co.kr/store/goods/getGoodsDetail.do?goodsNo=A000000164902&dispCatNo=90000010009&trackingCd=Best_Sellingbest&t_page=랭킹&t_click=판매랭킹_헤어케어_상품상세&t_number=88
헤어케어,89,피노,피노 프리미엄 터치 헤어 오일 70ml 더블기획(+10ml 증정),https://www.oliveyoung.co.kr/store/goods/getGoodsDetail.do?goodsNo=A000000205744&dispCatNo=90000010009&trackingCd=Best_Sellingbest&t_page=랭킹&t_click=판매랭킹_헤어케어_상품상세&t_number=89
헤어케어,90,미쟝센,미쟝센 살롱10 노워시 극손상 앰플 트리트먼트 200ml+70ml 단독기획,https://www.oliveyoung.co.kr/store/goods/getGoodsDetail.do?goodsNo=A000000180541&dispCatNo=90000010009&trackingCd=Best_Sellingbest&t_page=랭킹&t_click=판매랭킹_헤어케어_상품상세&t_number=90
헤어케어,91,미쟝센,미쟝센 컬링에센스 2X 볼륨컬/내추럴컬 230ml 택1,https://www.oliveyoung.co.kr/store/goods/getGoodsDetail.do?goodsNo=A000000168640&dispCatNo=90000010009&trackingCd=Best_Sellingbest&t_page=랭킹&t_click=판매랭킹_헤어케어_상품상세&t_number=91
헤어케어,92,로레알,[한정기획] 로레알파리 히알루론산 두피 샴푸 440ml(+100ml증정),https://www.oliveyoung.co.kr/store/goods/getGoodsDetail.do?goodsNo=A000000183952&dispCatNo=90000010009&trackingCd=Best_Sellingbest&t_page=랭킹&t_click=판매랭킹_헤어케어_상품상세&t_number=92
헤어케어,93,달리프,[유시은PICK /100개 특가]달리프 클로렐라 베러 루트 헤어토닉 100ml 기획 (+50ml 증정)(탈모증상완화),https://www.oliveyoung.co.kr/store/goods/getGoodsDetail.do?goodsNo=A000000191451&dispCatNo=90000010009&trackingCd=Best_Sellingbest&t_page=랭킹&t_click=판매랭킹_헤어케어_상품상세&t_number=93
헤어케어,94,제이숲,[올영단독] 제이숲 헤어팩 트리트먼트 2X 기획(500ml+100ml),https://www.oliveyoung.co.kr/store/goods/getGoodsDetail.do?goodsNo=A000000191461&dispCatNo=90000010009&trackingCd=Best_Sellingbest&t_page=랭킹&t_click=판매랭킹_헤어케어_상품상세&t_number=94
헤어케어,95,이브로쉐,이브로쉐 헤어식초 400ml 2종 택 1 (라즈베리 / 모링가),https://www.oliveyoung.co.kr/store/goods/getGoodsDetail.do?goodsNo=A000000206018&dispCatNo=90000010009&trackingCd=Best_Sellingbest&t_page=랭킹&t_click=판매랭킹_헤어케어_상품상세&t_number=95
헤어케어,96,미쟝센,[블랙핑크 PICK 염색약] 미쟝센 헬로버블 13종 및 더블기획,https://www.oliveyoung.co.kr/store/goods/getGoodsDetail.do?goodsNo=A000000168642&dispCatNo=90000010009&trackingCd=Best_Sellingbest&t_page=랭킹&t_click=판매랭킹_헤어케어_상품상세&t_number=96
헤어케어,97,바이브랩,[홍현희 PICK] 바이브랩 리바이 솔루션 안티 헤어 로스 스칼프 샴푸 500ml,https://www.oliveyoung.co.kr/store/goods/getGoodsDetail.do?goodsNo=A000000202356&dispCatNo=90000010009&trackingCd=Best_Sellingbest&t_page=랭킹&t_click=판매랭킹_헤어케어_상품상세&t_number=97
헤어케어,98,헤드앤숄더,헤드앤숄더 가려운 두피케어 샴푸 500ml 더블 기획,https://www.oliveyoung.co.kr/store/goods/getGoodsDetail.do?goodsNo=A000000192554&dispCatNo=90000010009&trackingCd=Best_Sellingbest&t_page=랭킹&t_click=판매랭킹_헤어케어_상품상세&t_number=98
헤어케어,99,그로우어스,그로우어스 데미지 테라피 헤어 크림 트리트먼트 220ml 기획(+크림트리트먼트 21ml 증정),https://www.oliveyoung.co.kr/store/goods/getGoodsDetail.do?goodsNo=A000000188581&dispCatNo=90000010009&trackingCd=Best_Sellingbest&t_page=랭킹&t_click=판매랭킹_헤어케어_상품상세&t_number=99
헤어케어,100,보다나,보다나 소프트바 판고데기 퍼플라벤더,https://www.oliveyoung.co.kr/store/goods/getGoodsDetail.do?goodsNo=A000000128051&dispCatNo=90000010009&trackingCd=Best_Sellingbest&t_page=랭킹&t_click=판매랭킹_헤어케어_상품상세&t_number=100
바디케어,1,쉬크,[6/1 하루특가] 쉬크 인튜이션 버라이어티 기획 4종 택1 (기+날4입),https://www.oliveyoung.co.kr/store/goods/getGoodsDetail.do?goodsNo=A000000180360&dispCatNo=90000010009&trackingCd=Best_Sellingbest&t_page=랭킹&t_click=판매랭킹_바디케어_상품상세&t_number=1
바디케어,2,낫포유,[6년 연속 1위 트러블 미스트] 낫포유 클리어 바디미스트 200ml,https://www.oliveyoung.co.kr/store/goods/getGoodsDetail.do?goodsNo=A000000167213&dispCatNo=90000010009&trackingCd=Best_Sellingbest&t_page=랭킹&t_click=판매랭킹_바디케어_상품상세&t_number=2
바디케어,3,닥터브로너스,[6/1 하루특가] 닥터브로너스 퓨어 캐스틸 솝 950ml 10종 택 1,https://www.oliveyoung.co.kr/store/goods/getGoodsDetail.do?goodsNo=A000000154091&dispCatNo=90000010009&trackingCd=Best_Sellingbest&t_page=랭킹&t_click=판매랭킹_바디케어_상품상세&t_number=3
바디케어,4,트리헛,[썸머특가/7년연속 1위] 트리헛 시어 슈가 스크럽 510g 12종 택1,https://www.oliveyoung.co.kr/store/goods/getGoodsDetail.do?goodsNo=A000000148549&dispCatNo=90000010009&trackingCd=Best_Sellingbest&t_page=랭킹&t_click=판매랭킹_바디케어_상품상세&t_number=4
바디케어,5,일리윤,[1등 트러블미스트] 일리윤 시카 트러블 바디미스트 200ml,https://www.oliveyoung.co.kr/store/goods/getGoodsDetail.do?goodsNo=A000000204092&dispCatNo=90000010009&trackingCd=Best_Sellingbest&t_page=랭킹&t_click=판매랭킹_바디케어_상품상세&t_number=5
바디케어,6,씨퓨리,[리필증정/임우일PICK] 씨퓨리 바디미스트 200ml 리필 기획세트(+100ml 리필팩),https://www.oliveyoung.co.kr/store/goods/getGoodsDetail.do?goodsNo=A000000203985&dispCatNo=90000010009&trackingCd=Best_Sellingbest&t_page=랭킹&t_click=판매랭킹_바디케어_상품상세&t_number=6
바디케어,7,일리윤,[3년연속/올영1위] 일리윤 세라마이드 아토 로션기획(600ML+600ML),https://www.oliveyoung.co.kr/store/goods/getGoodsDetail.do?goodsNo=A000000171848&dispCatNo=90000010009&trackingCd=Best_Sellingbest&t_page=랭킹&t_click=판매랭킹_바디케어_상품상세&t_number=7
바디케어,8,스킨유,[150g증정] 스킨유 비타민C 퍼퓸샤워젤 500g 기획 외 단품,https://www.oliveyoung.co.kr/store/goods/getGoodsDetail.do?goodsNo=A000000169834&dispCatNo=90000010009&trackingCd=Best_Sellingbest&t_page=랭킹&t_click=판매랭킹_바디케어_상품상세&t_number=8
바디케어,9,바이오더마,[7일특가/아일릿 민주PICK]바이오더마 아토덤 울트라 크림 500ml+200ml,https://www.oliveyoung.co.kr/store/goods/getGoodsDetail.do?goodsNo=A000000168287&dispCatNo=90000010009&trackingCd=Best_Sellingbest&t_page=랭킹&t_click=판매랭킹_바디케어_상품상세&t_number=9
바디케어,10,파티온,[6월 올영픽/1위 등드름워시] 파티온 노스카나인 트러블 바디워시 490ml 기획(+40ml 증정),https://www.oliveyoung.co.kr/store/goods/getGoodsDetail.do?goodsNo=A000000202795&dispCatNo=90000010009&trackingCd=Best_Sellingbest&t_page=랭킹&t_click=판매랭킹_바디케어_상품상세&t_number=10
바디케어,11,ms.44,MS44 슈퍼 쿨링 파우더 시트 15매 3종 택1,https://www.oliveyoung.co.kr/store/goods/getGoodsDetail.do?goodsNo=A000000127688&dispCatNo=90000010009&trackingCd=Best_Sellingbest&t_page=랭킹&t_click=판매랭킹_바디케어_상품상세&t_number=11
바디케어,12,세타필,세타필 모이스춰라이징 로션 1L,https://www.oliveyoung.co.kr/store/goods/getGoodsDetail.do?goodsNo=A000000157452&dispCatNo=90000010009&trackingCd=Best_Sellingbest&t_page=랭킹&t_click=판매랭킹_바디케어_상품상세&t_number=12
바디케어,13,크리스탈,크리스탈 데오드란트 롤온 66ml,https://www.oliveyoung.co.kr/store/goods/getGoodsDetail.do?goodsNo=A000000014782&dispCatNo=90000010009&trackingCd=Best_Sellingbest&t_page=랭킹&t_click=판매랭킹_바디케어_상품상세&t_number=13
바디케어,14,니베아,[6월 올영픽] 니베아 데오드란트 스프레이 드라이컴포트 기획 (200ml+60ml),https://www.oliveyoung.co.kr/store/goods/getGoodsDetail.do?goodsNo=A000000139752&dispCatNo=90000010009&trackingCd=Best_Sellingbest&t_page=랭킹&t_click=판매랭킹_바디케어_상품상세&t_number=14
바디케어,15,쉬크,쉬크 인튜이션 면도날 3입 4종 택1 (레몬베리/내추럴/코코넛/혼합),https://www.oliveyoung.co.kr/store/goods/getGoodsDetail.do?goodsNo=A000000164107&dispCatNo=90000010009&trackingCd=Best_Sellingbest&t_page=랭킹&t_click=판매랭킹_바디케어_상품상세&t_number=15
바디케어,16,바이오더마,[1+1기획]바이오더마 아토덤 립스틱 1+1 기획,https://www.oliveyoung.co.kr/store/goods/getGoodsDetail.do?goodsNo=A000000171113&dispCatNo=90000010009&trackingCd=Best_Sellingbest&t_page=랭킹&t_click=판매랭킹_바디케어_상품상세&t_number=16
바디케어,17,에뛰드,[올영단독] 에뛰드 진저 슈가 립케어 3종 택1 (립마스크/립밤/스틱),https://www.oliveyoung.co.kr/store/goods/getGoodsDetail.do?goodsNo=A000000172128&dispCatNo=90000010009&trackingCd=Best_Sellingbest&t_page=랭킹&t_click=판매랭킹_바디케어_상품상세&t_number=17
바디케어,18,파티온,[6월 올영픽/트러블진정흔적] 파티온 노스카나인 트러블 바디 미스트 145ml,https://www.oliveyoung.co.kr/store/goods/getGoodsDetail.do?goodsNo=A000000187744&dispCatNo=90000010009&trackingCd=Best_Sellingbest&t_page=랭킹&t_click=판매랭킹_바디케어_상품상세&t_number=18
바디케어,19,나인위시스,[NEW/단독] 나인위시스 화이트 톤업 바디 세럼 80ml,https://www.oliveyoung.co.kr/store/goods/getGoodsDetail.do?goodsNo=A000000203983&dispCatNo=90000010009&trackingCd=Best_Sellingbest&t_page=랭킹&t_click=판매랭킹_바디케어_상품상세&t_number=19
바디케어,20,일리윤,[7일등드름완화] 일리윤 시카 아크네 바디워시 400ML,https://www.oliveyoung.co.kr/store/goods/getGoodsDetail.do?goodsNo=A000000204094&dispCatNo=90000010009&trackingCd=Best_Sellingbest&t_page=랭킹&t_click=판매랭킹_바디케어_상품상세&t_number=20
바디케어,21,해피바스,[100개특가] 해피바스 딥클린 시카티트리 등드름 바디워시 900g 3종 택1,https://www.oliveyoung.co.kr/store/goods/getGoodsDetail.do?goodsNo=A000000202527&dispCatNo=90000010009&trackingCd=Best_Sellingbest&t_page=랭킹&t_click=판매랭킹_바디케어_상품상세&t_number=21
바디케어,22,더마비,더마비 데일리 모이스처 바디로션 더블 기획 (500ml+500ml),https://www.oliveyoung.co.kr/store/goods/getGoodsDetail.do?goodsNo=A000000142976&dispCatNo=90000010009&trackingCd=Best_Sellingbest&t_page=랭킹&t_click=판매랭킹_바디케어_상품상세&t_number=22
바디케어,23,플루,[6월 올영픽/1위 바디스크럽] 플루 오리지널 바디스크럽 더블기획 (400g+50g) 택1,https://www.oliveyoung.co.kr/store/goods/getGoodsDetail.do?goodsNo=A000000150753&dispCatNo=90000010009&trackingCd=Best_Sellingbest&t_page=랭킹&t_click=판매랭킹_바디케어_상품상세&t_number=23
바디케어,24,일리윤,일리윤 세라마이드 아토 로션 기획(334ml+100ml정품증정),https://www.oliveyoung.co.kr/store/goods/getGoodsDetail.do?goodsNo=A000000157820&dispCatNo=90000010009&trackingCd=Best_Sellingbest&t_page=랭킹&t_click=판매랭킹_바디케어_상품상세&t_number=24
바디케어,25,우르오스,[6월올영픽/말왕Pick]우르오스 스킨워시 500ml 단품/ 기획(+메쉬파우치),https://www.oliveyoung.co.kr/store/goods/getGoodsDetail.do?goodsNo=A000000205802&dispCatNo=90000010009&trackingCd=Best_Sellingbest&t_page=랭킹&t_click=판매랭킹_바디케어_상품상세&t_number=25
바디케어,26,아로마티카,[단독기획/강민경PICK] 아로마티카 바디오일 100ml 리츄얼 기획(괄사 포함) 5종 택1,https://www.oliveyoung.co.kr/store/goods/getGoodsDetail.do?goodsNo=A000000163992&dispCatNo=90000010009&trackingCd=Best_Sellingbest&t_page=랭킹&t_click=판매랭킹_바디케어_상품상세&t_number=26
바디케어,27,오프온,(리뷰이벤트) 오프온 킵 캄 앤드 바디워시/로션/미스트 3종 택1,https://www.oliveyoung.co.kr/store/goods/getGoodsDetail.do?goodsNo=A000000205665&dispCatNo=90000010009&trackingCd=Best_Sellingbest&t_page=랭킹&t_click=판매랭킹_바디케어_상품상세&t_number=27
바디케어,28,일리윤,[올영단독] 일리윤 프레쉬모이스춰 스크럽워시 400ML 2입 기획,https://www.oliveyoung.co.kr/store/goods/getGoodsDetail.do?goodsNo=A000000167416&dispCatNo=90000010009&trackingCd=Best_Sellingbest&t_page=랭킹&t_click=판매랭킹_바디케어_상품상세&t_number=28
바디케어,29,니베아,[6월 올영픽] 니베아 데오드란트 롤온 드라이컴포트 기획 (50ml+25ml),https://www.oliveyoung.co.kr/store/goods/getGoodsDetail.do?goodsNo=A000000139740&dispCatNo=90000010009&trackingCd=Best_Sellingbest&t_page=랭킹&t_click=판매랭킹_바디케어_상품상세&t_number=29
바디케어,30,토코보,토코보 립밤 컬렉션 8종 택1,https://www.oliveyoung.co.kr/store/goods/getGoodsDetail.do?goodsNo=A000000176896&dispCatNo=90000010009&trackingCd=Best_Sellingbest&t_page=랭킹&t_click=판매랭킹_바디케어_상품상세&t_number=30
바디케어,31,레이비,"[대용량] 레이비 산양유 바디로션, 바디워시 골라담기",https://www.oliveyoung.co.kr/store/goods/getGoodsDetail.do?goodsNo=A000000174135&dispCatNo=90000010009&trackingCd=Best_Sellingbest&t_page=랭킹&t_click=판매랭킹_바디케어_상품상세&t_number=31
바디케어,32,더마비,[900ml대용량]더마비X도구리 데일리 모이스처 바디로션 900ml,https://www.oliveyoung.co.kr/store/goods/getGoodsDetail.do?goodsNo=A000000205429&dispCatNo=90000010009&trackingCd=Best_Sellingbest&t_page=랭킹&t_click=판매랭킹_바디케어_상품상세&t_number=32
바디케어,33,레이비,레이비 퍼퓸 바디로션 350ml 4종 택1,https://www.oliveyoung.co.kr/store/goods/getGoodsDetail.do?goodsNo=A000000160158&dispCatNo=90000010009&trackingCd=Best_Sellingbest&t_page=랭킹&t_click=판매랭킹_바디케어_상품상세&t_number=33
바디케어,34,타입넘버,[6월올영픽 / 썸머특가] 타입넘버 바디스크럽 300g 2종 택1,https://www.oliveyoung.co.kr/store/goods/getGoodsDetail.do?goodsNo=A000000204531&dispCatNo=90000010009&trackingCd=Best_Sellingbest&t_page=랭킹&t_click=판매랭킹_바디케어_상품상세&t_number=34
바디케어,35,비욘드,[1분에3개판매/국민핸드크림] 비욘드 클래식 핸드크림 100ml(4종 택1),https://www.oliveyoung.co.kr/store/goods/getGoodsDetail.do?goodsNo=A000000142709&dispCatNo=90000010009&trackingCd=Best_Sellingbest&t_page=랭킹&t_click=판매랭킹_바디케어_상품상세&t_number=35
바디케어,36,더마비,[대용량] 더마비 데일리 바디워시 1000ml 3종 택1 [피치/머스크/만다린],https://www.oliveyoung.co.kr/store/goods/getGoodsDetail.do?goodsNo=A000000147218&dispCatNo=90000010009&trackingCd=Best_Sellingbest&t_page=랭킹&t_click=판매랭킹_바디케어_상품상세&t_number=36
바디케어,37,쉬크,[7일간 초특가] 쉬크 인튜이션 제모기(기+날2입) 2종 택 1,https://www.oliveyoung.co.kr/store/goods/getGoodsDetail.do?goodsNo=A000000164106&dispCatNo=90000010009&trackingCd=Best_Sellingbest&t_page=랭킹&t_click=판매랭킹_바디케어_상품상세&t_number=37
바디케어,38,크리스탈,크리스탈 데오드란트 트래블스틱 40g,https://www.oliveyoung.co.kr/store/goods/getGoodsDetail.do?goodsNo=A000000014780&dispCatNo=90000010009&trackingCd=Best_Sellingbest&t_page=랭킹&t_click=판매랭킹_바디케어_상품상세&t_number=38
바디케어,39,토리든,[단독더블기획] 토리든 솔리드인 세라마이드 립 에센스 11ml 더블 기획,https://www.oliveyoung.co.kr/store/goods/getGoodsDetail.do?goodsNo=A000000162092&dispCatNo=90000010009&trackingCd=Best_Sellingbest&t_page=랭킹&t_click=판매랭킹_바디케어_상품상세&t_number=39
바디케어,40,더마비,더마비 프레쉬 모이스처 바디로션 더블 기획 (400ml+400ml),https://www.oliveyoung.co.kr/store/goods/getGoodsDetail.do?goodsNo=A000000152491&dispCatNo=90000010009&trackingCd=Best_Sellingbest&t_page=랭킹&t_click=판매랭킹_바디케어_상품상세&t_number=40
바디케어,41,니베아,니베아 데오드란트 롤온 50ml (드라이/브라이트/펄앤뷰티) 3종 택1,https://www.oliveyoung.co.kr/store/goods/getGoodsDetail.do?goodsNo=A000000007011&dispCatNo=90000010009&trackingCd=Best_Sellingbest&t_page=랭킹&t_click=판매랭킹_바디케어_상품상세&t_number=41
바디케어,42,닥터벨머,[1+1] 닥터벨머 어드밴스드 시카 터치 립밤 핑크,https://www.oliveyoung.co.kr/store/goods/getGoodsDetail.do?goodsNo=A000000204354&dispCatNo=90000010009&trackingCd=Best_Sellingbest&t_page=랭킹&t_click=판매랭킹_바디케어_상품상세&t_number=42
바디케어,43,아로마티카,[단독기획/강민경PICK] 아로마티카 바디스크럽 250g 기획 3종 택1,https://www.oliveyoung.co.kr/store/goods/getGoodsDetail.do?goodsNo=A000000182477&dispCatNo=90000010009&trackingCd=Best_Sellingbest&t_page=랭킹&t_click=판매랭킹_바디케어_상품상세&t_number=43
바디케어,44,에스트라,에스트라 아토베리어365 바디로션 400ml,https://www.oliveyoung.co.kr/store/goods/getGoodsDetail.do?goodsNo=A000000161165&dispCatNo=90000010009&trackingCd=Best_Sellingbest&t_page=랭킹&t_click=판매랭킹_바디케어_상품상세&t_number=44
바디케어,45,비클리닉스,[7일간 초특가] 비클리닉스 나이아신아마이드 5% 브라이트 턴온 바디로션 300ml,https://www.oliveyoung.co.kr/store/goods/getGoodsDetail.do?goodsNo=A000000201966&dispCatNo=90000010009&trackingCd=Best_Sellingbest&t_page=랭킹&t_click=판매랭킹_바디케어_상품상세&t_number=45
바디케어,46,레이비,레이비 퍼퓸 바디워시 500ml 4종 택1,https://www.oliveyoung.co.kr/store/goods/getGoodsDetail.do?goodsNo=A000000138140&dispCatNo=90000010009&trackingCd=Best_Sellingbest&t_page=랭킹&t_click=판매랭킹_바디케어_상품상세&t_number=46
바디케어,47,파넬,[진정보습] 파넬 시카마누 약산성 바디미스트 150ml,https://www.oliveyoung.co.kr/store/goods/getGoodsDetail.do?goodsNo=A000000166069&dispCatNo=90000010009&trackingCd=Best_Sellingbest&t_page=랭킹&t_click=판매랭킹_바디케어_상품상세&t_number=47
바디케어,48,보로탈코,보로탈코 크레마 벨루탄테 크림 2종 택 1(30ml/150ml),https://www.oliveyoung.co.kr/store/goods/getGoodsDetail.do?goodsNo=A000000176600&dispCatNo=90000010009&trackingCd=Best_Sellingbest&t_page=랭킹&t_click=판매랭킹_바디케어_상품상세&t_number=48
바디케어,49,프리메라,[New]프리메라 레티놀 볼륨 립 세럼 12g 2종 택1,https://www.oliveyoung.co.kr/store/goods/getGoodsDetail.do?goodsNo=A000000199596&dispCatNo=90000010009&trackingCd=Best_Sellingbest&t_page=랭킹&t_click=판매랭킹_바디케어_상품상세&t_number=49
바디케어,50,아이소이,아이소이 립 트리트먼트 밤 2종 택1,https://www.oliveyoung.co.kr/store/goods/getGoodsDetail.do?goodsNo=A000000118301&dispCatNo=90000010009&trackingCd=Best_Sellingbest&t_page=랭킹&t_click=판매랭킹_바디케어_상품상세&t_number=50
바디케어,51,아비노,[대용량]아비노 스트레스 릴리프 바디로션 532ml,https://www.oliveyoung.co.kr/store/goods/getGoodsDetail.do?goodsNo=A000000193459&dispCatNo=90000010009&trackingCd=Best_Sellingbest&t_page=랭킹&t_click=판매랭킹_바디케어_상품상세&t_number=51
바디케어,52,라네즈,라네즈 립 슬리핑 마스크 EX 20g,https://www.oliveyoung.co.kr/store/goods/getGoodsDetail.do?goodsNo=A000000156111&dispCatNo=90000010009&trackingCd=Best_Sellingbest&t_page=랭킹&t_click=판매랭킹_바디케어_상품상세&t_number=52
바디케어,53,아토팜,아토팜 MLE 로션 200ml 기획(200ml+60ml),https://www.oliveyoung.co.kr/store/goods/getGoodsDetail.do?goodsNo=A000000128878&dispCatNo=90000010009&trackingCd=Best_Sellingbest&t_page=랭킹&t_click=판매랭킹_바디케어_상품상세&t_number=53
바디케어,54,낫포유,[여드름기능성 바디워시]낫포유 클리어 아크네 바디워시 500ml,https://www.oliveyoung.co.kr/store/goods/getGoodsDetail.do?goodsNo=A000000167214&dispCatNo=90000010009&trackingCd=Best_Sellingbest&t_page=랭킹&t_click=판매랭킹_바디케어_상품상세&t_number=54
바디케어,55,니베아,니베아 데오드란트 스틱 50ml (드라이/브라이트/펄앤뷰티) 3종 택1,https://www.oliveyoung.co.kr/store/goods/getGoodsDetail.do?goodsNo=A000000182285&dispCatNo=90000010009&trackingCd=Best_Sellingbest&t_page=랭킹&t_click=판매랭킹_바디케어_상품상세&t_number=55
바디케어,56,세타필,"세타필 젠틀 바디워시 리프레싱 1,000ml",https://www.oliveyoung.co.kr/store/goods/getGoodsDetail.do?goodsNo=A000000135227&dispCatNo=90000010009&trackingCd=Best_Sellingbest&t_page=랭킹&t_click=판매랭킹_바디케어_상품상세&t_number=56
바디케어,57,닥터브로너스,닥터브로너스 퓨어 캐스틸 솝 475ml 10종 택1,https://www.oliveyoung.co.kr/store/goods/getGoodsDetail.do?goodsNo=A000000000207&dispCatNo=90000010009&trackingCd=Best_Sellingbest&t_page=랭킹&t_click=판매랭킹_바디케어_상품상세&t_number=57
바디케어,58,식물나라,(온)식물나라 순수 빅 샤워 시트 10매입[무향/프레시향],https://www.oliveyoung.co.kr/store/goods/getGoodsDetail.do?goodsNo=A000000165933&dispCatNo=90000010009&trackingCd=Best_Sellingbest&t_page=랭킹&t_click=판매랭킹_바디케어_상품상세&t_number=58
바디케어,59,바디판타지,바디판타지 바디스프레이 94ml 8종 택 1,https://www.oliveyoung.co.kr/store/goods/getGoodsDetail.do?goodsNo=A000000158421&dispCatNo=90000010009&trackingCd=Best_Sellingbest&t_page=랭킹&t_click=판매랭킹_바디케어_상품상세&t_number=59
바디케어,60,플루,[7일특가/실버스푼증정] 플루 퍼퓸드 슈가&씨솔트 바디스크럽 500g 6종 택 1,https://www.oliveyoung.co.kr/store/goods/getGoodsDetail.do?goodsNo=A000000166314&dispCatNo=90000010009&trackingCd=Best_Sellingbest&t_page=랭킹&t_click=판매랭킹_바디케어_상품상세&t_number=60
바디케어,61,질레트 비너스,비너스 Y존 제모기 올영팩(Y존 제모기 + 새틴케어젤),https://www.oliveyoung.co.kr/store/goods/getGoodsDetail.do?goodsNo=A000000183348&dispCatNo=90000010009&trackingCd=Best_Sellingbest&t_page=랭킹&t_click=판매랭킹_바디케어_상품상세&t_number=61
바디케어,62,밀크바오밥,[1&1]밀크바오밥 퍼퓸 바디워시 더블기획 5종 택1 (500ml*2),https://www.oliveyoung.co.kr/store/goods/getGoodsDetail.do?goodsNo=A000000142281&dispCatNo=90000010009&trackingCd=Best_Sellingbest&t_page=랭킹&t_click=판매랭킹_바디케어_상품상세&t_number=62
바디케어,63,라운드랩,[집중진정] 라운드랩 소나무 진정 시카 바디 미스트 150ml,https://www.oliveyoung.co.kr/store/goods/getGoodsDetail.do?goodsNo=A000000184545&dispCatNo=90000010009&trackingCd=Best_Sellingbest&t_page=랭킹&t_click=판매랭킹_바디케어_상품상세&t_number=63
바디케어,64,보로탈코,보로탈코 데오 롤온 오리지널 50ml,https://www.oliveyoung.co.kr/store/goods/getGoodsDetail.do?goodsNo=A000000183819&dispCatNo=90000010009&trackingCd=Best_Sellingbest&t_page=랭킹&t_click=판매랭킹_바디케어_상품상세&t_number=64
바디케어,65,질레트 비너스,비너스 스월 면도기 (핸들1+날2),https://www.oliveyoung.co.kr/store/goods/getGoodsDetail.do?goodsNo=A000000169706&dispCatNo=90000010009&trackingCd=Best_Sellingbest&t_page=랭킹&t_click=판매랭킹_바디케어_상품상세&t_number=65
바디케어,66,유리아쥬,유리아쥬 스틱레브르 오리지널 보습 립밤 더블기획 (4g +4g),https://www.oliveyoung.co.kr/store/goods/getGoodsDetail.do?goodsNo=A000000130833&dispCatNo=90000010009&trackingCd=Best_Sellingbest&t_page=랭킹&t_click=판매랭킹_바디케어_상품상세&t_number=66
바디케어,67,도브,[다이어트걸pick] 도브 바디스크럽 4종 택1,https://www.oliveyoung.co.kr/store/goods/getGoodsDetail.do?goodsNo=A000000186792&dispCatNo=90000010009&trackingCd=Best_Sellingbest&t_page=랭킹&t_click=판매랭킹_바디케어_상품상세&t_number=67
바디케어,68,더블유드레스룸,W.DRESSROOM 퍼퓸 핸드크림 50ml 8종,https://www.oliveyoung.co.kr/store/goods/getGoodsDetail.do?goodsNo=A000000119871&dispCatNo=90000010009&trackingCd=Best_Sellingbest&t_page=랭킹&t_click=판매랭킹_바디케어_상품상세&t_number=68
바디케어,69,카밀,[1등 핸드크림] 카밀 핸드앤네일 크림 11종 택1,https://www.oliveyoung.co.kr/store/goods/getGoodsDetail.do?goodsNo=A000000007046&dispCatNo=90000010009&trackingCd=Best_Sellingbest&t_page=랭킹&t_click=판매랭킹_바디케어_상품상세&t_number=69
바디케어,70,바디네이처,"바디네이처 왁스스트립 바디 로터스플라워 보너스팩(48매)(팔, 다리용)",https://www.oliveyoung.co.kr/store/goods/getGoodsDetail.do?goodsNo=A000000137394&dispCatNo=90000010009&trackingCd=Best_Sellingbest&t_page=랭킹&t_click=판매랭킹_바디케어_상품상세&t_number=70
바디케어,71,소울,[리뷰이벤트] 소울 에버 모이스트 볼륨립밤+립브러쉬 단독세트,https://www.oliveyoung.co.kr/store/goods/getGoodsDetail.do?goodsNo=A000000188557&dispCatNo=90000010009&trackingCd=Best_Sellingbest&t_page=랭킹&t_click=판매랭킹_바디케어_상품상세&t_number=71
바디케어,72,피지오겔,피지오겔 DMT 바디로션 400ml,https://www.oliveyoung.co.kr/store/goods/getGoodsDetail.do?goodsNo=A000000123568&dispCatNo=90000010009&trackingCd=Best_Sellingbest&t_page=랭킹&t_click=판매랭킹_바디케어_상품상세&t_number=72
바디케어,73,바세린,[강혜원 PICK] 바세린 오리지널 립 테라피 컬러 + 케어 4.2g 5종 택1,https://www.oliveyoung.co.kr/store/goods/getGoodsDetail.do?goodsNo=A000000186779&dispCatNo=90000010009&trackingCd=Best_Sellingbest&t_page=랭킹&t_click=판매랭킹_바디케어_상품상세&t_number=73
바디케어,74,크리스탈,크리스탈 데오드란트 바디스프레이 118ml,https://www.oliveyoung.co.kr/store/goods/getGoodsDetail.do?goodsNo=A000000014783&dispCatNo=90000010009&trackingCd=Best_Sellingbest&t_page=랭킹&t_click=판매랭킹_바디케어_상품상세&t_number=74
바디케어,75,바디홀릭,바디홀릭 스테이누디 헤어&바디 미스트 100ml 3종 택1,https://www.oliveyoung.co.kr/store/goods/getGoodsDetail.do?goodsNo=A000000137068&dispCatNo=90000010009&trackingCd=Best_Sellingbest&t_page=랭킹&t_click=판매랭킹_바디케어_상품상세&t_number=75
바디케어,76,유리아쥬,유리아쥬 스틱레브르 오리지널 4g 2+1 한정기획 (2024),https://www.oliveyoung.co.kr/store/goods/getGoodsDetail.do?goodsNo=A000000200184&dispCatNo=90000010009&trackingCd=Best_Sellingbest&t_page=랭킹&t_click=판매랭킹_바디케어_상품상세&t_number=76
바디케어,77,스카이보틀,스카이보틀 퍼퓸 핸드크림 50ml 5종 택1,https://www.oliveyoung.co.kr/store/goods/getGoodsDetail.do?goodsNo=A000000144554&dispCatNo=90000010009&trackingCd=Best_Sellingbest&t_page=랭킹&t_click=판매랭킹_바디케어_상품상세&t_number=77
바디케어,78,니베아,니베아 데오드란트 스프레이 200ml (드라이/브라이트/펄앤뷰티) 3종 택1,https://www.oliveyoung.co.kr/store/goods/getGoodsDetail.do?goodsNo=A000000004355&dispCatNo=90000010009&trackingCd=Best_Sellingbest&t_page=랭킹&t_click=판매랭킹_바디케어_상품상세&t_number=78
바디케어,79,일리윤,[3년연속/올영1위] 세라마이드아토로션 600+128,https://www.oliveyoung.co.kr/store/goods/getGoodsDetail.do?goodsNo=A000000157819&dispCatNo=90000010009&trackingCd=Best_Sellingbest&t_page=랭킹&t_click=판매랭킹_바디케어_상품상세&t_number=79
바디케어,80,질레트,질레트 랩스 딥클렌징바 면도날 [4입/8입/10입],https://www.oliveyoung.co.kr/store/goods/getGoodsDetail.do?goodsNo=A000000203644&dispCatNo=90000010009&trackingCd=Best_Sellingbest&t_page=랭킹&t_click=판매랭킹_바디케어_상품상세&t_number=80
바디케어,81,해피바스,[비건] 해피바스 오리지널 컬렉션 바디워시 910G 7종 택1,https://www.oliveyoung.co.kr/store/goods/getGoodsDetail.do?goodsNo=A000000166090&dispCatNo=90000010009&trackingCd=Best_Sellingbest&t_page=랭킹&t_click=판매랭킹_바디케어_상품상세&t_number=81
바디케어,82,아윌미백,아윌미백 바디착색 미백크림 (진정 비타민) 300ml,https://www.oliveyoung.co.kr/store/goods/getGoodsDetail.do?goodsNo=A000000201733&dispCatNo=90000010009&trackingCd=Best_Sellingbest&t_page=랭킹&t_click=판매랭킹_바디케어_상품상세&t_number=82
바디케어,83,일리윤,일리윤 프레쉬 모이스춰 로션 350+75ml 증정 기획,https://www.oliveyoung.co.kr/store/goods/getGoodsDetail.do?goodsNo=A000000188221&dispCatNo=90000010009&trackingCd=Best_Sellingbest&t_page=랭킹&t_click=판매랭킹_바디케어_상품상세&t_number=83
바디케어,84,엠디스픽,엠디스픽 드 바리스타 무향 핸드크림 2종 중 택1(휴대/대용량),https://www.oliveyoung.co.kr/store/goods/getGoodsDetail.do?goodsNo=A000000193286&dispCatNo=90000010009&trackingCd=Best_Sellingbest&t_page=랭킹&t_click=판매랭킹_바디케어_상품상세&t_number=84
바디케어,85,토코보,토코보 비타 글레이즈드 립 마스크 20ml,https://www.oliveyoung.co.kr/store/goods/getGoodsDetail.do?goodsNo=A000000188867&dispCatNo=90000010009&trackingCd=Best_Sellingbest&t_page=랭킹&t_click=판매랭킹_바디케어_상품상세&t_number=85
바디케어,86,일리윤,[재구매1위] 일리윤 세라마이드 아토 집중크림 150ml +150ml 더블 기획,https://www.oliveyoung.co.kr/store/goods/getGoodsDetail.do?goodsNo=A000000196120&dispCatNo=90000010009&trackingCd=Best_Sellingbest&t_page=랭킹&t_click=판매랭킹_바디케어_상품상세&t_number=86
바디케어,87,아벤느,아벤느 제라캄 뉴트리션 로션 400ml 한정기획 (+200ml) (와다다곰 콜라보),https://www.oliveyoung.co.kr/store/goods/getGoodsDetail.do?goodsNo=A000000198422&dispCatNo=90000010009&trackingCd=Best_Sellingbest&t_page=랭킹&t_click=판매랭킹_바디케어_상품상세&t_number=87
바디케어,88,일리윤,[약산성] 일리윤 대용량 세라마이드 아토 6.0탑투토워시 1000ml,https://www.oliveyoung.co.kr/store/goods/getGoodsDetail.do?goodsNo=A000000163850&dispCatNo=90000010009&trackingCd=Best_Sellingbest&t_page=랭킹&t_click=판매랭킹_바디케어_상품상세&t_number=88
바디케어,89,넛세린,[한혜진 PICK]넛세린 아로마 넛 슬림 핏 바디로션 200ml,https://www.oliveyoung.co.kr/store/goods/getGoodsDetail.do?goodsNo=A000000204973&dispCatNo=90000010009&trackingCd=Best_Sellingbest&t_page=랭킹&t_click=판매랭킹_바디케어_상품상세&t_number=89
바디케어,90,비욘드,비욘드 클래식 핸드크림 30ml 7종 택1,https://www.oliveyoung.co.kr/store/goods/getGoodsDetail.do?goodsNo=A000000142761&dispCatNo=90000010009&trackingCd=Best_Sellingbest&t_page=랭킹&t_click=판매랭킹_바디케어_상품상세&t_number=90
바디케어,91,도브,[NEW/다이어트걸pick] 도브 데오드란트 롤온 40ml 3종 택1,https://www.oliveyoung.co.kr/store/goods/getGoodsDetail.do?goodsNo=A000000202651&dispCatNo=90000010009&trackingCd=Best_Sellingbest&t_page=랭킹&t_click=판매랭킹_바디케어_상품상세&t_number=91
바디케어,92,존슨즈,존슨즈베이비 베드타임 로션 500ml,https://www.oliveyoung.co.kr/store/goods/getGoodsDetail.do?goodsNo=A000000012157&dispCatNo=90000010009&trackingCd=Best_Sellingbest&t_page=랭킹&t_click=판매랭킹_바디케어_상품상세&t_number=92
바디케어,93,바이오더마,[7일특가/아일릿 민주PICK]바이오더마 아토덤 울트라 크림 200ml 더블 기획,https://www.oliveyoung.co.kr/store/goods/getGoodsDetail.do?goodsNo=A000000205389&dispCatNo=90000010009&trackingCd=Best_Sellingbest&t_page=랭킹&t_click=판매랭킹_바디케어_상품상세&t_number=93
바디케어,94,존슨즈,존슨즈베이비 베드타임 로션 더블 기획(500ml+500ml),https://www.oliveyoung.co.kr/store/goods/getGoodsDetail.do?goodsNo=A000000141052&dispCatNo=90000010009&trackingCd=Best_Sellingbest&t_page=랭킹&t_click=판매랭킹_바디케어_상품상세&t_number=94
바디케어,95,해피바스,[100개특가] 해피바스 트러블 시카 바디 마스크/바디패치 택1,https://www.oliveyoung.co.kr/store/goods/getGoodsDetail.do?goodsNo=A000000202528&dispCatNo=90000010009&trackingCd=Best_Sellingbest&t_page=랭킹&t_click=판매랭킹_바디케어_상품상세&t_number=95
바디케어,96,피지오겔,피지오겔 레드 수딩 AI 바디로션 400ml,https://www.oliveyoung.co.kr/store/goods/getGoodsDetail.do?goodsNo=A000000145131&dispCatNo=90000010009&trackingCd=Best_Sellingbest&t_page=랭킹&t_click=판매랭킹_바디케어_상품상세&t_number=96
바디케어,97,아윌미백,아윌미백 바디착색 미백크림 (보습 허니) 300ml,https://www.oliveyoung.co.kr/store/goods/getGoodsDetail.do?goodsNo=A000000201735&dispCatNo=90000010009&trackingCd=Best_Sellingbest&t_page=랭킹&t_click=판매랭킹_바디케어_상품상세&t_number=97
바디케어,98,냉감테라피,냉감테라피 아이스 데오 시트 15매,https://www.oliveyoung.co.kr/store/goods/getGoodsDetail.do?goodsNo=A000000139473&dispCatNo=90000010009&trackingCd=Best_Sellingbest&t_page=랭킹&t_click=판매랭킹_바디케어_상품상세&t_number=98
바디케어,99,엄마의목욕탕레시피,[450만장판매] 엄마의목욕탕레시피 바디필링패드 8매입 (오리지널/스트롱/트러블케어),https://www.oliveyoung.co.kr/store/goods/getGoodsDetail.do?goodsNo=A000000184774&dispCatNo=90000010009&trackingCd=Best_Sellingbest&t_page=랭킹&t_click=판매랭킹_바디케어_상품상세&t_number=99
바디케어,100,벨먼,[7일간 초특가] 벨먼 내추럴 스파 수분광채 스크럽워시 400ml 6종 택 1,https://www.oliveyoung.co.kr/store/goods/getGoodsDetail.do?goodsNo=A000000113372&dispCatNo=90000010009&trackingCd=Best_Sellingbest&t_page=랭킹&t_click=판매랭킹_바디케어_상품상세&t_number=100
건강식품,1,오쏘몰,[6/1 하루특가] 오쏘몰 이뮨 멀티비타민&미네랄 14입+2입(오쏘몰 바이탈 M/F 증정기획),https://www.oliveyoung.co.kr/store/goods/getGoodsDetail.do?goodsNo=A000000193086&dispCatNo=90000010009&trackingCd=Best_Sellingbest&t_page=랭킹&t_click=판매랭킹_건강식품_상품상세&t_number=1
건강식품,2,푸드올로지,[택연PICK]맨올로지컷 1100mg*60정(10일분),https://www.oliveyoung.co.kr/store/goods/getGoodsDetail.do?goodsNo=A000000170107&dispCatNo=90000010009&trackingCd=Best_Sellingbest&t_page=랭킹&t_click=판매랭킹_건강식품_상품상세&t_number=2
건강식품,3,센트룸,센트룸 멀티 구미 40정 (20일분),https://www.oliveyoung.co.kr/store/goods/getGoodsDetail.do?goodsNo=A000000150977&dispCatNo=90000010009&trackingCd=Best_Sellingbest&t_page=랭킹&t_click=판매랭킹_건강식품_상품상세&t_number=3
건강식품,4,센시안,[6월 올영픽][최초1+1] 센시안 마시는 센시안 14포 (14일분),https://www.oliveyoung.co.kr/store/goods/getGoodsDetail.do?goodsNo=A000000189312&dispCatNo=90000010009&trackingCd=Best_Sellingbest&t_page=랭킹&t_click=판매랭킹_건강식품_상품상세&t_number=4
건강식품,5,바이탈뷰티,[100개특가/리유저블컵증정] 바이탈뷰티 메타그린 슬림업 30일 X 쿠로미 기획,https://www.oliveyoung.co.kr/store/goods/getGoodsDetail.do?goodsNo=A000000203093&dispCatNo=90000010009&trackingCd=Best_Sellingbest&t_page=랭킹&t_click=판매랭킹_건강식품_상품상세&t_number=5
건강식품,6,푸드올로지,[6월 올영픽/서현PICK/지갑증정] 콜레올로지 X 무직타이거 기획 (600mg*30정 15일분),https://www.oliveyoung.co.kr/store/goods/getGoodsDetail.do?goodsNo=A000000175634&dispCatNo=90000010009&trackingCd=Best_Sellingbest&t_page=랭킹&t_click=판매랭킹_건강식품_상품상세&t_number=6
건강식품,7,히말라야,[1+1] 히말라야 숙취해소 파티스마트 츄 10P,https://www.oliveyoung.co.kr/store/goods/getGoodsDetail.do?goodsNo=A000000168988&dispCatNo=90000010009&trackingCd=Best_Sellingbest&t_page=랭킹&t_click=판매랭킹_건강식품_상품상세&t_number=7
건강식품,8,알디콤,[1+1] 알디콤 숙취해소제 15g 4포입,https://www.oliveyoung.co.kr/store/goods/getGoodsDetail.do?goodsNo=A000000198838&dispCatNo=90000010009&trackingCd=Best_Sellingbest&t_page=랭킹&t_click=판매랭킹_건강식품_상품상세&t_number=8
건강식품,9,마스터바이옴,[소윤 PICK] 지노마스터 50억보장 질유산균 1개월분,https://www.oliveyoung.co.kr/store/goods/getGoodsDetail.do?goodsNo=A000000203350&dispCatNo=90000010009&trackingCd=Best_Sellingbest&t_page=랭킹&t_click=판매랭킹_건강식품_상품상세&t_number=9
건강식품,10,락토핏,[100개특가] 락토핏 골드 30포 더블기획 (+10포증정),https://www.oliveyoung.co.kr/store/goods/getGoodsDetail.do?goodsNo=A000000192484&dispCatNo=90000010009&trackingCd=Best_Sellingbest&t_page=랭킹&t_click=판매랭킹_건강식품_상품상세&t_number=10
건강식품,11,딥트3일,[6월 올영픽/주현영 애정템]딥트 3일 피치맛번 30정 (30일분),https://www.oliveyoung.co.kr/store/goods/getGoodsDetail.do?goodsNo=A000000186988&dispCatNo=90000010009&trackingCd=Best_Sellingbest&t_page=랭킹&t_click=판매랭킹_건강식품_상품상세&t_number=11
건강식품,12,트루알엑스,[신세경PICK] 트루알엑스 리치글루타치온 포텐원샷 7+1병 증정 (8일분),https://www.oliveyoung.co.kr/store/goods/getGoodsDetail.do?goodsNo=A000000205279&dispCatNo=90000010009&trackingCd=Best_Sellingbest&t_page=랭킹&t_click=판매랭킹_건강식품_상품상세&t_number=12
건강식품,13,락토핏,[6/1 하루특가][6월 올영픽] 락토핏 슬림 30포 더블기획 (30일분),https://www.oliveyoung.co.kr/store/goods/getGoodsDetail.do?goodsNo=A000000205755&dispCatNo=90000010009&trackingCd=Best_Sellingbest&t_page=랭킹&t_click=판매랭킹_건강식품_상품상세&t_number=13
건강식품,14,바이탈뷰티,[키링증정] 바이탈뷰티 메타그린 부스터샷 7일 X 쿠로미 기획,https://www.oliveyoung.co.kr/store/goods/getGoodsDetail.do?goodsNo=A000000203090&dispCatNo=90000010009&trackingCd=Best_Sellingbest&t_page=랭킹&t_click=판매랭킹_건강식품_상품상세&t_number=14
건강식품,15,덴프스,덴프스 덴마크 유산균이야기 30캡슐 더블기획 (60일분),https://www.oliveyoung.co.kr/store/goods/getGoodsDetail.do?goodsNo=A000000203718&dispCatNo=90000010009&trackingCd=Best_Sellingbest&t_page=랭킹&t_click=판매랭킹_건강식품_상품상세&t_number=15
건강식품,16,티르티르 이너뷰티,[6월 올영픽/한혜진PICK] 티르티르 퍼펙트 애플컷 다이어트 (14포),https://www.oliveyoung.co.kr/store/goods/getGoodsDetail.do?goodsNo=A000000202783&dispCatNo=90000010009&trackingCd=Best_Sellingbest&t_page=랭킹&t_click=판매랭킹_건강식품_상품상세&t_number=16
건강식품,17,이영애의 건강美식,[6/1 하루특가][6월 올영픽] 이영애의 건강미식 효소 플러스 30포 2종 중 택1 (생생/새싹),https://www.oliveyoung.co.kr/store/goods/getGoodsDetail.do?goodsNo=A000000199624&dispCatNo=90000010009&trackingCd=Best_Sellingbest&t_page=랭킹&t_click=판매랭킹_건강식품_상품상세&t_number=17
건강식품,18,그레인온,[관종언니 이지혜 Pick] 그레인온 골드 카무트 효소 30포 (30일분),https://www.oliveyoung.co.kr/store/goods/getGoodsDetail.do?goodsNo=A000000186555&dispCatNo=90000010009&trackingCd=Best_Sellingbest&t_page=랭킹&t_click=판매랭킹_건강식품_상품상세&t_number=18
건강식품,19,바이탈뷰티,[30+10포] 바이탈뷰티 슈퍼레티놀C 기획세트,https://www.oliveyoung.co.kr/store/goods/getGoodsDetail.do?goodsNo=A000000191318&dispCatNo=90000010009&trackingCd=Best_Sellingbest&t_page=랭킹&t_click=판매랭킹_건강식품_상품상세&t_number=19
건강식품,20,에버콜라겐,[1+1] 에버콜라겐 인앤업비오틴 셀 56정 (28일분),https://www.oliveyoung.co.kr/store/goods/getGoodsDetail.do?goodsNo=A000000186592&dispCatNo=90000010009&trackingCd=Best_Sellingbest&t_page=랭킹&t_click=판매랭킹_건강식품_상품상세&t_number=20
건강식품,21,칼로,칼로 스탑 PLUS 15포+칼로 컨트롤 PLUS 15포 기획 (30일분),https://www.oliveyoung.co.kr/store/goods/getGoodsDetail.do?goodsNo=A000000176758&dispCatNo=90000010009&trackingCd=Best_Sellingbest&t_page=랭킹&t_click=판매랭킹_건강식품_상품상세&t_number=21
건강식품,22,덴프스,덴프스 덴마크 유산균이야기 우먼 60캡슐 (2개월분),https://www.oliveyoung.co.kr/store/goods/getGoodsDetail.do?goodsNo=A000000202658&dispCatNo=90000010009&trackingCd=Best_Sellingbest&t_page=랭킹&t_click=판매랭킹_건강식품_상품상세&t_number=22
건강식품,23,아임비타,아임비타 멀티비타민 이뮨샷 12+2입 증정기획 (14일분),https://www.oliveyoung.co.kr/store/goods/getGoodsDetail.do?goodsNo=A000000189087&dispCatNo=90000010009&trackingCd=Best_Sellingbest&t_page=랭킹&t_click=판매랭킹_건강식품_상품상세&t_number=23
건강식품,24,푸드올로지,[6월 올영픽 / 혈당/탄수화물/체지방CUT]콜레올로지 컷팅 젤리 10+2포(2포증정),https://www.oliveyoung.co.kr/store/goods/getGoodsDetail.do?goodsNo=A000000183645&dispCatNo=90000010009&trackingCd=Best_Sellingbest&t_page=랭킹&t_click=판매랭킹_건강식품_상품상세&t_number=24
건강식품,25,룰더핏,[선미PICK]룰더핏 큐변 화이버 젤리 14EA,https://www.oliveyoung.co.kr/store/goods/getGoodsDetail.do?goodsNo=A000000201463&dispCatNo=90000010009&trackingCd=Best_Sellingbest&t_page=랭킹&t_click=판매랭킹_건강식품_상품상세&t_number=25
건강식품,26,티르티르 이너뷰티,"[한혜진PICK] 티르티르 퍼펙트 효소 30포 (1개월분) (타트체리, 트로피칼, 초코 중 택1)",https://www.oliveyoung.co.kr/store/goods/getGoodsDetail.do?goodsNo=A000000162956&dispCatNo=90000010009&trackingCd=Best_Sellingbest&t_page=랭킹&t_click=판매랭킹_건강식품_상품상세&t_number=26
건강식품,27,니드인,[송해나 Pick]니드인 비움효소 40포 기획 (40일분),https://www.oliveyoung.co.kr/store/goods/getGoodsDetail.do?goodsNo=A000000169607&dispCatNo=90000010009&trackingCd=Best_Sellingbest&t_page=랭킹&t_click=판매랭킹_건강식품_상품상세&t_number=27
건강식품,28,뉴오리진,뉴오리진 이너플로라 트리플 선물세트 30캡슐 *3박스 (90일분),https://www.oliveyoung.co.kr/store/goods/getGoodsDetail.do?goodsNo=A000000195967&dispCatNo=90000010009&trackingCd=Best_Sellingbest&t_page=랭킹&t_click=판매랭킹_건강식품_상품상세&t_number=28
건강식품,29,오쏘몰,오쏘몰 이뮨 멀티비타민&미네랄 7입 (1주분),https://www.oliveyoung.co.kr/store/goods/getGoodsDetail.do?goodsNo=A000000142695&dispCatNo=90000010009&trackingCd=Best_Sellingbest&t_page=랭킹&t_click=판매랭킹_건강식품_상품상세&t_number=29
건강식품,30,티르티르 이너뷰티,티르티르 퍼펙트 더블컷 56포 (28일분),https://www.oliveyoung.co.kr/store/goods/getGoodsDetail.do?goodsNo=A000000183289&dispCatNo=90000010009&trackingCd=Best_Sellingbest&t_page=랭킹&t_click=판매랭킹_건강식품_상품상세&t_number=30
건강식품,31,자로우 포뮬러스,자로우 우먼즈 펨 도피러스 60캡슐 (2개월분),https://www.oliveyoung.co.kr/store/goods/getGoodsDetail.do?goodsNo=A000000174994&dispCatNo=90000010009&trackingCd=Best_Sellingbest&t_page=랭킹&t_click=판매랭킹_건강식품_상품상세&t_number=31
건강식품,32,티르티르 이너뷰티,[6월 올영픽/한혜진PICK] 티르티르 퍼펙트 시크릿 컷 605mg 30캡슐 (1개월분),https://www.oliveyoung.co.kr/store/goods/getGoodsDetail.do?goodsNo=A000000162944&dispCatNo=90000010009&trackingCd=Best_Sellingbest&t_page=랭킹&t_click=판매랭킹_건강식품_상품상세&t_number=32
건강식품,33,바이탈뷰티,[100개특가] 바이탈뷰티 메타그린 슬림업 30일 (4주분),https://www.oliveyoung.co.kr/store/goods/getGoodsDetail.do?goodsNo=A000000166552&dispCatNo=90000010009&trackingCd=Best_Sellingbest&t_page=랭킹&t_click=판매랭킹_건강식품_상품상세&t_number=33
건강식품,34,피토틱스,[피토틱스] 권은비 한국인 질유래 유산균 옐로우 (3box),https://www.oliveyoung.co.kr/store/goods/getGoodsDetail.do?goodsNo=B000000190788&dispCatNo=90000010009&trackingCd=Best_Sellingbest&t_page=랭킹&t_click=판매랭킹_건강식품_상품상세&t_number=34
건강식품,35,프로뉴트리션,[6월 올영픽/유자PICK] 프로뉴트리션 클로라인 700mg*9정+9정,https://www.oliveyoung.co.kr/store/goods/getGoodsDetail.do?goodsNo=A000000205490&dispCatNo=90000010009&trackingCd=Best_Sellingbest&t_page=랭킹&t_click=판매랭킹_건강식품_상품상세&t_number=35
건강식품,36,grn+,grn+ 벨리곰X슬림밸런스 분홍이/초록이 35일분 택 1 [한정판 굿즈 증정],https://www.oliveyoung.co.kr/store/goods/getGoodsDetail.do?goodsNo=A000000204583&dispCatNo=90000010009&trackingCd=Best_Sellingbest&t_page=랭킹&t_click=판매랭킹_건강식품_상품상세&t_number=36
건강식품,37,뉴칸,뉴칸 더블파워 밀크씨슬+멀티비타민 7개입 (7일분),https://www.oliveyoung.co.kr/store/goods/getGoodsDetail.do?goodsNo=A000000185632&dispCatNo=90000010009&trackingCd=Best_Sellingbest&t_page=랭킹&t_click=판매랭킹_건강식품_상품상세&t_number=37
건강식품,38,오쏘몰,오쏘몰 이뮨 멀티비타민&미네랄 30입 (1개월분),https://www.oliveyoung.co.kr/store/goods/getGoodsDetail.do?goodsNo=A000000150926&dispCatNo=90000010009&trackingCd=Best_Sellingbest&t_page=랭킹&t_click=판매랭킹_건강식품_상품상세&t_number=38
건강식품,39,바이탈뷰티,[키링증정] 바이탈뷰티 메타그린 칼로리컷 젤리 X 쿠로미 기획,https://www.oliveyoung.co.kr/store/goods/getGoodsDetail.do?goodsNo=A000000202916&dispCatNo=90000010009&trackingCd=Best_Sellingbest&t_page=랭킹&t_click=판매랭킹_건강식품_상품상세&t_number=39
건강식품,40,오니스트,[딤디Pick] 오니스트 트리플콜라겐 오렌지 14개입 (14일분),https://www.oliveyoung.co.kr/store/goods/getGoodsDetail.do?goodsNo=A000000188804&dispCatNo=90000010009&trackingCd=Best_Sellingbest&t_page=랭킹&t_click=판매랭킹_건강식품_상품상세&t_number=40
건강식품,41,비비랩,[2023어워즈/한정기획] [이효리 PICK]비비랩 저분자콜라겐S 30포 더블기획+10포 미니 증정,https://www.oliveyoung.co.kr/store/goods/getGoodsDetail.do?goodsNo=A000000193119&dispCatNo=90000010009&trackingCd=Best_Sellingbest&t_page=랭킹&t_click=판매랭킹_건강식품_상품상세&t_number=41
건강식품,42,바이탈뷰티,[7+1] 바이탈뷰티 슈퍼콜라겐 올인원 부스터 기획,https://www.oliveyoung.co.kr/store/goods/getGoodsDetail.do?goodsNo=A000000201798&dispCatNo=90000010009&trackingCd=Best_Sellingbest&t_page=랭킹&t_click=판매랭킹_건강식품_상품상세&t_number=42
건강식품,43,피토틱스,[피토틱스] 권은비 한국인 질 유래 유산균 옐로우 1box (30캡슐/1개월분),https://www.oliveyoung.co.kr/store/goods/getGoodsDetail.do?goodsNo=A000000186204&dispCatNo=90000010009&trackingCd=Best_Sellingbest&t_page=랭킹&t_click=판매랭킹_건강식품_상품상세&t_number=43
건강식품,44,푸드올로지,"[서현PICK]콜레올로지 버닝올로지 티 7,000mg*15포 (15일분)",https://www.oliveyoung.co.kr/store/goods/getGoodsDetail.do?goodsNo=A000000180747&dispCatNo=90000010009&trackingCd=Best_Sellingbest&t_page=랭킹&t_click=판매랭킹_건강식품_상품상세&t_number=44
건강식품,45,푸드올로지,"콜레올로지 티 PRO 하비탈출 8,000mg X 15포(15일분)",https://www.oliveyoung.co.kr/store/goods/getGoodsDetail.do?goodsNo=A000000206011&dispCatNo=90000010009&trackingCd=Best_Sellingbest&t_page=랭킹&t_click=판매랭킹_건강식품_상품상세&t_number=45
건강식품,46,네이처메이드,네이처메이드 액티브 데일리 멀티 포 우먼 120정 (2개월분),https://www.oliveyoung.co.kr/store/goods/getGoodsDetail.do?goodsNo=A000000112149&dispCatNo=90000010009&trackingCd=Best_Sellingbest&t_page=랭킹&t_click=판매랭킹_건강식품_상품상세&t_number=46
건강식품,47,비에날씬,[6월 올영픽] BNR17 다이어트 유산균 비에날씬 슬림+ 14포 (2주분),https://www.oliveyoung.co.kr/store/goods/getGoodsDetail.do?goodsNo=A000000167747&dispCatNo=90000010009&trackingCd=Best_Sellingbest&t_page=랭킹&t_click=판매랭킹_건강식품_상품상세&t_number=47
건강식품,48,고려은단,고려은단 비타민C1000 이지+비타민D 120정 (60일분),https://www.oliveyoung.co.kr/store/goods/getGoodsDetail.do?goodsNo=A000000164736&dispCatNo=90000010009&trackingCd=Best_Sellingbest&t_page=랭킹&t_click=판매랭킹_건강식품_상품상세&t_number=48
건강식품,49,푸드올로지,[서현PICK]콜레올로지 600mgX60정(1개월분),https://www.oliveyoung.co.kr/store/goods/getGoodsDetail.do?goodsNo=A000000163046&dispCatNo=90000010009&trackingCd=Best_Sellingbest&t_page=랭킹&t_click=판매랭킹_건강식품_상품상세&t_number=49
건강식품,50,그린몬스터,[단독기획] 그린몬스터 식전식후 바디관리세트 (28일분),https://www.oliveyoung.co.kr/store/goods/getGoodsDetail.do?goodsNo=A000000121790&dispCatNo=90000010009&trackingCd=Best_Sellingbest&t_page=랭킹&t_click=판매랭킹_건강식품_상품상세&t_number=50
건강식품,51,센트룸,센트룸 멀티비타민 우먼 더블업 50정 (50일분),https://www.oliveyoung.co.kr/store/goods/getGoodsDetail.do?goodsNo=A000000205327&dispCatNo=90000010009&trackingCd=Best_Sellingbest&t_page=랭킹&t_click=판매랭킹_건강식품_상품상세&t_number=51
건강식품,52,벨라미,[페이백이벤트] 벨라미 다이어트 젤리 올영세일 기획세트,https://www.oliveyoung.co.kr/store/goods/getGoodsDetail.do?goodsNo=A000000188217&dispCatNo=90000010009&trackingCd=Best_Sellingbest&t_page=랭킹&t_click=판매랭킹_건강식품_상품상세&t_number=52
건강식품,53,딥트3일,[주현영 애정템]딥트 3일 스트롱업 8포 (4일분),https://www.oliveyoung.co.kr/store/goods/getGoodsDetail.do?goodsNo=A000000165528&dispCatNo=90000010009&trackingCd=Best_Sellingbest&t_page=랭킹&t_click=판매랭킹_건강식품_상품상세&t_number=53
건강식품,54,마그랩,마그랩 포 에너지 글루콘산마그네슘 25ml*10+2입 선물세트,https://www.oliveyoung.co.kr/store/goods/getGoodsDetail.do?goodsNo=A000000189372&dispCatNo=90000010009&trackingCd=Best_Sellingbest&t_page=랭킹&t_click=판매랭킹_건강식품_상품상세&t_number=54
건강식품,55,팻다운,[혈당/체지방/탄수화물CUT]팻다운 슬리밍샷 5+1입 기획,https://www.oliveyoung.co.kr/store/goods/getGoodsDetail.do?goodsNo=A000000204431&dispCatNo=90000010009&trackingCd=Best_Sellingbest&t_page=랭킹&t_click=판매랭킹_건강식품_상품상세&t_number=55
건강식품,56,딥트3일,[주현영 애정템]딥트 3일 애플번 30정 (15일분),https://www.oliveyoung.co.kr/store/goods/getGoodsDetail.do?goodsNo=A000000191765&dispCatNo=90000010009&trackingCd=Best_Sellingbest&t_page=랭킹&t_click=판매랭킹_건강식품_상품상세&t_number=56
건강식품,57,마그랩,[100개특가] 마그랩 포 스트레스 글루콘산마그네슘 25ml*10+2입 선물세트,https://www.oliveyoung.co.kr/store/goods/getGoodsDetail.do?goodsNo=A000000189370&dispCatNo=90000010009&trackingCd=Best_Sellingbest&t_page=랭킹&t_click=판매랭킹_건강식품_상품상세&t_number=57
건강식품,58,바이탈뷰티,[NEW] 바이탈뷰티 슈퍼콜라겐 리프트샷 14포,https://www.oliveyoung.co.kr/store/goods/getGoodsDetail.do?goodsNo=A000000204217&dispCatNo=90000010009&trackingCd=Best_Sellingbest&t_page=랭킹&t_click=판매랭킹_건강식품_상품상세&t_number=58
건강식품,59,그린몬스터,[이은지 PICK/4일 추가증정] 그린몬스터 다이어트 체지방 쏙 기획세트 (14일+4일),https://www.oliveyoung.co.kr/store/goods/getGoodsDetail.do?goodsNo=A000000199928&dispCatNo=90000010009&trackingCd=Best_Sellingbest&t_page=랭킹&t_click=판매랭킹_건강식품_상품상세&t_number=59
건강식품,60,베러데이,베러데이 키즈데이 칼마디 초코맛 120정(30일분),https://www.oliveyoung.co.kr/store/goods/getGoodsDetail.do?goodsNo=A000000188606&dispCatNo=90000010009&trackingCd=Best_Sellingbest&t_page=랭킹&t_click=판매랭킹_건강식품_상품상세&t_number=60
건강식품,61,grn+,grn+ 초록이/분홍이 쓰리데이즈 시즌2 3개입(3일분) 2종 중 택 1,https://www.oliveyoung.co.kr/store/goods/getGoodsDetail.do?goodsNo=A000000179345&dispCatNo=90000010009&trackingCd=Best_Sellingbest&t_page=랭킹&t_click=판매랭킹_건강식품_상품상세&t_number=61
건강식품,62,덴프스,덴프스 덴마크 유산균이야기 다이어트 28캡슐*3박스 (12주분),https://www.oliveyoung.co.kr/store/goods/getGoodsDetail.do?goodsNo=B000000200742&dispCatNo=90000010009&trackingCd=Best_Sellingbest&t_page=랭킹&t_click=판매랭킹_건강식품_상품상세&t_number=62
건강식품,63,grn+,grn+ 벨리곰X슬림밸런스 분홍이+초록이 35일분 기획세트,https://www.oliveyoung.co.kr/store/goods/getGoodsDetail.do?goodsNo=A000000186058&dispCatNo=90000010009&trackingCd=Best_Sellingbest&t_page=랭킹&t_click=판매랭킹_건강식품_상품상세&t_number=63
건강식품,64,푸드올로지,맨올로지 컷 PRO 800mg*80정(20일분),https://www.oliveyoung.co.kr/store/goods/getGoodsDetail.do?goodsNo=A000000204865&dispCatNo=90000010009&trackingCd=Best_Sellingbest&t_page=랭킹&t_click=판매랭킹_건강식품_상품상세&t_number=64
건강식품,65,프레스샷,프레스샷 올인원 토탈 영양 앰플 10개입 (10일분),https://www.oliveyoung.co.kr/store/goods/getGoodsDetail.do?goodsNo=A000000181033&dispCatNo=90000010009&trackingCd=Best_Sellingbest&t_page=랭킹&t_click=판매랭킹_건강식품_상품상세&t_number=65
건강식품,66,생활약속,[단독기획]생활약속 기분전환 알파플러스 (본품10포+1포 추가 증정),https://www.oliveyoung.co.kr/store/goods/getGoodsDetail.do?goodsNo=A000000180121&dispCatNo=90000010009&trackingCd=Best_Sellingbest&t_page=랭킹&t_click=판매랭킹_건강식품_상품상세&t_number=66
건강식품,67,CJ이너비,[자외선케어/수분케어/피부내공] CJ 이너비 아쿠아리치 더블업 56캡슐 (4주분),https://www.oliveyoung.co.kr/store/goods/getGoodsDetail.do?goodsNo=A000000014939&dispCatNo=90000010009&trackingCd=Best_Sellingbest&t_page=랭킹&t_click=판매랭킹_건강식품_상품상세&t_number=67
건강식품,68,메디트리,메디트리 이뮨 원샷 올인원 멀티비타민 7입(1주분),https://www.oliveyoung.co.kr/store/goods/getGoodsDetail.do?goodsNo=A000000201418&dispCatNo=90000010009&trackingCd=Best_Sellingbest&t_page=랭킹&t_click=판매랭킹_건강식품_상품상세&t_number=68
건강식품,69,덴프스,덴프스 덴마크 유산균이야기 30캡슐(1개월분),https://www.oliveyoung.co.kr/store/goods/getGoodsDetail.do?goodsNo=A000000189360&dispCatNo=90000010009&trackingCd=Best_Sellingbest&t_page=랭킹&t_click=판매랭킹_건강식품_상품상세&t_number=69
건강식품,70,세노비스,세노비스 밀크씨슬+ 60캡슐 더블기획 (4개월분),https://www.oliveyoung.co.kr/store/goods/getGoodsDetail.do?goodsNo=A000000189113&dispCatNo=90000010009&trackingCd=Best_Sellingbest&t_page=랭킹&t_click=판매랭킹_건강식품_상품상세&t_number=70
건강식품,71,세노비스,세노비스 트리플러스 90캡슐+10캡슐 (50일분) 한정기획 (우먼/맨 2종 택1),https://www.oliveyoung.co.kr/store/goods/getGoodsDetail.do?goodsNo=A000000143471&dispCatNo=90000010009&trackingCd=Best_Sellingbest&t_page=랭킹&t_click=판매랭킹_건강식품_상품상세&t_number=71
건강식품,72,CJ이너비,[콜라겐+엘라스틴] CJ이너비 콜렉티브콜라겐_930mg 42T (2주분),https://www.oliveyoung.co.kr/store/goods/getGoodsDetail.do?goodsNo=A000000174297&dispCatNo=90000010009&trackingCd=Best_Sellingbest&t_page=랭킹&t_click=판매랭킹_건강식품_상품상세&t_number=72
건강식품,73,세노비스,세노비스 루테인+오메가3 80캡슐 (40일분),https://www.oliveyoung.co.kr/store/goods/getGoodsDetail.do?goodsNo=A000000148210&dispCatNo=90000010009&trackingCd=Best_Sellingbest&t_page=랭킹&t_click=판매랭킹_건강식품_상품상세&t_number=73
건강식품,74,닥터브라이언,[슈야&토야] 닥터브라이언 복숭아맛 비타민C&D 3000 100+15구미 기획 (38일분),https://www.oliveyoung.co.kr/store/goods/getGoodsDetail.do?goodsNo=A000000189216&dispCatNo=90000010009&trackingCd=Best_Sellingbest&t_page=랭킹&t_click=판매랭킹_건강식품_상품상세&t_number=74
건강식품,75,씨제이웰케어,리턴업 전립소 쏘팔메토 60캡슐 (2개월분) (RE),https://www.oliveyoung.co.kr/store/goods/getGoodsDetail.do?goodsNo=A000000186168&dispCatNo=90000010009&trackingCd=Best_Sellingbest&t_page=랭킹&t_click=판매랭킹_건강식품_상품상세&t_number=75
건강식품,76,헬스헬퍼,[6월 올영픽/장윤주Pick] 헬스헬퍼 맥스컷 프로 450mg 60캡슐 (10일분),https://www.oliveyoung.co.kr/store/goods/getGoodsDetail.do?goodsNo=A000000200845&dispCatNo=90000010009&trackingCd=Best_Sellingbest&t_page=랭킹&t_click=판매랭킹_건강식품_상품상세&t_number=76
건강식품,77,종근당건강,종근당건강 프로메가 오메가3 트리플 60캡슐 (장용성) (1개월분),https://www.oliveyoung.co.kr/store/goods/getGoodsDetail.do?goodsNo=A000000173903&dispCatNo=90000010009&trackingCd=Best_Sellingbest&t_page=랭킹&t_click=판매랭킹_건강식품_상품상세&t_number=77
건강식품,78,락토핏,락토핏 코어 30포 (1개월분),https://www.oliveyoung.co.kr/store/goods/getGoodsDetail.do?goodsNo=A000000173752&dispCatNo=90000010009&trackingCd=Best_Sellingbest&t_page=랭킹&t_click=판매랭킹_건강식품_상품상세&t_number=78
건강식품,79,푸드올로지,[서현PICK]콜레올로지 버닝올로지 디데이 3.8g*5포 (5일분),https://www.oliveyoung.co.kr/store/goods/getGoodsDetail.do?goodsNo=A000000170108&dispCatNo=90000010009&trackingCd=Best_Sellingbest&t_page=랭킹&t_click=판매랭킹_건강식품_상품상세&t_number=79
건강식품,80,센트룸,센트룸 멀티 비타민 미네랄 실버 우먼 50정 (50일분),https://www.oliveyoung.co.kr/store/goods/getGoodsDetail.do?goodsNo=A000000105162&dispCatNo=90000010009&trackingCd=Best_Sellingbest&t_page=랭킹&t_click=판매랭킹_건강식품_상품상세&t_number=80
건강식품,81,에버콜라겐,에버콜라겐 타임 비오틴 핏 30포 (30일분),https://www.oliveyoung.co.kr/store/goods/getGoodsDetail.do?goodsNo=A000000191452&dispCatNo=90000010009&trackingCd=Best_Sellingbest&t_page=랭킹&t_click=판매랭킹_건강식품_상품상세&t_number=81
건강식품,82,블랙모어스,블랙모어스 오더리스 피시오일 미니 250캡슐 (125일분),https://www.oliveyoung.co.kr/store/goods/getGoodsDetail.do?goodsNo=A000000128309&dispCatNo=90000010009&trackingCd=Best_Sellingbest&t_page=랭킹&t_click=판매랭킹_건강식품_상품상세&t_number=82
건강식품,83,락토핏,락토핏 솔루션2 (예민한 장) (30일분),https://www.oliveyoung.co.kr/store/goods/getGoodsDetail.do?goodsNo=A000000171566&dispCatNo=90000010009&trackingCd=Best_Sellingbest&t_page=랭킹&t_click=판매랭킹_건강식품_상품상세&t_number=83
건강식품,84,비비랩,비비랩 저분자콜라겐S 30포+미니10포 한정기획 (40일분),https://www.oliveyoung.co.kr/store/goods/getGoodsDetail.do?goodsNo=A000000203733&dispCatNo=90000010009&trackingCd=Best_Sellingbest&t_page=랭킹&t_click=판매랭킹_건강식품_상품상세&t_number=84
건강식품,85,덴프스,덴프스 트루바이타민 30포*3박스 (3개월분),https://www.oliveyoung.co.kr/store/goods/getGoodsDetail.do?goodsNo=B000000182596&dispCatNo=90000010009&trackingCd=Best_Sellingbest&t_page=랭킹&t_click=판매랭킹_건강식품_상품상세&t_number=85
건강식품,86,오니스트,오니스트 트리플샤인 포도 14개입 (14일분),https://www.oliveyoung.co.kr/store/goods/getGoodsDetail.do?goodsNo=A000000204000&dispCatNo=90000010009&trackingCd=Best_Sellingbest&t_page=랭킹&t_click=판매랭킹_건강식품_상품상세&t_number=86
건강식품,87,바이너랩,바이너랩 겟글로시 글루타치온 30포(리포솜)(15일분),https://www.oliveyoung.co.kr/store/goods/getGoodsDetail.do?goodsNo=A000000167142&dispCatNo=90000010009&trackingCd=Best_Sellingbest&t_page=랭킹&t_click=판매랭킹_건강식품_상품상세&t_number=87
건강식품,88,줄리스초이스,[먹는광채스틱]줄리스초이스 에버글로우 피에스트로 30포 (30일분),https://www.oliveyoung.co.kr/store/goods/getGoodsDetail.do?goodsNo=A000000200790&dispCatNo=90000010009&trackingCd=Best_Sellingbest&t_page=랭킹&t_click=판매랭킹_건강식품_상품상세&t_number=88
건강식품,89,엔젯오리진,엔젯오리진 비타프레쉬 귤젤리 비타민 C&D 3000 70구미+15구미 증정기획(28일분),https://www.oliveyoung.co.kr/store/goods/getGoodsDetail.do?goodsNo=A000000199586&dispCatNo=90000010009&trackingCd=Best_Sellingbest&t_page=랭킹&t_click=판매랭킹_건강식품_상품상세&t_number=89
건강식품,90,미궁365,미궁365 대장사랑 오리지널 14포 (7일분),https://www.oliveyoung.co.kr/store/goods/getGoodsDetail.do?goodsNo=A000000164352&dispCatNo=90000010009&trackingCd=Best_Sellingbest&t_page=랭킹&t_click=판매랭킹_건강식품_상품상세&t_number=90
건강식품,91,디어퀸,[김연아 PICK] 디어퀸 콜라겐 정 60정(1개월분),https://www.oliveyoung.co.kr/store/goods/getGoodsDetail.do?goodsNo=A000000199800&dispCatNo=90000010009&trackingCd=Best_Sellingbest&t_page=랭킹&t_click=판매랭킹_건강식품_상품상세&t_number=91
건강식품,92,세노비스,세노비스 프로바이오틱스 데일리 30포 (1개월분),https://www.oliveyoung.co.kr/store/goods/getGoodsDetail.do?goodsNo=A000000144234&dispCatNo=90000010009&trackingCd=Best_Sellingbest&t_page=랭킹&t_click=판매랭킹_건강식품_상품상세&t_number=92
건강식품,93,칼로,[진예PICK] 칼로 스탑PLUS 15+3포/칼로 컨트롤PLUS 15+3포 중 택 1,https://www.oliveyoung.co.kr/store/goods/getGoodsDetail.do?goodsNo=A000000186228&dispCatNo=90000010009&trackingCd=Best_Sellingbest&t_page=랭킹&t_click=판매랭킹_건강식품_상품상세&t_number=93
건강식품,94,푸드올로지,[6월 올영픽/서현PICK/NEW]콜레올로지 더블샷 7일 7입(1주분),https://www.oliveyoung.co.kr/store/goods/getGoodsDetail.do?goodsNo=A000000204862&dispCatNo=90000010009&trackingCd=Best_Sellingbest&t_page=랭킹&t_click=판매랭킹_건강식품_상품상세&t_number=94
건강식품,95,세노비스,세노비스 수퍼바이오틱스 60캡슐 (2개월분),https://www.oliveyoung.co.kr/store/goods/getGoodsDetail.do?goodsNo=A000000113627&dispCatNo=90000010009&trackingCd=Best_Sellingbest&t_page=랭킹&t_click=판매랭킹_건강식품_상품상세&t_number=95
건강식품,96,네이처메이드,네이처메이드 액티브 데일리 멀티 포 맨 120정 (2개월분),https://www.oliveyoung.co.kr/store/goods/getGoodsDetail.do?goodsNo=A000000112148&dispCatNo=90000010009&trackingCd=Best_Sellingbest&t_page=랭킹&t_click=판매랭킹_건강식품_상품상세&t_number=96
건강식품,97,고려은단,고려은단 멀티비타민 올인원 30정 (30일분),https://www.oliveyoung.co.kr/store/goods/getGoodsDetail.do?goodsNo=A000000166574&dispCatNo=90000010009&trackingCd=Best_Sellingbest&t_page=랭킹&t_click=판매랭킹_건강식품_상품상세&t_number=97
건강식품,98,세노비스,세노비스 밀크씨슬 120캡슐 (4개월분),https://www.oliveyoung.co.kr/store/goods/getGoodsDetail.do?goodsNo=A000000129053&dispCatNo=90000010009&trackingCd=Best_Sellingbest&t_page=랭킹&t_click=판매랭킹_건강식품_상품상세&t_number=98
건강식품,99,grn+,grn+ 탄수화물 컷 분홍이/초록이 포켓 10포+4포증정 (14일분) 2종 중 택1,https://www.oliveyoung.co.kr/store/goods/getGoodsDetail.do?goodsNo=A000000180415&dispCatNo=90000010009&trackingCd=Best_Sellingbest&t_page=랭킹&t_click=판매랭킹_건강식품_상품상세&t_number=99
건강식품,100,그린몬스터,[이은지 PICK/4일 추가증정] 그린몬스터 다이어트 쾌변 쑥 기획세트 (14일+4일),https://www.oliveyoung.co.kr/store/goods/getGoodsDetail.do?goodsNo=A000000199923&dispCatNo=90000010009&trackingCd=Best_Sellingbest&t_page=랭킹&t_click=판매랭킹_건강식품_상품상세&t_number=100
푸드,1,딜라이트 프로젝트,딜라이트 프로젝트 베이글칩 6종 택1,https://www.oliveyoung.co.kr/store/goods/getGoodsDetail.do?goodsNo=A000000147779&dispCatNo=90000010009&trackingCd=Best_Sellingbest&t_page=랭킹&t_click=판매랭킹_푸드_상품상세&t_number=1
푸드,2,딜라이트 프로젝트,딜라이트 프로젝트 프레첼 2종 택1,https://www.oliveyoung.co.kr/store/goods/getGoodsDetail.do?goodsNo=A000000147782&dispCatNo=90000010009&trackingCd=Best_Sellingbest&t_page=랭킹&t_click=판매랭킹_푸드_상품상세&t_number=2
푸드,3,딜라이트 프로젝트,[100개 특가] 딜라이트 프로젝트 명인 찹쌀오징어채부각,https://www.oliveyoung.co.kr/store/goods/getGoodsDetail.do?goodsNo=A000000199842&dispCatNo=90000010009&trackingCd=Best_Sellingbest&t_page=랭킹&t_click=판매랭킹_푸드_상품상세&t_number=3
푸드,4,빼바,[6/1 하루특가/무가당 프로틴바] 빼바 리얼초콜릿 프로틴바 40g 1BOX(9개입) 2종 택1 (다크/화이트),https://www.oliveyoung.co.kr/store/goods/getGoodsDetail.do?goodsNo=A000000191980&dispCatNo=90000010009&trackingCd=Best_Sellingbest&t_page=랭킹&t_click=판매랭킹_푸드_상품상세&t_number=4
푸드,5,딜라이트 프로젝트,딜라이트 프로젝트 베이글칩 125g 어워즈 한정 기획 2종 택1,https://www.oliveyoung.co.kr/store/goods/getGoodsDetail.do?goodsNo=A000000192363&dispCatNo=90000010009&trackingCd=Best_Sellingbest&t_page=랭킹&t_click=판매랭킹_푸드_상품상세&t_number=5
푸드,6,딜라이트 프로젝트,[6/1 하루특가] 딜라이트 프로젝트 프로틴 베이글칩 2종 택1,https://www.oliveyoung.co.kr/store/goods/getGoodsDetail.do?goodsNo=A000000181057&dispCatNo=90000010009&trackingCd=Best_Sellingbest&t_page=랭킹&t_click=판매랭킹_푸드_상품상세&t_number=6
푸드,7,티트리트,티트리트 푸룬딥스트롱 180ml,https://www.oliveyoung.co.kr/store/goods/getGoodsDetail.do?goodsNo=A000000186434&dispCatNo=90000010009&trackingCd=Best_Sellingbest&t_page=랭킹&t_click=판매랭킹_푸드_상품상세&t_number=7
푸드,8,프로티원,[무료배송] 프로티원 단백질쉐이크 대용량 4종 택1 (1ea/2ea),https://www.oliveyoung.co.kr/store/goods/getGoodsDetail.do?goodsNo=B000000196839&dispCatNo=90000010009&trackingCd=Best_Sellingbest&t_page=랭킹&t_click=판매랭킹_푸드_상품상세&t_number=8
푸드,9,딜라이트 프로젝트,딜라이트 프로젝트 곤약워터젤리 5종 택1,https://www.oliveyoung.co.kr/store/goods/getGoodsDetail.do?goodsNo=A000000154194&dispCatNo=90000010009&trackingCd=Best_Sellingbest&t_page=랭킹&t_click=판매랭킹_푸드_상품상세&t_number=9
푸드,10,비브리브,"[2+1]비브리브 꼬박꼬밥 5종 중 택1(미숫가루,초코,스윗콘,밤,흑임자)",https://www.oliveyoung.co.kr/store/goods/getGoodsDetail.do?goodsNo=A000000170666&dispCatNo=90000010009&trackingCd=Best_Sellingbest&t_page=랭킹&t_click=판매랭킹_푸드_상품상세&t_number=10
푸드,11,딜라이트 프로젝트,딜라이트 프로젝트 명인 부각 5종 택1,https://www.oliveyoung.co.kr/store/goods/getGoodsDetail.do?goodsNo=A000000161129&dispCatNo=90000010009&trackingCd=Best_Sellingbest&t_page=랭킹&t_click=판매랭킹_푸드_상품상세&t_number=11
푸드,12,밀크클래식,밀크클래식 쌀과자 240g,https://www.oliveyoung.co.kr/store/goods/getGoodsDetail.do?goodsNo=A000000205038&dispCatNo=90000010009&trackingCd=Best_Sellingbest&t_page=랭킹&t_click=판매랭킹_푸드_상품상세&t_number=12
푸드,13,더단백,"빙그레 더단백 파우치 1ea 2종 택1(초코,곡물)",https://www.oliveyoung.co.kr/store/goods/getGoodsDetail.do?goodsNo=A000000186035&dispCatNo=90000010009&trackingCd=Best_Sellingbest&t_page=랭킹&t_click=판매랭킹_푸드_상품상세&t_number=13
푸드,14,테일러,NEW 테일러 푸룬 딥워터 180ml 오리지널/매실/콤부차/자몽 4종 택1,https://www.oliveyoung.co.kr/store/goods/getGoodsDetail.do?goodsNo=A000000165976&dispCatNo=90000010009&trackingCd=Best_Sellingbest&t_page=랭킹&t_click=판매랭킹_푸드_상품상세&t_number=14
푸드,15,누텔라,누텔라 비스킷 304g,https://www.oliveyoung.co.kr/store/goods/getGoodsDetail.do?goodsNo=A000000182488&dispCatNo=90000010009&trackingCd=Best_Sellingbest&t_page=랭킹&t_click=판매랭킹_푸드_상품상세&t_number=15
푸드,16,플라이밀,"[단7일, 100개특가] 플라이밀 단백질쉐이크 45g 5종 택1",https://www.oliveyoung.co.kr/store/goods/getGoodsDetail.do?goodsNo=A000000190168&dispCatNo=90000010009&trackingCd=Best_Sellingbest&t_page=랭킹&t_click=판매랭킹_푸드_상품상세&t_number=16
푸드,17,딜라이트 프로젝트,[100개 특가] 딜라이트 프로젝트 과일칩 4종 택1,https://www.oliveyoung.co.kr/store/goods/getGoodsDetail.do?goodsNo=A000000156092&dispCatNo=90000010009&trackingCd=Best_Sellingbest&t_page=랭킹&t_click=판매랭킹_푸드_상품상세&t_number=17
푸드,18,마이노멀,마이노멀 제로젤리 사워베어 42g,https://www.oliveyoung.co.kr/store/goods/getGoodsDetail.do?goodsNo=A000000204752&dispCatNo=90000010009&trackingCd=Best_Sellingbest&t_page=랭킹&t_click=판매랭킹_푸드_상품상세&t_number=18
푸드,19,크리스탈 라이트​,크리스탈라이트 에이드 10p 6종 택1,https://www.oliveyoung.co.kr/store/goods/getGoodsDetail.do?goodsNo=A000000136806&dispCatNo=90000010009&trackingCd=Best_Sellingbest&t_page=랭킹&t_click=판매랭킹_푸드_상품상세&t_number=19
푸드,20,딜라이트 프로젝트,딜라이트 프로젝트 바삭한 원물 믹스칩 5종 택1,https://www.oliveyoung.co.kr/store/goods/getGoodsDetail.do?goodsNo=A000000164693&dispCatNo=90000010009&trackingCd=Best_Sellingbest&t_page=랭킹&t_click=판매랭킹_푸드_상품상세&t_number=20
푸드,21,딜라이트 프로젝트,딜라이트 프로젝트 더티초코 디저트 3종 택1,https://www.oliveyoung.co.kr/store/goods/getGoodsDetail.do?goodsNo=A000000189568&dispCatNo=90000010009&trackingCd=Best_Sellingbest&t_page=랭킹&t_click=판매랭킹_푸드_상품상세&t_number=21
푸드,22,프롬잇,[디디미니PICK] 프롬잇 프로틴칩 6종 택1,https://www.oliveyoung.co.kr/store/goods/getGoodsDetail.do?goodsNo=A000000156090&dispCatNo=90000010009&trackingCd=Best_Sellingbest&t_page=랭킹&t_click=판매랭킹_푸드_상품상세&t_number=22
푸드,23,락토핏,[6월 올영픽]락토조이 오늘비움 80ml,https://www.oliveyoung.co.kr/store/goods/getGoodsDetail.do?goodsNo=A000000162506&dispCatNo=90000010009&trackingCd=Best_Sellingbest&t_page=랭킹&t_click=판매랭킹_푸드_상품상세&t_number=23
푸드,24,테일러,테일러 푸룬 농축 딥워터 180ml,https://www.oliveyoung.co.kr/store/goods/getGoodsDetail.do?goodsNo=A000000115097&dispCatNo=90000010009&trackingCd=Best_Sellingbest&t_page=랭킹&t_click=판매랭킹_푸드_상품상세&t_number=24
푸드,25,비브리브,[2+1]비브리브 꼬박꼬밥 미숫가루,https://www.oliveyoung.co.kr/store/goods/getGoodsDetail.do?goodsNo=A000000170656&dispCatNo=90000010009&trackingCd=Best_Sellingbest&t_page=랭킹&t_click=판매랭킹_푸드_상품상세&t_number=25
푸드,26,딜라이트 프로젝트,[선물추천] 딜라이트 프로젝트 베이글칩 5종 컬렉션,https://www.oliveyoung.co.kr/store/goods/getGoodsDetail.do?goodsNo=A000000170775&dispCatNo=90000010009&trackingCd=Best_Sellingbest&t_page=랭킹&t_click=판매랭킹_푸드_상품상세&t_number=26
푸드,27,딜라이트 프로젝트,딜라이트 프로젝트 쫀득한 말랭이 대용량 기획 3종 택1,https://www.oliveyoung.co.kr/store/goods/getGoodsDetail.do?goodsNo=A000000162822&dispCatNo=90000010009&trackingCd=Best_Sellingbest&t_page=랭킹&t_click=판매랭킹_푸드_상품상세&t_number=27
푸드,28,프로틴방앗간,하루단백바 45g 5종 택1 (카카오/흑임자/블론디오곡/치즈베리/헤이쑥),https://www.oliveyoung.co.kr/store/goods/getGoodsDetail.do?goodsNo=A000000169540&dispCatNo=90000010009&trackingCd=Best_Sellingbest&t_page=랭킹&t_click=판매랭킹_푸드_상품상세&t_number=28
푸드,29,부샤드,부샤드 초콜릿 132g 3종 중 택1 (밀크/다크/카라멜&씨솔트),https://www.oliveyoung.co.kr/store/goods/getGoodsDetail.do?goodsNo=A000000174401&dispCatNo=90000010009&trackingCd=Best_Sellingbest&t_page=랭킹&t_click=판매랭킹_푸드_상품상세&t_number=29
푸드,30,라이블링,"라이블링 클렌즈, 그린케어 15ml*10포입 4종 택 1 (레몬맛/자몽맛 애사비클렌즈,매실맛 파사비,청사과맛 양배추)",https://www.oliveyoung.co.kr/store/goods/getGoodsDetail.do?goodsNo=A000000197720&dispCatNo=90000010009&trackingCd=Best_Sellingbest&t_page=랭킹&t_click=판매랭킹_푸드_상품상세&t_number=30
푸드,31,플라이밀,플라이밀 대용량 단백질쉐이크 630g 6종 택 1,https://www.oliveyoung.co.kr/store/goods/getGoodsDetail.do?goodsNo=B000000189457&dispCatNo=90000010009&trackingCd=Best_Sellingbest&t_page=랭킹&t_click=판매랭킹_푸드_상품상세&t_number=31
푸드,32,티젠,티젠 콤부차 10T 10종 택1,https://www.oliveyoung.co.kr/store/goods/getGoodsDetail.do?goodsNo=A000000124481&dispCatNo=90000010009&trackingCd=Best_Sellingbest&t_page=랭킹&t_click=판매랭킹_푸드_상품상세&t_number=32
푸드,33,딜라이트 프로젝트,[신상특가] 딜라이트 프로젝트 클렌즈샷 3종 택1,https://www.oliveyoung.co.kr/store/goods/getGoodsDetail.do?goodsNo=A000000205243&dispCatNo=90000010009&trackingCd=Best_Sellingbest&t_page=랭킹&t_click=판매랭킹_푸드_상품상세&t_number=33
푸드,34,이클립스,이클립스 34g 4종 택1,https://www.oliveyoung.co.kr/store/goods/getGoodsDetail.do?goodsNo=A000000153826&dispCatNo=90000010009&trackingCd=Best_Sellingbest&t_page=랭킹&t_click=판매랭킹_푸드_상품상세&t_number=34
푸드,35,마이노멀,마이노멀 제로젤리 제로베어 38g,https://www.oliveyoung.co.kr/store/goods/getGoodsDetail.do?goodsNo=A000000204750&dispCatNo=90000010009&trackingCd=Best_Sellingbest&t_page=랭킹&t_click=판매랭킹_푸드_상품상세&t_number=35
푸드,36,신타6,[+리유저블백] 신타6 엣지 초코맛 프로틴 4kg(100회분),https://www.oliveyoung.co.kr/store/goods/getGoodsDetail.do?goodsNo=B000000176312&dispCatNo=90000010009&trackingCd=Best_Sellingbest&t_page=랭킹&t_click=판매랭킹_푸드_상품상세&t_number=36
푸드,37,플라이밀,플라이밀 단백질쉐이크 630g 보틀기획 (6가지맛),https://www.oliveyoung.co.kr/store/goods/getGoodsDetail.do?goodsNo=B000000192882&dispCatNo=90000010009&trackingCd=Best_Sellingbest&t_page=랭킹&t_click=판매랭킹_푸드_상품상세&t_number=37
푸드,38,딜라이트 프로젝트,[온라인단독]딜라이트 프로젝트 곤약워터젤리 10개입 5종 택 1,https://www.oliveyoung.co.kr/store/goods/getGoodsDetail.do?goodsNo=A000000188343&dispCatNo=90000010009&trackingCd=Best_Sellingbest&t_page=랭킹&t_click=판매랭킹_푸드_상품상세&t_number=38
푸드,39,라이블링,"라이블링 클렌즈 15ml*30포 4종(매실맛,애사비레몬맛&자몽맛,청사과맛) 택1",https://www.oliveyoung.co.kr/store/goods/getGoodsDetail.do?goodsNo=B000000190675&dispCatNo=90000010009&trackingCd=Best_Sellingbest&t_page=랭킹&t_click=판매랭킹_푸드_상품상세&t_number=39
푸드,40,딜라이트 프로젝트,딜라이트 프로젝트 더티초코팝콘,https://www.oliveyoung.co.kr/store/goods/getGoodsDetail.do?goodsNo=A000000190889&dispCatNo=90000010009&trackingCd=Best_Sellingbest&t_page=랭킹&t_click=판매랭킹_푸드_상품상세&t_number=40
푸드,41,옐로욜로,옐로욜로 카카오칩 25g,https://www.oliveyoung.co.kr/store/goods/getGoodsDetail.do?goodsNo=A000000126475&dispCatNo=90000010009&trackingCd=Best_Sellingbest&t_page=랭킹&t_click=판매랭킹_푸드_상품상세&t_number=41
푸드,42,라이블링,"라이블링 옐로우 클렌즈 15ml*10포입 (애사비, 레몬맛)",https://www.oliveyoung.co.kr/store/goods/getGoodsDetail.do?goodsNo=A000000191325&dispCatNo=90000010009&trackingCd=Best_Sellingbest&t_page=랭킹&t_click=판매랭킹_푸드_상품상세&t_number=42
푸드,43,그린몬스터,[이은지 PICK] 그린몬스터 헐리우드48시간 원조 비건 클렌즈 947ml,https://www.oliveyoung.co.kr/store/goods/getGoodsDetail.do?goodsNo=A000000016494&dispCatNo=90000010009&trackingCd=Best_Sellingbest&t_page=랭킹&t_click=판매랭킹_푸드_상품상세&t_number=43
푸드,44,랠리,"랠리 프로틴바 58g 4종 (초콜렛청크,그린티라떼,인절미,카카오카라멜)",https://www.oliveyoung.co.kr/store/goods/getGoodsDetail.do?goodsNo=A000000191300&dispCatNo=90000010009&trackingCd=Best_Sellingbest&t_page=랭킹&t_click=판매랭킹_푸드_상품상세&t_number=44
푸드,45,딜라이트 프로젝트,딜라이트 프로젝트 더티초코프레첼,https://www.oliveyoung.co.kr/store/goods/getGoodsDetail.do?goodsNo=A000000190892&dispCatNo=90000010009&trackingCd=Best_Sellingbest&t_page=랭킹&t_click=판매랭킹_푸드_상품상세&t_number=45
푸드,46,비브리브,[2+1]비브리브 꼬박꼬밥 초코,https://www.oliveyoung.co.kr/store/goods/getGoodsDetail.do?goodsNo=A000000170654&dispCatNo=90000010009&trackingCd=Best_Sellingbest&t_page=랭킹&t_click=판매랭킹_푸드_상품상세&t_number=46
푸드,47,더단백,빙그레 더단백 팝칩 군옥수수,https://www.oliveyoung.co.kr/store/goods/getGoodsDetail.do?goodsNo=A000000186026&dispCatNo=90000010009&trackingCd=Best_Sellingbest&t_page=랭킹&t_click=판매랭킹_푸드_상품상세&t_number=47
푸드,48,일동,후디스 프리미엄 산양분유 1단계 800g 3캔,https://www.oliveyoung.co.kr/store/goods/getGoodsDetail.do?goodsNo=B000000132965&dispCatNo=90000010009&trackingCd=Best_Sellingbest&t_page=랭킹&t_click=판매랭킹_푸드_상품상세&t_number=48
푸드,49,헌터스,헌터스 히말라야 핑크 솔트 포테이토칩 40g,https://www.oliveyoung.co.kr/store/goods/getGoodsDetail.do?goodsNo=A000000202445&dispCatNo=90000010009&trackingCd=Best_Sellingbest&t_page=랭킹&t_click=판매랭킹_푸드_상품상세&t_number=49
푸드,50,힙,힙 콤비오틱 유기농 분유 3종 택1,https://www.oliveyoung.co.kr/store/goods/getGoodsDetail.do?goodsNo=B000000155720&dispCatNo=90000010009&trackingCd=Best_Sellingbest&t_page=랭킹&t_click=판매랭킹_푸드_상품상세&t_number=50
푸드,51,팜밀리,팜밀리 ABCD 클렌즈 주스 70ml,https://www.oliveyoung.co.kr/store/goods/getGoodsDetail.do?goodsNo=A000000193339&dispCatNo=90000010009&trackingCd=Best_Sellingbest&t_page=랭킹&t_click=판매랭킹_푸드_상품상세&t_number=51
푸드,52,딜라이트 프로젝트,딜라이트 프로젝트 프로틴 베이커리칩 2종 택1,https://www.oliveyoung.co.kr/store/goods/getGoodsDetail.do?goodsNo=A000000167296&dispCatNo=90000010009&trackingCd=Best_Sellingbest&t_page=랭킹&t_click=판매랭킹_푸드_상품상세&t_number=52
푸드,53,팜밀리,팜밀리 ABCD 클렌즈 주스/타트체리 클렌즈 주스 70ml 2종 택1,https://www.oliveyoung.co.kr/store/goods/getGoodsDetail.do?goodsNo=A000000172353&dispCatNo=90000010009&trackingCd=Best_Sellingbest&t_page=랭킹&t_click=판매랭킹_푸드_상품상세&t_number=53
푸드,54,빼바,[무가당 프로틴바] 빼바 리얼초콜릿 프로틴바 40g 2종 택1 (다크/화이트),https://www.oliveyoung.co.kr/store/goods/getGoodsDetail.do?goodsNo=A000000191560&dispCatNo=90000010009&trackingCd=Best_Sellingbest&t_page=랭킹&t_click=판매랭킹_푸드_상품상세&t_number=54
푸드,55,그린몬스터,[이은지 PICK] 그린몬스터 데일리 헐리우드48시간 원조 비건 클렌즈,https://www.oliveyoung.co.kr/store/goods/getGoodsDetail.do?goodsNo=A000000179954&dispCatNo=90000010009&trackingCd=Best_Sellingbest&t_page=랭킹&t_click=판매랭킹_푸드_상품상세&t_number=55
푸드,56,딜라이트 프로젝트,[온라인단독]딜라이트 프로젝트 클렌즈 착즙주스*10개입 2종 택 1,https://www.oliveyoung.co.kr/store/goods/getGoodsDetail.do?goodsNo=A000000185585&dispCatNo=90000010009&trackingCd=Best_Sellingbest&t_page=랭킹&t_click=판매랭킹_푸드_상품상세&t_number=56
푸드,57,티젠,[NEW] 티젠 콤부차 10T 3종 택 1 (매실/스트로베리키위/청귤라임),https://www.oliveyoung.co.kr/store/goods/getGoodsDetail.do?goodsNo=A000000205249&dispCatNo=90000010009&trackingCd=Best_Sellingbest&t_page=랭킹&t_click=판매랭킹_푸드_상품상세&t_number=57
푸드,58,부샤드,부샤드 나폴리탄 카라멜&씨솔트 초콜릿 132g,https://www.oliveyoung.co.kr/store/goods/getGoodsDetail.do?goodsNo=A000000174393&dispCatNo=90000010009&trackingCd=Best_Sellingbest&t_page=랭킹&t_click=판매랭킹_푸드_상품상세&t_number=58
푸드,59,플라이밀,"플라이밀 스타터패키지 단백질쉐이크 (45g*6팩, 6가지맛)",https://www.oliveyoung.co.kr/store/goods/getGoodsDetail.do?goodsNo=B000000190969&dispCatNo=90000010009&trackingCd=Best_Sellingbest&t_page=랭킹&t_click=판매랭킹_푸드_상품상세&t_number=59
푸드,60,포지타노,포지타노 레몬캔디 200g,https://www.oliveyoung.co.kr/store/goods/getGoodsDetail.do?goodsNo=A000000127695&dispCatNo=90000010009&trackingCd=Best_Sellingbest&t_page=랭킹&t_click=판매랭킹_푸드_상품상세&t_number=60
푸드,61,허닭,"[허닭/NEW닭다리살] 닭가슴살 스테이크,큐브,볼,소시지 93종 1+1 골라담기",https://www.oliveyoung.co.kr/store/goods/getGoodsDetail.do?goodsNo=B000000198261&dispCatNo=90000010009&trackingCd=Best_Sellingbest&t_page=랭킹&t_click=판매랭킹_푸드_상품상세&t_number=61
푸드,62,랩노쉬,"랩노쉬 단백쿠키 4종 택1(더블초코,피넛버터,리치코코넛,화이트오렌지)",https://www.oliveyoung.co.kr/store/goods/getGoodsDetail.do?goodsNo=A000000166971&dispCatNo=90000010009&trackingCd=Best_Sellingbest&t_page=랭킹&t_click=판매랭킹_푸드_상품상세&t_number=62
푸드,63,허닭,"[허닭] 주먹밥,곤약볶음밥,다이어트도시락 외 간편식 1+1 골라담기",https://www.oliveyoung.co.kr/store/goods/getGoodsDetail.do?goodsNo=B000000198264&dispCatNo=90000010009&trackingCd=Best_Sellingbest&t_page=랭킹&t_click=판매랭킹_푸드_상품상세&t_number=63
푸드,64,프로틴방앗간,하루단백바 제트 초코케이크맛 40g,https://www.oliveyoung.co.kr/store/goods/getGoodsDetail.do?goodsNo=A000000167958&dispCatNo=90000010009&trackingCd=Best_Sellingbest&t_page=랭킹&t_click=판매랭킹_푸드_상품상세&t_number=64
푸드,65,딜라이트 프로젝트,딜라이트 프로젝트 눈꽃간식 3종 택1,https://www.oliveyoung.co.kr/store/goods/getGoodsDetail.do?goodsNo=A000000205388&dispCatNo=90000010009&trackingCd=Best_Sellingbest&t_page=랭킹&t_click=판매랭킹_푸드_상품상세&t_number=65
푸드,66,딜라이트 프로젝트,딜라이트 프로젝트 쫀득한 말랭이 5입 기획 2종 택1,https://www.oliveyoung.co.kr/store/goods/getGoodsDetail.do?goodsNo=A000000135612&dispCatNo=90000010009&trackingCd=Best_Sellingbest&t_page=랭킹&t_click=판매랭킹_푸드_상품상세&t_number=66
푸드,67,티젠,[단독기획] 티젠 콤부차 30T 10종 택1,https://www.oliveyoung.co.kr/store/goods/getGoodsDetail.do?goodsNo=A000000152387&dispCatNo=90000010009&trackingCd=Best_Sellingbest&t_page=랭킹&t_click=판매랭킹_푸드_상품상세&t_number=67
푸드,68,티젠,[한정기획] 티젠 콤부차 10T+파우치 기획 3종 택1,https://www.oliveyoung.co.kr/store/goods/getGoodsDetail.do?goodsNo=A000000191856&dispCatNo=90000010009&trackingCd=Best_Sellingbest&t_page=랭킹&t_click=판매랭킹_푸드_상품상세&t_number=68
푸드,69,트윅스,트윅스 탑 21gx10개입,https://www.oliveyoung.co.kr/store/goods/getGoodsDetail.do?goodsNo=A000000145441&dispCatNo=90000010009&trackingCd=Best_Sellingbest&t_page=랭킹&t_click=판매랭킹_푸드_상품상세&t_number=69
푸드,70,딜라이트 프로젝트,딜라이트 프로젝트 벌꿀약과,https://www.oliveyoung.co.kr/store/goods/getGoodsDetail.do?goodsNo=A000000173602&dispCatNo=90000010009&trackingCd=Best_Sellingbest&t_page=랭킹&t_click=판매랭킹_푸드_상품상세&t_number=70
푸드,71,쏙차,[대용량기획] 가벼운 쏙차 브이턴온 15포+5포 기획,https://www.oliveyoung.co.kr/store/goods/getGoodsDetail.do?goodsNo=A000000200380&dispCatNo=90000010009&trackingCd=Best_Sellingbest&t_page=랭킹&t_click=판매랭킹_푸드_상품상세&t_number=71
푸드,72,링티,링티 10P 2종 택1,https://www.oliveyoung.co.kr/store/goods/getGoodsDetail.do?goodsNo=A000000142660&dispCatNo=90000010009&trackingCd=Best_Sellingbest&t_page=랭킹&t_click=판매랭킹_푸드_상품상세&t_number=72
푸드,73,리터,리터 초콜릿 100g 5종 택 1 (알파인밀크/콘플레이크/버터비스킷/딸기요거트/페퍼민트),https://www.oliveyoung.co.kr/store/goods/getGoodsDetail.do?goodsNo=A000000191996&dispCatNo=90000010009&trackingCd=Best_Sellingbest&t_page=랭킹&t_click=판매랭킹_푸드_상품상세&t_number=73
푸드,74,인테이크,닥터넛츠 오리지널뉴 28g 30개입,https://www.oliveyoung.co.kr/store/goods/getGoodsDetail.do?goodsNo=B000000169955&dispCatNo=90000010009&trackingCd=Best_Sellingbest&t_page=랭킹&t_click=판매랭킹_푸드_상품상세&t_number=74
푸드,75,리콜라,리콜라슈거프리레몬40g,https://www.oliveyoung.co.kr/store/goods/getGoodsDetail.do?goodsNo=A000000126516&dispCatNo=90000010009&trackingCd=Best_Sellingbest&t_page=랭킹&t_click=판매랭킹_푸드_상품상세&t_number=75
푸드,76,그린몬스터,[이은지PICK] 그린몬스터 디톡 콤부차 10T 5종 택1(허니자몽/납작복숭아/석류히비스커스/패션후르츠/레몬홍차),https://www.oliveyoung.co.kr/store/goods/getGoodsDetail.do?goodsNo=A000000162282&dispCatNo=90000010009&trackingCd=Best_Sellingbest&t_page=랭킹&t_click=판매랭킹_푸드_상품상세&t_number=76
푸드,77,델리스푼,델리스푼 로슈얼 시리얼 35g 2종 중 택 1(카카오맛/옥수수맛),https://www.oliveyoung.co.kr/store/goods/getGoodsDetail.do?goodsNo=A000000191689&dispCatNo=90000010009&trackingCd=Best_Sellingbest&t_page=랭킹&t_click=판매랭킹_푸드_상품상세&t_number=77
푸드,78,페레로로쉐,페레로로쉐 초콜릿바 다크,https://www.oliveyoung.co.kr/store/goods/getGoodsDetail.do?goodsNo=A000000191161&dispCatNo=90000010009&trackingCd=Best_Sellingbest&t_page=랭킹&t_click=판매랭킹_푸드_상품상세&t_number=78
푸드,79,프로티원,프로티원 단백질쉐이크 파우치형 40g 4종 택1,https://www.oliveyoung.co.kr/store/goods/getGoodsDetail.do?goodsNo=A000000202771&dispCatNo=90000010009&trackingCd=Best_Sellingbest&t_page=랭킹&t_click=판매랭킹_푸드_상품상세&t_number=79
푸드,80,딜라이트 프로젝트,[신상특가] 딜라이트 프로젝트 애플비니거 클렌즈샷,https://www.oliveyoung.co.kr/store/goods/getGoodsDetail.do?goodsNo=A000000205241&dispCatNo=90000010009&trackingCd=Best_Sellingbest&t_page=랭킹&t_click=판매랭킹_푸드_상품상세&t_number=80
푸드,81,오설록,오설록 산호섬 아이스티,https://www.oliveyoung.co.kr/store/goods/getGoodsDetail.do?goodsNo=B000000187191&dispCatNo=90000010009&trackingCd=Best_Sellingbest&t_page=랭킹&t_click=판매랭킹_푸드_상품상세&t_number=81
푸드,82,티트리트,티트리트 여우티 22T,https://www.oliveyoung.co.kr/store/goods/getGoodsDetail.do?goodsNo=A000000145744&dispCatNo=90000010009&trackingCd=Best_Sellingbest&t_page=랭킹&t_click=판매랭킹_푸드_상품상세&t_number=82
푸드,83,딜라이트 프로젝트,딜라이트 프로젝트 프로틴 베이커리칩 대용량 기획 2종 택1,https://www.oliveyoung.co.kr/store/goods/getGoodsDetail.do?goodsNo=A000000175538&dispCatNo=90000010009&trackingCd=Best_Sellingbest&t_page=랭킹&t_click=판매랭킹_푸드_상품상세&t_number=83
푸드,84,랩노쉬,"랩노쉬 단백쿠키바 4종 택1(블랙쿠키,쿠키앤크림,피넛버터,밀크티)",https://www.oliveyoung.co.kr/store/goods/getGoodsDetail.do?goodsNo=A000000166933&dispCatNo=90000010009&trackingCd=Best_Sellingbest&t_page=랭킹&t_click=판매랭킹_푸드_상품상세&t_number=84
푸드,85,롯데,"롯데 제로 캔디 2종(레몬민트,페퍼민트)",https://www.oliveyoung.co.kr/store/goods/getGoodsDetail.do?goodsNo=A000000202791&dispCatNo=90000010009&trackingCd=Best_Sellingbest&t_page=랭킹&t_click=판매랭킹_푸드_상품상세&t_number=85
푸드,86,딜라이트 프로젝트,딜라이트 프로젝트 빨미까레,https://www.oliveyoung.co.kr/store/goods/getGoodsDetail.do?goodsNo=A000000190898&dispCatNo=90000010009&trackingCd=Best_Sellingbest&t_page=랭킹&t_click=판매랭킹_푸드_상품상세&t_number=86
푸드,87,포지타노,포지타노 캔디 4종 중 택1,https://www.oliveyoung.co.kr/store/goods/getGoodsDetail.do?goodsNo=A000000170405&dispCatNo=90000010009&trackingCd=Best_Sellingbest&t_page=랭킹&t_click=판매랭킹_푸드_상품상세&t_number=87
푸드,88,비브리브,[2+1]비브리브 꼬박꼬밥 밤,https://www.oliveyoung.co.kr/store/goods/getGoodsDetail.do?goodsNo=A000000170655&dispCatNo=90000010009&trackingCd=Best_Sellingbest&t_page=랭킹&t_click=판매랭킹_푸드_상품상세&t_number=88
푸드,89,비브리브,[2+1]비브리브 꼬박꼬밥 흑임자,https://www.oliveyoung.co.kr/store/goods/getGoodsDetail.do?goodsNo=A000000186136&dispCatNo=90000010009&trackingCd=Best_Sellingbest&t_page=랭킹&t_click=판매랭킹_푸드_상품상세&t_number=89
푸드,90,칼파제르,칼파제르 무민 페퍼민트캔디120g,https://www.oliveyoung.co.kr/store/goods/getGoodsDetail.do?goodsNo=A000000182579&dispCatNo=90000010009&trackingCd=Best_Sellingbest&t_page=랭킹&t_click=판매랭킹_푸드_상품상세&t_number=90
푸드,91,누텔라,누텔라 비스킷 166g,https://www.oliveyoung.co.kr/store/goods/getGoodsDetail.do?goodsNo=A000000202470&dispCatNo=90000010009&trackingCd=Best_Sellingbest&t_page=랭킹&t_click=판매랭킹_푸드_상품상세&t_number=91
푸드,92,더단백,"빙그레 더단백 프로틴바 1ea 3종 택1(초코,피넛버터,아몬드쿠키)",https://www.oliveyoung.co.kr/store/goods/getGoodsDetail.do?goodsNo=A000000186031&dispCatNo=90000010009&trackingCd=Best_Sellingbest&t_page=랭킹&t_click=판매랭킹_푸드_상품상세&t_number=92
푸드,93,배러,동화약품 배러라이트 120g,https://www.oliveyoung.co.kr/store/goods/getGoodsDetail.do?goodsNo=A000000199703&dispCatNo=90000010009&trackingCd=Best_Sellingbest&t_page=랭킹&t_click=판매랭킹_푸드_상품상세&t_number=93
푸드,94,코카콜라,[본사직영] 환타 제로 오렌지 355ml*24캔+라이즈포토엽서 증정,https://www.oliveyoung.co.kr/store/goods/getGoodsDetail.do?goodsNo=B000000103523&dispCatNo=90000010009&trackingCd=Best_Sellingbest&t_page=랭킹&t_click=판매랭킹_푸드_상품상세&t_number=94
푸드,95,오설록,[6월 올영픽] 오설록 콤부차 10입 3종 택 1,https://www.oliveyoung.co.kr/store/goods/getGoodsDetail.do?goodsNo=A000000185911&dispCatNo=90000010009&trackingCd=Best_Sellingbest&t_page=랭킹&t_click=판매랭킹_푸드_상품상세&t_number=95
푸드,96,비브리브,[2+1]비브리브 꼬박꼬밥 스윗콘,https://www.oliveyoung.co.kr/store/goods/getGoodsDetail.do?goodsNo=A000000170653&dispCatNo=90000010009&trackingCd=Best_Sellingbest&t_page=랭킹&t_click=판매랭킹_푸드_상품상세&t_number=96
푸드,97,매일유업,상하목장 유기농 멸균 우유 200ml 24팩 2종 택1,https://www.oliveyoung.co.kr/store/goods/getGoodsDetail.do?goodsNo=B000000156951&dispCatNo=90000010009&trackingCd=Best_Sellingbest&t_page=랭킹&t_click=판매랭킹_푸드_상품상세&t_number=97
푸드,98,델리황,델리황 매운맛 20g,https://www.oliveyoung.co.kr/store/goods/getGoodsDetail.do?goodsNo=A000000111937&dispCatNo=90000010009&trackingCd=Best_Sellingbest&t_page=랭킹&t_click=판매랭킹_푸드_상품상세&t_number=98
푸드,99,에치와이,에치와이 갓비움 야쿠르트 100ml,https://www.oliveyoung.co.kr/store/goods/getGoodsDetail.do?goodsNo=A000000189030&dispCatNo=90000010009&trackingCd=Best_Sellingbest&t_page=랭킹&t_click=판매랭킹_푸드_상품상세&t_number=99
푸드,100,딜라이트 프로젝트,[신상특가] 딜라이트 프로젝트 자몽 클렌즈샷,https://www.oliveyoung.co.kr/store/goods/getGoodsDetail.do?goodsNo=A000000205242&dispCatNo=90000010009&trackingCd=Best_Sellingbest&t_page=랭킹&t_click=판매랭킹_푸드_상품상세&t_number=100
구강용품,1,테라브레스,[단독기획] 테라브레스 오랄린스 패밀리사이즈 2종 택1 (본품1L+150ml 추가 증정),https://www.oliveyoung.co.kr/store/goods/getGoodsDetail.do?goodsNo=A000000158539&dispCatNo=90000010009&trackingCd=Best_Sellingbest&t_page=랭킹&t_click=판매랭킹_구강용품_상품상세&t_number=1
구강용품,2,덴티스테,덴티스테 뉴플러스화이트 치약 튜브 160g 4개입/12개입 2종 택 1,https://www.oliveyoung.co.kr/store/goods/getGoodsDetail.do?goodsNo=A000000193303&dispCatNo=90000010009&trackingCd=Best_Sellingbest&t_page=랭킹&t_click=판매랭킹_구강용품_상품상세&t_number=2
구강용품,3,덴티스테,[100개특가]덴티스테 후레쉬 브레스 스프레이 15ml,https://www.oliveyoung.co.kr/store/goods/getGoodsDetail.do?goodsNo=A000000103540&dispCatNo=90000010009&trackingCd=Best_Sellingbest&t_page=랭킹&t_click=판매랭킹_구강용품_상품상세&t_number=3
구강용품,4,덴티스테,덴티스테 민트볼 20입,https://www.oliveyoung.co.kr/store/goods/getGoodsDetail.do?goodsNo=A000000157016&dispCatNo=90000010009&trackingCd=Best_Sellingbest&t_page=랭킹&t_click=판매랭킹_구강용품_상품상세&t_number=4
구강용품,5,유시몰,[100개특가] 유시몰 화이트닝 퍼플코렉터 미백 치약 106g,https://www.oliveyoung.co.kr/store/goods/getGoodsDetail.do?goodsNo=A000000199329&dispCatNo=90000010009&trackingCd=Best_Sellingbest&t_page=랭킹&t_click=판매랭킹_구강용품_상품상세&t_number=5
구강용품,6,페리오,페리오 화이트나우 미백패치 8P,https://www.oliveyoung.co.kr/store/goods/getGoodsDetail.do?goodsNo=A000000003888&dispCatNo=90000010009&trackingCd=Best_Sellingbest&t_page=랭킹&t_click=판매랭킹_구강용품_상품상세&t_number=6
구강용품,7,라이브오랄스,[100개특가] 라이브오랄스 퓨어다이아 치아미백제 (2주분),https://www.oliveyoung.co.kr/store/goods/getGoodsDetail.do?goodsNo=A000000192047&dispCatNo=90000010009&trackingCd=Best_Sellingbest&t_page=랭킹&t_click=판매랭킹_구강용품_상품상세&t_number=7
구강용품,8,테라브레스,테라브레스 오랄린스 473ml 2종(마일드/아이시) 택1,https://www.oliveyoung.co.kr/store/goods/getGoodsDetail.do?goodsNo=A000000136360&dispCatNo=90000010009&trackingCd=Best_Sellingbest&t_page=랭킹&t_click=판매랭킹_구강용품_상품상세&t_number=8
구강용품,9,테라브레스,테라브레스 오랄린스 트리플 기획 (1Lx3) 2종(마일드/아이시) 택1,https://www.oliveyoung.co.kr/store/goods/getGoodsDetail.do?goodsNo=A000000151666&dispCatNo=90000010009&trackingCd=Best_Sellingbest&t_page=랭킹&t_click=판매랭킹_구강용품_상품상세&t_number=9
구강용품,10,루치펠로,[6/1 하루특가]루치펠로 화이트닝 오리지날 치약 110g 기획 (+25g),https://www.oliveyoung.co.kr/store/goods/getGoodsDetail.do?goodsNo=A000000205251&dispCatNo=90000010009&trackingCd=Best_Sellingbest&t_page=랭킹&t_click=판매랭킹_구강용품_상품상세&t_number=10
구강용품,11,덴티스테,덴티스테 뉴 플러스화이트 치약 60g/100g/160g 3종 택 1,https://www.oliveyoung.co.kr/store/goods/getGoodsDetail.do?goodsNo=A000000191550&dispCatNo=90000010009&trackingCd=Best_Sellingbest&t_page=랭킹&t_click=판매랭킹_구강용품_상품상세&t_number=11
구강용품,12,루치펠로,루치펠로 7도 칫솔 4입 세트 2종 택1,https://www.oliveyoung.co.kr/store/goods/getGoodsDetail.do?goodsNo=A000000161741&dispCatNo=90000010009&trackingCd=Best_Sellingbest&t_page=랭킹&t_click=판매랭킹_구강용품_상품상세&t_number=12
구강용품,13,페리오,페리오 화이트나우 미백패치 택1 (일주일팩 14P / 8P*8 (64입)),https://www.oliveyoung.co.kr/store/goods/getGoodsDetail.do?goodsNo=A000000149866&dispCatNo=90000010009&trackingCd=Best_Sellingbest&t_page=랭킹&t_click=판매랭킹_구강용품_상품상세&t_number=13
구강용품,14,라덴스,[리뷰이벤트] 라덴스 베럴 혀클리너 2종 파우치 기획-블루(본품+미니+파우치),https://www.oliveyoung.co.kr/store/goods/getGoodsDetail.do?goodsNo=A000000204020&dispCatNo=90000010009&trackingCd=Best_Sellingbest&t_page=랭킹&t_click=판매랭킹_구강용품_상품상세&t_number=14
구강용품,15,티타드,티타드 프레시 브레스 플러스 치약 더블기획 (100g*2 + 50g 증정),https://www.oliveyoung.co.kr/store/goods/getGoodsDetail.do?goodsNo=A000000186672&dispCatNo=90000010009&trackingCd=Best_Sellingbest&t_page=랭킹&t_click=판매랭킹_구강용품_상품상세&t_number=15
구강용품,16,자일리톨스톤,자일리톨스톤 70g 4종 택 1,https://www.oliveyoung.co.kr/store/goods/getGoodsDetail.do?goodsNo=A000000191213&dispCatNo=90000010009&trackingCd=Best_Sellingbest&t_page=랭킹&t_click=판매랭킹_구강용품_상품상세&t_number=16
구강용품,17,닥터텅스,닥터텅스 스마트 치실 2입 기획,https://www.oliveyoung.co.kr/store/goods/getGoodsDetail.do?goodsNo=A000000203049&dispCatNo=90000010009&trackingCd=Best_Sellingbest&t_page=랭킹&t_click=판매랭킹_구강용품_상품상세&t_number=17
구강용품,18,리브러쉬,리브러쉬 클러브 농축가글 50ml 어워즈 한정기획(+20ml 증정),https://www.oliveyoung.co.kr/store/goods/getGoodsDetail.do?goodsNo=A000000192564&dispCatNo=90000010009&trackingCd=Best_Sellingbest&t_page=랭킹&t_click=판매랭킹_구강용품_상품상세&t_number=18
구강용품,19,덴티스테,[신상특가][NEW] 덴티스테 시트러스후레쉬 치약 200g,https://www.oliveyoung.co.kr/store/goods/getGoodsDetail.do?goodsNo=A000000203912&dispCatNo=90000010009&trackingCd=Best_Sellingbest&t_page=랭킹&t_click=판매랭킹_구강용품_상품상세&t_number=19
구강용품,20,테라브레스,테라브레스 마우스 로젠지 캔디 만다린민트향 100개입,https://www.oliveyoung.co.kr/store/goods/getGoodsDetail.do?goodsNo=A000000191586&dispCatNo=90000010009&trackingCd=Best_Sellingbest&t_page=랭킹&t_click=판매랭킹_구강용품_상품상세&t_number=20
구강용품,21,닥터텅스,닥터텅스 구역질없는 혀클리너(파우치 증정)(색상 랜덤),https://www.oliveyoung.co.kr/store/goods/getGoodsDetail.do?goodsNo=A000000111272&dispCatNo=90000010009&trackingCd=Best_Sellingbest&t_page=랭킹&t_click=판매랭킹_구강용품_상품상세&t_number=21
구강용품,22,라덴스,[백태순삭] 라덴스 베럴 혀클리너 리뉴얼 4color,https://www.oliveyoung.co.kr/store/goods/getGoodsDetail.do?goodsNo=A000000159233&dispCatNo=90000010009&trackingCd=Best_Sellingbest&t_page=랭킹&t_click=판매랭킹_구강용품_상품상세&t_number=22
구강용품,23,티타드,티타드 프레시 브레스 플러스 치약 100g 기획(+20g 증정),https://www.oliveyoung.co.kr/store/goods/getGoodsDetail.do?goodsNo=A000000189193&dispCatNo=90000010009&trackingCd=Best_Sellingbest&t_page=랭킹&t_click=판매랭킹_구강용품_상품상세&t_number=23
구강용품,24,리브러쉬,리브러쉬 프레쉬 브레스 구강 스프레이 15ml,https://www.oliveyoung.co.kr/store/goods/getGoodsDetail.do?goodsNo=A000000187912&dispCatNo=90000010009&trackingCd=Best_Sellingbest&t_page=랭킹&t_click=판매랭킹_구강용품_상품상세&t_number=24
구강용품,25,유시몰,[신상특가] 유시몰 혀클리너,https://www.oliveyoung.co.kr/store/goods/getGoodsDetail.do?goodsNo=A000000201886&dispCatNo=90000010009&trackingCd=Best_Sellingbest&t_page=랭킹&t_click=판매랭킹_구강용품_상품상세&t_number=25
구강용품,26,플랙커스,[올영단독] 플랙커스 마이크로민트 치실 3+1 기획 (+트윈라인 35개입) (143개입),https://www.oliveyoung.co.kr/store/goods/getGoodsDetail.do?goodsNo=A000000203982&dispCatNo=90000010009&trackingCd=Best_Sellingbest&t_page=랭킹&t_click=판매랭킹_구강용품_상품상세&t_number=26
구강용품,27,덴티스테,덴티스테 후레쉬 브레스스프레이 택1 (3개입/6개입),https://www.oliveyoung.co.kr/store/goods/getGoodsDetail.do?goodsNo=A000000135670&dispCatNo=90000010009&trackingCd=Best_Sellingbest&t_page=랭킹&t_click=판매랭킹_구강용품_상품상세&t_number=27
구강용품,28,아쿠아픽,아쿠아픽 코드리스 구강세정기 AQ-207,https://www.oliveyoung.co.kr/store/goods/getGoodsDetail.do?goodsNo=B000000198828&dispCatNo=90000010009&trackingCd=Best_Sellingbest&t_page=랭킹&t_click=판매랭킹_구강용품_상품상세&t_number=28
구강용품,29,유시몰,[칫솔꽂이증정] 유시몰 화이트닝 미백 칫솔 더블 기획 (마이멜로디 콜라보),https://www.oliveyoung.co.kr/store/goods/getGoodsDetail.do?goodsNo=A000000203942&dispCatNo=90000010009&trackingCd=Best_Sellingbest&t_page=랭킹&t_click=판매랭킹_구강용품_상품상세&t_number=29
구강용품,30,조르단,조르단 3in1 치실 (트래블 케이스 증정),https://www.oliveyoung.co.kr/store/goods/getGoodsDetail.do?goodsNo=A000000153937&dispCatNo=90000010009&trackingCd=Best_Sellingbest&t_page=랭킹&t_click=판매랭킹_구강용품_상품상세&t_number=30
구강용품,31,마비스,마비스 치약 85ml 4종 택1,https://www.oliveyoung.co.kr/store/goods/getGoodsDetail.do?goodsNo=A000000124335&dispCatNo=90000010009&trackingCd=Best_Sellingbest&t_page=랭킹&t_click=판매랭킹_구강용품_상품상세&t_number=31
구강용품,32,유시몰,[한정기획] 유시몰 치약 106g 더블 기획 (+민트볼 8입 추가 증정),https://www.oliveyoung.co.kr/store/goods/getGoodsDetail.do?goodsNo=A000000202607&dispCatNo=90000010009&trackingCd=Best_Sellingbest&t_page=랭킹&t_click=판매랭킹_구강용품_상품상세&t_number=32
구강용품,33,빠이러스,빠이러스 킬파이어 쿨가글액(플라워향) 500ml,https://www.oliveyoung.co.kr/store/goods/getGoodsDetail.do?goodsNo=A000000173556&dispCatNo=90000010009&trackingCd=Best_Sellingbest&t_page=랭킹&t_click=판매랭킹_구강용품_상품상세&t_number=33
구강용품,34,콜게이트,콜게이트 맥시멈 캐비티 프로텍션 레귤러 치약 100g,https://www.oliveyoung.co.kr/store/goods/getGoodsDetail.do?goodsNo=A000000150088&dispCatNo=90000010009&trackingCd=Best_Sellingbest&t_page=랭킹&t_click=판매랭킹_구강용품_상품상세&t_number=34
구강용품,35,닥터텅스,닥터텅스 스마트 치실 (색상 랜덤배송),https://www.oliveyoung.co.kr/store/goods/getGoodsDetail.do?goodsNo=A000000008646&dispCatNo=90000010009&trackingCd=Best_Sellingbest&t_page=랭킹&t_click=판매랭킹_구강용품_상품상세&t_number=35
구강용품,36,뷰센,뷰센 뉴 28 치아미백제 (20g 추가 증정),https://www.oliveyoung.co.kr/store/goods/getGoodsDetail.do?goodsNo=A000000185790&dispCatNo=90000010009&trackingCd=Best_Sellingbest&t_page=랭킹&t_click=판매랭킹_구강용품_상품상세&t_number=36
구강용품,37,테라브레스,테라브레스 오랄린스 아이시민트 선물 트리플 기획 (1L x3),https://www.oliveyoung.co.kr/store/goods/getGoodsDetail.do?goodsNo=A000000151667&dispCatNo=90000010009&trackingCd=Best_Sellingbest&t_page=랭킹&t_click=판매랭킹_구강용품_상품상세&t_number=37
구강용품,38,생활도감,생활도감 혀클리너 택1 (블랙/화이트),https://www.oliveyoung.co.kr/store/goods/getGoodsDetail.do?goodsNo=A000000105043&dispCatNo=90000010009&trackingCd=Best_Sellingbest&t_page=랭킹&t_click=판매랭킹_구강용품_상품상세&t_number=38
구강용품,39,리스테린,[달씨Pick] 리스테린액 토탈케어 캐비티케어 마일드 500ml 기획 (+100ml 2개),https://www.oliveyoung.co.kr/store/goods/getGoodsDetail.do?goodsNo=A000000204545&dispCatNo=90000010009&trackingCd=Best_Sellingbest&t_page=랭킹&t_click=판매랭킹_구강용품_상품상세&t_number=39
구강용품,40,리브러쉬,[5L 용량] 100배 농축 리브러쉬 농축 가글액 50ml 2종 택1,https://www.oliveyoung.co.kr/store/goods/getGoodsDetail.do?goodsNo=A000000176046&dispCatNo=90000010009&trackingCd=Best_Sellingbest&t_page=랭킹&t_click=판매랭킹_구강용품_상품상세&t_number=40
구강용품,41,리스테린,[대용량]리스테린 내추럴 그린티 마일드 트리플 기획 (750ml X 3),https://www.oliveyoung.co.kr/store/goods/getGoodsDetail.do?goodsNo=A000000144243&dispCatNo=90000010009&trackingCd=Best_Sellingbest&t_page=랭킹&t_click=판매랭킹_구강용품_상품상세&t_number=41
구강용품,42,리스테린,리스테린 쿨민트 마우스워시 750ml 기획 (+100ml 2개),https://www.oliveyoung.co.kr/store/goods/getGoodsDetail.do?goodsNo=A000000204544&dispCatNo=90000010009&trackingCd=Best_Sellingbest&t_page=랭킹&t_click=판매랭킹_구강용품_상품상세&t_number=42
구강용품,43,민티드,민티드 프리미엄 고체치약 90정 더블기획(+리필 90정),https://www.oliveyoung.co.kr/store/goods/getGoodsDetail.do?goodsNo=A000000202330&dispCatNo=90000010009&trackingCd=Best_Sellingbest&t_page=랭킹&t_click=판매랭킹_구강용품_상품상세&t_number=43
구강용품,44,리스테린,[대용량]리스테린액 토탈케어 캐비티케어 마일드 750ml 트리플 기획,https://www.oliveyoung.co.kr/store/goods/getGoodsDetail.do?goodsNo=A000000189167&dispCatNo=90000010009&trackingCd=Best_Sellingbest&t_page=랭킹&t_click=판매랭킹_구강용품_상품상세&t_number=44
구강용품,45,조르단,조르단 그린클린 울트라소프트 칫솔 1P (색상랜덤),https://www.oliveyoung.co.kr/store/goods/getGoodsDetail.do?goodsNo=A000000147910&dispCatNo=90000010009&trackingCd=Best_Sellingbest&t_page=랭킹&t_click=판매랭킹_구강용품_상품상세&t_number=45
구강용품,46,민티드,민티드 프리미엄 고체치약 2종 택1 (90정/180정),https://www.oliveyoung.co.kr/store/goods/getGoodsDetail.do?goodsNo=A000000187944&dispCatNo=90000010009&trackingCd=Best_Sellingbest&t_page=랭킹&t_click=판매랭킹_구강용품_상품상세&t_number=46
구강용품,47,유시몰,[한정기획] 유시몰 화이트닝 치약 106g+20g 기획,https://www.oliveyoung.co.kr/store/goods/getGoodsDetail.do?goodsNo=A000000185215&dispCatNo=90000010009&trackingCd=Best_Sellingbest&t_page=랭킹&t_click=판매랭킹_구강용품_상품상세&t_number=47
구강용품,48,덴탈프로,덴탈프로 치간칫솔 사이즈 0번 15P,https://www.oliveyoung.co.kr/store/goods/getGoodsDetail.do?goodsNo=A000000103709&dispCatNo=90000010009&trackingCd=Best_Sellingbest&t_page=랭킹&t_click=판매랭킹_구강용품_상품상세&t_number=48
구강용품,49,에비스,에비스 프리미엄케어 6열 광폭헤드 칫솔 미세모 (색상랜덤),https://www.oliveyoung.co.kr/store/goods/getGoodsDetail.do?goodsNo=A000000119962&dispCatNo=90000010009&trackingCd=Best_Sellingbest&t_page=랭킹&t_click=판매랭킹_구강용품_상품상세&t_number=49
구강용품,50,가그린,검가드 오리지널 750ml+100ml 기획,https://www.oliveyoung.co.kr/store/goods/getGoodsDetail.do?goodsNo=A000000184746&dispCatNo=90000010009&trackingCd=Best_Sellingbest&t_page=랭킹&t_click=판매랭킹_구강용품_상품상세&t_number=50
구강용품,51,클리너리,클리너리 오라밸런스 덴탈케어 30정,https://www.oliveyoung.co.kr/store/goods/getGoodsDetail.do?goodsNo=A000000185815&dispCatNo=90000010009&trackingCd=Best_Sellingbest&t_page=랭킹&t_click=판매랭킹_구강용품_상품상세&t_number=51
구강용품,52,센소다인,센소다인 엑스트라 화이트 치약 120g,https://www.oliveyoung.co.kr/store/goods/getGoodsDetail.do?goodsNo=A000000200083&dispCatNo=90000010009&trackingCd=Best_Sellingbest&t_page=랭킹&t_click=판매랭킹_구강용품_상품상세&t_number=52
구강용품,53,유시몰,[한정기획] 유시몰 화이트닝 미백치약&칫솔 여행용세트,https://www.oliveyoung.co.kr/store/goods/getGoodsDetail.do?goodsNo=A000000184915&dispCatNo=90000010009&trackingCd=Best_Sellingbest&t_page=랭킹&t_click=판매랭킹_구강용품_상품상세&t_number=53
구강용품,54,테라브레스,테라브레스 프레시브레스 마일드민트향 치약 150g,https://www.oliveyoung.co.kr/store/goods/getGoodsDetail.do?goodsNo=A000000158540&dispCatNo=90000010009&trackingCd=Best_Sellingbest&t_page=랭킹&t_click=판매랭킹_구강용품_상품상세&t_number=54
구강용품,55,센소다인,센소다인 멀티케어 100g,https://www.oliveyoung.co.kr/store/goods/getGoodsDetail.do?goodsNo=A000000103410&dispCatNo=90000010009&trackingCd=Best_Sellingbest&t_page=랭킹&t_click=판매랭킹_구강용품_상품상세&t_number=55
구강용품,56,리스테린,리스테린 내추럴 그린티 마일드 750ml 기획 (100mlx2 증정),https://www.oliveyoung.co.kr/store/goods/getGoodsDetail.do?goodsNo=A000000191779&dispCatNo=90000010009&trackingCd=Best_Sellingbest&t_page=랭킹&t_click=판매랭킹_구강용품_상품상세&t_number=56
구강용품,57,테라브레스,[2023 어워즈] 테라브레스 오랄린스 마일드민트 1L 어워즈 한정기획 (+150ml 증정),https://www.oliveyoung.co.kr/store/goods/getGoodsDetail.do?goodsNo=A000000192412&dispCatNo=90000010009&trackingCd=Best_Sellingbest&t_page=랭킹&t_click=판매랭킹_구강용품_상품상세&t_number=57
구강용품,58,유시몰,[한정기획] 유시몰 레귤러 칫솔 2입 기획세트,https://www.oliveyoung.co.kr/store/goods/getGoodsDetail.do?goodsNo=A000000182296&dispCatNo=90000010009&trackingCd=Best_Sellingbest&t_page=랭킹&t_click=판매랭킹_구강용품_상품상세&t_number=58
구강용품,59,루치펠로,[단독기획] 루치펠로 미스틱포레스트 치약 (100g*5+칫솔 4종 증정),https://www.oliveyoung.co.kr/store/goods/getGoodsDetail.do?goodsNo=A000000121416&dispCatNo=90000010009&trackingCd=Best_Sellingbest&t_page=랭킹&t_click=판매랭킹_구강용품_상품상세&t_number=59
구강용품,60,큐라덴,큐라덴 큐라프록스 CS5460 칫솔,https://www.oliveyoung.co.kr/store/goods/getGoodsDetail.do?goodsNo=A000000166387&dispCatNo=90000010009&trackingCd=Best_Sellingbest&t_page=랭킹&t_click=판매랭킹_구강용품_상품상세&t_number=60
구강용품,61,큐라덴,큐라덴 큐라프록스 엔자이칼 치약 1450,https://www.oliveyoung.co.kr/store/goods/getGoodsDetail.do?goodsNo=A000000166385&dispCatNo=90000010009&trackingCd=Best_Sellingbest&t_page=랭킹&t_click=판매랭킹_구강용품_상품상세&t_number=61
구강용품,62,리브러쉬,[주호 PICK] 리브러쉬 농축 가글액 20ml 더블기획 (클로브20ml+티트리20ml),https://www.oliveyoung.co.kr/store/goods/getGoodsDetail.do?goodsNo=A000000202559&dispCatNo=90000010009&trackingCd=Best_Sellingbest&t_page=랭킹&t_click=판매랭킹_구강용품_상품상세&t_number=62
구강용품,63,테라브레스,테라브레스 오랄린스 휴대용 키트 12mlx6입 2종 택1,https://www.oliveyoung.co.kr/store/goods/getGoodsDetail.do?goodsNo=A000000158541&dispCatNo=90000010009&trackingCd=Best_Sellingbest&t_page=랭킹&t_click=판매랭킹_구강용품_상품상세&t_number=63
구강용품,64,페리오,페리오마우스스프레이(아이스민트),https://www.oliveyoung.co.kr/store/goods/getGoodsDetail.do?goodsNo=A000000003868&dispCatNo=90000010009&trackingCd=Best_Sellingbest&t_page=랭킹&t_click=판매랭킹_구강용품_상품상세&t_number=64
구강용품,65,에비스,에비스 플래티넘 화이트닝케어 칫솔 (색상랜덤),https://www.oliveyoung.co.kr/store/goods/getGoodsDetail.do?goodsNo=A000000119959&dispCatNo=90000010009&trackingCd=Best_Sellingbest&t_page=랭킹&t_click=판매랭킹_구강용품_상품상세&t_number=65
구강용품,66,플랙커스,[조세호 PICK] 플랙커스 마이크로민트 치실 (36개입/90개입),https://www.oliveyoung.co.kr/store/goods/getGoodsDetail.do?goodsNo=A000000173421&dispCatNo=90000010009&trackingCd=Best_Sellingbest&t_page=랭킹&t_click=판매랭킹_구강용품_상품상세&t_number=66
구강용품,67,리스테린,[대용량]리스테린액 토탈케어 헬씨 브라이트 750ml 트리플 기획 (환한미소),https://www.oliveyoung.co.kr/store/goods/getGoodsDetail.do?goodsNo=A000000194059&dispCatNo=90000010009&trackingCd=Best_Sellingbest&t_page=랭킹&t_click=판매랭킹_구강용품_상품상세&t_number=67
구강용품,68,유시몰,유시몰 화이트닝 부스터&미백패치 5P,https://www.oliveyoung.co.kr/store/goods/getGoodsDetail.do?goodsNo=A000000172896&dispCatNo=90000010009&trackingCd=Best_Sellingbest&t_page=랭킹&t_click=판매랭킹_구강용품_상품상세&t_number=68
구강용품,69,페리오,LG생활건강 페리오 덴티스트 교정용전문케어 칫솔2입,https://www.oliveyoung.co.kr/store/goods/getGoodsDetail.do?goodsNo=A000000006254&dispCatNo=90000010009&trackingCd=Best_Sellingbest&t_page=랭킹&t_click=판매랭킹_구강용품_상품상세&t_number=69
구강용품,70,테라브레스,테라브레스 아이시민트 휴대용 키트 12mlx6입,https://www.oliveyoung.co.kr/store/goods/getGoodsDetail.do?goodsNo=A000000158542&dispCatNo=90000010009&trackingCd=Best_Sellingbest&t_page=랭킹&t_click=판매랭킹_구강용품_상품상세&t_number=70
구강용품,71,리스테린,[대용량]리스테린액 쿨민트 마우스워시 트리플 기획 (750ml X 3),https://www.oliveyoung.co.kr/store/goods/getGoodsDetail.do?goodsNo=A000000144242&dispCatNo=90000010009&trackingCd=Best_Sellingbest&t_page=랭킹&t_click=판매랭킹_구강용품_상품상세&t_number=71
구강용품,72,루치펠로,루치펠로 미스틱포레스트 치약 100g,https://www.oliveyoung.co.kr/store/goods/getGoodsDetail.do?goodsNo=A000000120033&dispCatNo=90000010009&trackingCd=Best_Sellingbest&t_page=랭킹&t_click=판매랭킹_구강용품_상품상세&t_number=72
구강용품,73,콜게이트,[단독기획] 콜게이트 프로텍션 치약 100g 2종 택1 (본품3개+1개 추가 증정),https://www.oliveyoung.co.kr/store/goods/getGoodsDetail.do?goodsNo=A000000151959&dispCatNo=90000010009&trackingCd=Best_Sellingbest&t_page=랭킹&t_click=판매랭킹_구강용품_상품상세&t_number=73
구강용품,74,투스노트,[성해은 PICK] 투스노트 미백/수분 치약 100g 4종 택 1,https://www.oliveyoung.co.kr/store/goods/getGoodsDetail.do?goodsNo=A000000183015&dispCatNo=90000010009&trackingCd=Best_Sellingbest&t_page=랭킹&t_click=판매랭킹_구강용품_상품상세&t_number=74
구강용품,75,바이컬러,"[한혜진 PICK] 바이컬러 치약 3종 택1 (구취,미백,고불소)",https://www.oliveyoung.co.kr/store/goods/getGoodsDetail.do?goodsNo=A000000176923&dispCatNo=90000010009&trackingCd=Best_Sellingbest&t_page=랭킹&t_click=판매랭킹_구강용품_상품상세&t_number=75
구강용품,76,루치펠로,[랜덤컬러]루치펠로 트로피칼오션 휴대용 치약&칫솔 디즈니 에디션,https://www.oliveyoung.co.kr/store/goods/getGoodsDetail.do?goodsNo=A000000200079&dispCatNo=90000010009&trackingCd=Best_Sellingbest&t_page=랭킹&t_click=판매랭킹_구강용품_상품상세&t_number=76
구강용품,77,웨이큰,웨이큰 마우스워시 500ml 4종 택1 (무알콜 가글),https://www.oliveyoung.co.kr/store/goods/getGoodsDetail.do?goodsNo=A000000183022&dispCatNo=90000010009&trackingCd=Best_Sellingbest&t_page=랭킹&t_click=판매랭킹_구강용품_상품상세&t_number=77
구강용품,78,테라브레스,테라브레스 오랄린스 아이시민트 패밀리사이즈 1L (본품1L+150ml 추가 증정),https://www.oliveyoung.co.kr/store/goods/getGoodsDetail.do?goodsNo=A000000158537&dispCatNo=90000010009&trackingCd=Best_Sellingbest&t_page=랭킹&t_click=판매랭킹_구강용품_상품상세&t_number=78
구강용품,79,콜게이트,콜게이트 옵틱화이트 다즐링화이트 치약 100g,https://www.oliveyoung.co.kr/store/goods/getGoodsDetail.do?goodsNo=A000000154178&dispCatNo=90000010009&trackingCd=Best_Sellingbest&t_page=랭킹&t_click=판매랭킹_구강용품_상품상세&t_number=79
구강용품,80,페리오,히말라야 핑크솔트 담은 칫솔 부드러운 초극세모 1입 (색상랜덤),https://www.oliveyoung.co.kr/store/goods/getGoodsDetail.do?goodsNo=A000000102223&dispCatNo=90000010009&trackingCd=Best_Sellingbest&t_page=랭킹&t_click=판매랭킹_구강용품_상품상세&t_number=80
구강용품,81,페리오,페리오 46cm 스프레이 롱래스팅 쿨민트 6.5ml,https://www.oliveyoung.co.kr/store/goods/getGoodsDetail.do?goodsNo=A000000003866&dispCatNo=90000010009&trackingCd=Best_Sellingbest&t_page=랭킹&t_click=판매랭킹_구강용품_상품상세&t_number=81
구강용품,82,루치펠로,[무알콜가글] 루치펠로 그린웨이브 가글 500ml,https://www.oliveyoung.co.kr/store/goods/getGoodsDetail.do?goodsNo=A000000173461&dispCatNo=90000010009&trackingCd=Best_Sellingbest&t_page=랭킹&t_click=판매랭킹_구강용품_상품상세&t_number=82
구강용품,83,뷰센,뷰센 7 어드밴스드 미백 치약 100g,https://www.oliveyoung.co.kr/store/goods/getGoodsDetail.do?goodsNo=A000000128789&dispCatNo=90000010009&trackingCd=Best_Sellingbest&t_page=랭킹&t_click=판매랭킹_구강용품_상품상세&t_number=83
구강용품,84,케라시스,케라시스 프리미엄 여행용키트,https://www.oliveyoung.co.kr/store/goods/getGoodsDetail.do?goodsNo=A000000007452&dispCatNo=90000010009&trackingCd=Best_Sellingbest&t_page=랭킹&t_click=판매랭킹_구강용품_상품상세&t_number=84
구강용품,85,닥터텅스,닥터텅스 칫솔프로텍터 (색상 랜덤배송),https://www.oliveyoung.co.kr/store/goods/getGoodsDetail.do?goodsNo=A000000008645&dispCatNo=90000010009&trackingCd=Best_Sellingbest&t_page=랭킹&t_click=판매랭킹_구강용품_상품상세&t_number=85
구강용품,86,에비스,에비스 더프리미엄 인터케어 칫솔,https://www.oliveyoung.co.kr/store/goods/getGoodsDetail.do?goodsNo=A000000189263&dispCatNo=90000010009&trackingCd=Best_Sellingbest&t_page=랭킹&t_click=판매랭킹_구강용품_상품상세&t_number=86
구강용품,87,리스테린,[대용량]리스테린액 토탈케어 마일드 750ml 트리플 기획 (순한맛/올인원),https://www.oliveyoung.co.kr/store/goods/getGoodsDetail.do?goodsNo=A000000202992&dispCatNo=90000010009&trackingCd=Best_Sellingbest&t_page=랭킹&t_click=판매랭킹_구강용품_상품상세&t_number=87
구강용품,88,유시몰,유시몰 휴대용 치약칫솔세트,https://www.oliveyoung.co.kr/store/goods/getGoodsDetail.do?goodsNo=A000000157372&dispCatNo=90000010009&trackingCd=Best_Sellingbest&t_page=랭킹&t_click=판매랭킹_구강용품_상품상세&t_number=88
구강용품,89,루치펠로,"루치펠로 미스틱포레스트 치약 (180*4+칫솔, 꽂이 2종 랜덤 증정)",https://www.oliveyoung.co.kr/store/goods/getGoodsDetail.do?goodsNo=A000000171516&dispCatNo=90000010009&trackingCd=Best_Sellingbest&t_page=랭킹&t_click=판매랭킹_구강용품_상품상세&t_number=89
구강용품,90,라덴스,[백태순삭] 라덴스 베럴 혀클리너 (블랙/화이트),https://www.oliveyoung.co.kr/store/goods/getGoodsDetail.do?goodsNo=A000000173611&dispCatNo=90000010009&trackingCd=Best_Sellingbest&t_page=랭킹&t_click=판매랭킹_구강용품_상품상세&t_number=90
구강용품,91,덴티스테,덴티스테 뉴플러스화이트 치약 160g 기획 (+치약 20g 2개),https://www.oliveyoung.co.kr/store/goods/getGoodsDetail.do?goodsNo=A000000203910&dispCatNo=90000010009&trackingCd=Best_Sellingbest&t_page=랭킹&t_click=판매랭킹_구강용품_상품상세&t_number=91
구강용품,92,테라브레스,테라브레스 헬시스마일 오랄린스 스파클민트 473ml,https://www.oliveyoung.co.kr/store/goods/getGoodsDetail.do?goodsNo=A000000148702&dispCatNo=90000010009&trackingCd=Best_Sellingbest&t_page=랭킹&t_click=판매랭킹_구강용품_상품상세&t_number=92
구강용품,93,테라브레스,테라브레스 오랄린스 473ml 3종 택1,https://www.oliveyoung.co.kr/store/goods/getGoodsDetail.do?goodsNo=A000000157075&dispCatNo=90000010009&trackingCd=Best_Sellingbest&t_page=랭킹&t_click=판매랭킹_구강용품_상품상세&t_number=93
구강용품,94,루치펠로,루치펠로 루이스랜드 치약 100g,https://www.oliveyoung.co.kr/store/goods/getGoodsDetail.do?goodsNo=A000000120036&dispCatNo=90000010009&trackingCd=Best_Sellingbest&t_page=랭킹&t_click=판매랭킹_구강용품_상품상세&t_number=94
구강용품,95,쓰리엠,3M 싱글라인 일회용 치실 150개입,https://www.oliveyoung.co.kr/store/goods/getGoodsDetail.do?goodsNo=A000000147510&dispCatNo=90000010009&trackingCd=Best_Sellingbest&t_page=랭킹&t_click=판매랭킹_구강용품_상품상세&t_number=95
구강용품,96,페리오,페리오마우스스프레이(스피아민트),https://www.oliveyoung.co.kr/store/goods/getGoodsDetail.do?goodsNo=A000000003870&dispCatNo=90000010009&trackingCd=Best_Sellingbest&t_page=랭킹&t_click=판매랭킹_구강용품_상품상세&t_number=96
구강용품,97,리스테린,[대용량]리스테린액 750ml 트리플 기획 3종 택1 (쿨민트/마일드/그린티),https://www.oliveyoung.co.kr/store/goods/getGoodsDetail.do?goodsNo=A000000163225&dispCatNo=90000010009&trackingCd=Best_Sellingbest&t_page=랭킹&t_click=판매랭킹_구강용품_상품상세&t_number=97
구강용품,98,덴티스테,덴티스테 트래블팩 (칫솔&치약),https://www.oliveyoung.co.kr/store/goods/getGoodsDetail.do?goodsNo=A000000004254&dispCatNo=90000010009&trackingCd=Best_Sellingbest&t_page=랭킹&t_click=판매랭킹_구강용품_상품상세&t_number=98
구강용품,99,페리오,페리오 토탈7 센서티브 120g,https://www.oliveyoung.co.kr/store/goods/getGoodsDetail.do?goodsNo=A000000006988&dispCatNo=90000010009&trackingCd=Best_Sellingbest&t_page=랭킹&t_click=판매랭킹_구강용품_상품상세&t_number=99
구강용품,100,페리오,히말라야 핑크솔트 플로럴민트 100g 3개입,https://www.oliveyoung.co.kr/store/goods/getGoodsDetail.do?goodsNo=A000000143435&dispCatNo=90000010009&trackingCd=Best_Sellingbest&t_page=랭킹&t_click=판매랭킹_구강용품_상품상세&t_number=100
헬스/건강용품,1,온더바디,[100개특가] 온더바디 발을씻자 코튼 풋샴푸 대용량 510ml 3종(레몬/자몽/쿨링) 택1,https://www.oliveyoung.co.kr/store/goods/getGoodsDetail.do?goodsNo=A000000165990&dispCatNo=90000010009&trackingCd=Best_Sellingbest&t_page=랭킹&t_click=판매랭킹_헬스/건강용품_상품상세&t_number=1
헬스/건강용품,2,케어플러스,[100개특가][1등패치]케어플러스 상처커버 스팟패치 102매,https://www.oliveyoung.co.kr/store/goods/getGoodsDetail.do?goodsNo=A000000187728&dispCatNo=90000010009&trackingCd=Best_Sellingbest&t_page=랭킹&t_click=판매랭킹_헬스/건강용품_상품상세&t_number=2
헬스/건강용품,3,마르시끄,"마르시끄 링클 리페어 주름패치(미간, 팔자, 이마) 3종 택 1",https://www.oliveyoung.co.kr/store/goods/getGoodsDetail.do?goodsNo=A000000181697&dispCatNo=90000010009&trackingCd=Best_Sellingbest&t_page=랭킹&t_click=판매랭킹_헬스/건강용품_상품상세&t_number=3
헬스/건강용품,4,닥터웰메이드원,[피지제거] 닥터웰메이드원 좁쌀피지 순삭패치 4종 택1 (마일드/슈퍼마일드/부스터/멀티팩),https://www.oliveyoung.co.kr/store/goods/getGoodsDetail.do?goodsNo=A000000202924&dispCatNo=90000010009&trackingCd=Best_Sellingbest&t_page=랭킹&t_click=판매랭킹_헬스/건강용품_상품상세&t_number=4
헬스/건강용품,5,케어플러스,[온라인 단독/대용량기획]케어플러스 상처커버 스팟패치 324매,https://www.oliveyoung.co.kr/store/goods/getGoodsDetail.do?goodsNo=A000000189300&dispCatNo=90000010009&trackingCd=Best_Sellingbest&t_page=랭킹&t_click=판매랭킹_헬스/건강용품_상품상세&t_number=5
헬스/건강용품,6,휴족시간,[100개특가]휴족시간 2종 택1 (6매/18매),https://www.oliveyoung.co.kr/store/goods/getGoodsDetail.do?goodsNo=A000000006342&dispCatNo=90000010009&trackingCd=Best_Sellingbest&t_page=랭킹&t_click=판매랭킹_헬스/건강용품_상품상세&t_number=6
헬스/건강용품,7,풀리오,풀리오 종아리 마사지기 지퍼형,https://www.oliveyoung.co.kr/store/goods/getGoodsDetail.do?goodsNo=A000000200305&dispCatNo=90000010009&trackingCd=Best_Sellingbest&t_page=랭킹&t_click=판매랭킹_헬스/건강용품_상품상세&t_number=7
헬스/건강용품,8,해서린,[올영단독기획] 해서린 스팟케어 패치 키트 대용량 기획 140매,https://www.oliveyoung.co.kr/store/goods/getGoodsDetail.do?goodsNo=A000000177193&dispCatNo=90000010009&trackingCd=Best_Sellingbest&t_page=랭킹&t_click=판매랭킹_헬스/건강용품_상품상세&t_number=8
헬스/건강용품,9,옵티프리,[증량] 옵티프리 익스프레스 (470mlx2+355ml),https://www.oliveyoung.co.kr/store/goods/getGoodsDetail.do?goodsNo=A000000140816&dispCatNo=90000010009&trackingCd=Best_Sellingbest&t_page=랭킹&t_click=판매랭킹_헬스/건강용품_상품상세&t_number=9
헬스/건강용품,10,센시안,[송해나PICK] 센시안 압박밴드 택1(릴렉스/워크/나이트케어) (의료기기),https://www.oliveyoung.co.kr/store/goods/getGoodsDetail.do?goodsNo=A000000152615&dispCatNo=90000010009&trackingCd=Best_Sellingbest&t_page=랭킹&t_click=판매랭킹_헬스/건강용품_상품상세&t_number=10
헬스/건강용품,11,이지덤뷰티,이지덤뷰티 패치 3종 택1 (뷰티/릴리프/퀵카밍),https://www.oliveyoung.co.kr/store/goods/getGoodsDetail.do?goodsNo=A000000110505&dispCatNo=90000010009&trackingCd=Best_Sellingbest&t_page=랭킹&t_click=판매랭킹_헬스/건강용품_상품상세&t_number=11
헬스/건강용품,12,바이오힐보,[1+1] 바이오힐보 판테셀 리페어시카 마이크로 스팟패치 9+3매,https://www.oliveyoung.co.kr/store/goods/getGoodsDetail.do?goodsNo=A000000191797&dispCatNo=90000010009&trackingCd=Best_Sellingbest&t_page=랭킹&t_click=판매랭킹_헬스/건강용품_상품상세&t_number=12
헬스/건강용품,13,닥터웰메이드원,[피지제거]닥터웰메이드원 좁쌀피지 순삭패치 마일드 30매,https://www.oliveyoung.co.kr/store/goods/getGoodsDetail.do?goodsNo=A000000199307&dispCatNo=90000010009&trackingCd=Best_Sellingbest&t_page=랭킹&t_click=판매랭킹_헬스/건강용품_상품상세&t_number=13
헬스/건강용품,14,스팀베이스,스팀베이스 데일리 아이마스크 5매입 7종 택1,https://www.oliveyoung.co.kr/store/goods/getGoodsDetail.do?goodsNo=A000000179178&dispCatNo=90000010009&trackingCd=Best_Sellingbest&t_page=랭킹&t_click=판매랭킹_헬스/건강용품_상품상세&t_number=14
헬스/건강용품,15,아크로패스,아크로패스 트러블큐어 대용량 2종 택1 (16+2매/36매),https://www.oliveyoung.co.kr/store/goods/getGoodsDetail.do?goodsNo=A000000130542&dispCatNo=90000010009&trackingCd=Best_Sellingbest&t_page=랭킹&t_click=판매랭킹_헬스/건강용품_상품상세&t_number=15
헬스/건강용품,16,바렌,바렌 발각질지우개 (미스트+풋파일),https://www.oliveyoung.co.kr/store/goods/getGoodsDetail.do?goodsNo=A000000159504&dispCatNo=90000010009&trackingCd=Best_Sellingbest&t_page=랭킹&t_click=판매랭킹_헬스/건강용품_상품상세&t_number=16
헬스/건강용품,17,발란스핏,[의료기기] 발란스핏 압박스타킹 기본형 베이지 증정기획 (풋패치 2입 증정) (S/M),https://www.oliveyoung.co.kr/store/goods/getGoodsDetail.do?goodsNo=A000000185440&dispCatNo=90000010009&trackingCd=Best_Sellingbest&t_page=랭킹&t_click=판매랭킹_헬스/건강용품_상품상세&t_number=17
헬스/건강용품,18,아크로패스,아크로패스 트러블큐어 6매,https://www.oliveyoung.co.kr/store/goods/getGoodsDetail.do?goodsNo=A000000127611&dispCatNo=90000010009&trackingCd=Best_Sellingbest&t_page=랭킹&t_click=판매랭킹_헬스/건강용품_상품상세&t_number=18
헬스/건강용품,19,풀리오,풀리오 목 어깨 마사지기,https://www.oliveyoung.co.kr/store/goods/getGoodsDetail.do?goodsNo=A000000203974&dispCatNo=90000010009&trackingCd=Best_Sellingbest&t_page=랭킹&t_click=판매랭킹_헬스/건강용품_상품상세&t_number=19
헬스/건강용품,20,온더바디,[마루는강쥐 에디션] 온더바디 발을씻자 코튼 풋샴푸 385ml 2종 택1 (민트향/비누향),https://www.oliveyoung.co.kr/store/goods/getGoodsDetail.do?goodsNo=A000000199063&dispCatNo=90000010009&trackingCd=Best_Sellingbest&t_page=랭킹&t_click=판매랭킹_헬스/건강용품_상품상세&t_number=20
헬스/건강용품,21,마르시끄,[브라이언 PICK] 마르시끄 링클 리페어 미간 주름패치 33개,https://www.oliveyoung.co.kr/store/goods/getGoodsDetail.do?goodsNo=A000000181613&dispCatNo=90000010009&trackingCd=Best_Sellingbest&t_page=랭킹&t_click=판매랭킹_헬스/건강용품_상품상세&t_number=21
헬스/건강용품,22,에이바자르,에이바자르 퍼펙트 브이리프팅 프리미엄 마스크 1+1,https://www.oliveyoung.co.kr/store/goods/getGoodsDetail.do?goodsNo=A000000159897&dispCatNo=90000010009&trackingCd=Best_Sellingbest&t_page=랭킹&t_click=판매랭킹_헬스/건강용품_상품상세&t_number=22
헬스/건강용품,23,멕리듬,[쏘이PICK]멕리듬 스팀 아이 마스크 더블 기획 (12P+12P) 3종 택1,https://www.oliveyoung.co.kr/store/goods/getGoodsDetail.do?goodsNo=A000000144537&dispCatNo=90000010009&trackingCd=Best_Sellingbest&t_page=랭킹&t_click=판매랭킹_헬스/건강용품_상품상세&t_number=23
헬스/건강용품,24,마르시끄,[브라이언 PICK] 마르시끄 링클 리페어 팔자 주름패치 36개,https://www.oliveyoung.co.kr/store/goods/getGoodsDetail.do?goodsNo=A000000181612&dispCatNo=90000010009&trackingCd=Best_Sellingbest&t_page=랭킹&t_click=판매랭킹_헬스/건강용품_상품상세&t_number=24
헬스/건강용품,25,멕리듬,[쏘이PICK]멕리듬 스팀 아이마스크 5매 6종 택1(무향/라벤더/캐모마일/유자/로즈/숲속),https://www.oliveyoung.co.kr/store/goods/getGoodsDetail.do?goodsNo=A000000124737&dispCatNo=90000010009&trackingCd=Best_Sellingbest&t_page=랭킹&t_click=판매랭킹_헬스/건강용품_상품상세&t_number=25
헬스/건강용품,26,풀리오,풀리오 손 마사지기,https://www.oliveyoung.co.kr/store/goods/getGoodsDetail.do?goodsNo=A000000200304&dispCatNo=90000010009&trackingCd=Best_Sellingbest&t_page=랭킹&t_click=판매랭킹_헬스/건강용품_상품상세&t_number=26
헬스/건강용품,27,파넬,[빅사이즈] 파넬 시카마누 클리어 패치 멀티+ (스팟+빅패치),https://www.oliveyoung.co.kr/store/goods/getGoodsDetail.do?goodsNo=A000000189847&dispCatNo=90000010009&trackingCd=Best_Sellingbest&t_page=랭킹&t_click=판매랭킹_헬스/건강용품_상품상세&t_number=27
헬스/건강용품,28,마데카솔,마데카 메디패치 스팟패치 1+1 기획 138매,https://www.oliveyoung.co.kr/store/goods/getGoodsDetail.do?goodsNo=A000000182355&dispCatNo=90000010009&trackingCd=Best_Sellingbest&t_page=랭킹&t_click=판매랭킹_헬스/건강용품_상품상세&t_number=28
헬스/건강용품,29,바이오힐보,[1+1] 바이오힐보 비타민 레티놀 흔적 마이크로스팟패치 9+3매,https://www.oliveyoung.co.kr/store/goods/getGoodsDetail.do?goodsNo=A000000181013&dispCatNo=90000010009&trackingCd=Best_Sellingbest&t_page=랭킹&t_click=판매랭킹_헬스/건강용품_상품상세&t_number=29
헬스/건강용품,30,케어플러스,케어플러스 스팟커버 패치 카밍 96매(짜기전),https://www.oliveyoung.co.kr/store/goods/getGoodsDetail.do?goodsNo=A000000183944&dispCatNo=90000010009&trackingCd=Best_Sellingbest&t_page=랭킹&t_click=판매랭킹_헬스/건강용품_상품상세&t_number=30
헬스/건강용품,31,이지덤뷰티,이지덤뷰티 퀵카밍 10매 기획세트 (시카앰플 10ml 증정),https://www.oliveyoung.co.kr/store/goods/getGoodsDetail.do?goodsNo=A000000182563&dispCatNo=90000010009&trackingCd=Best_Sellingbest&t_page=랭킹&t_click=판매랭킹_헬스/건강용품_상품상세&t_number=31
헬스/건강용품,32,마르시끄,[브라이언 PICK] 마르시끄 링클 리페어 이마 주름패치 15매,https://www.oliveyoung.co.kr/store/goods/getGoodsDetail.do?goodsNo=A000000191277&dispCatNo=90000010009&trackingCd=Best_Sellingbest&t_page=랭킹&t_click=판매랭킹_헬스/건강용품_상품상세&t_number=32
헬스/건강용품,33,티타니아,티타니아 신발냄새스프레이 200ml,https://www.oliveyoung.co.kr/store/goods/getGoodsDetail.do?goodsNo=A000000016874&dispCatNo=90000010009&trackingCd=Best_Sellingbest&t_page=랭킹&t_click=판매랭킹_헬스/건강용품_상품상세&t_number=33
헬스/건강용품,34,케어플러스,[짜기전/대용량기획]케어플러스 스팟 커버 패치 카밍 252매,https://www.oliveyoung.co.kr/store/goods/getGoodsDetail.do?goodsNo=A000000191829&dispCatNo=90000010009&trackingCd=Best_Sellingbest&t_page=랭킹&t_click=판매랭킹_헬스/건강용품_상품상세&t_number=34
헬스/건강용품,35,케어플러스,케어플러스 살리실산 트러블 패치 12매,https://www.oliveyoung.co.kr/store/goods/getGoodsDetail.do?goodsNo=A000000191450&dispCatNo=90000010009&trackingCd=Best_Sellingbest&t_page=랭킹&t_click=판매랭킹_헬스/건강용품_상품상세&t_number=35
헬스/건강용품,36,오더이터,오더이터 풋앤슈+스포츠 스프레이 1+1 기획 (150ml+150ml),https://www.oliveyoung.co.kr/store/goods/getGoodsDetail.do?goodsNo=A000000156687&dispCatNo=90000010009&trackingCd=Best_Sellingbest&t_page=랭킹&t_click=판매랭킹_헬스/건강용품_상품상세&t_number=36
헬스/건강용품,37,온더바디,[화제의 만능템] 온더바디 발을씻자 코튼 풋샴푸 쿨링 385ml,https://www.oliveyoung.co.kr/store/goods/getGoodsDetail.do?goodsNo=A000000128067&dispCatNo=90000010009&trackingCd=Best_Sellingbest&t_page=랭킹&t_click=판매랭킹_헬스/건강용품_상품상세&t_number=37
헬스/건강용품,38,케어플러스,케어플러스 글루타치온 잡티 패치 12매,https://www.oliveyoung.co.kr/store/goods/getGoodsDetail.do?goodsNo=A000000191449&dispCatNo=90000010009&trackingCd=Best_Sellingbest&t_page=랭킹&t_click=판매랭킹_헬스/건강용품_상품상세&t_number=38
헬스/건강용품,39,리뉴,리뉴 후레쉬 기획팩 2종 택 1 (500ml*3 / 500ml*2+여행용),https://www.oliveyoung.co.kr/store/goods/getGoodsDetail.do?goodsNo=A000000166357&dispCatNo=90000010009&trackingCd=Best_Sellingbest&t_page=랭킹&t_click=판매랭킹_헬스/건강용품_상품상세&t_number=39
헬스/건강용품,40,해서린,[NEW] 해서린 스팟케어 시카+ 마이크로 딥패치 9매,https://www.oliveyoung.co.kr/store/goods/getGoodsDetail.do?goodsNo=A000000201016&dispCatNo=90000010009&trackingCd=Best_Sellingbest&t_page=랭킹&t_click=판매랭킹_헬스/건강용품_상품상세&t_number=40
헬스/건강용품,41,스팀베이스,스팀베이스 데일리 아이마스크 5매입 (노을향),https://www.oliveyoung.co.kr/store/goods/getGoodsDetail.do?goodsNo=A000000176901&dispCatNo=90000010009&trackingCd=Best_Sellingbest&t_page=랭킹&t_click=판매랭킹_헬스/건강용품_상품상세&t_number=41
헬스/건강용품,42,넥스케어,[OY단독]넥스케어 블레미쉬 패치 케어 63+48매 기획팩,https://www.oliveyoung.co.kr/store/goods/getGoodsDetail.do?goodsNo=A000000142405&dispCatNo=90000010009&trackingCd=Best_Sellingbest&t_page=랭킹&t_click=판매랭킹_헬스/건강용품_상품상세&t_number=42
헬스/건강용품,43,스팀베이스,스팀베이스 데일리 아이마스크 11종 택1,https://www.oliveyoung.co.kr/store/goods/getGoodsDetail.do?goodsNo=A000000130416&dispCatNo=90000010009&trackingCd=Best_Sellingbest&t_page=랭킹&t_click=판매랭킹_헬스/건강용품_상품상세&t_number=43
헬스/건강용품,44,그랜즈레미디,그랜즈레미디 신발파우더 3종 택1 (오리지널/페퍼민트/오렌지),https://www.oliveyoung.co.kr/store/goods/getGoodsDetail.do?goodsNo=A000000173811&dispCatNo=90000010009&trackingCd=Best_Sellingbest&t_page=랭킹&t_click=판매랭킹_헬스/건강용품_상품상세&t_number=44
헬스/건강용품,45,굿잠,굿잠 스팀안대 10매입 2종 택 1 (무향/카모마일향),https://www.oliveyoung.co.kr/store/goods/getGoodsDetail.do?goodsNo=A000000199725&dispCatNo=90000010009&trackingCd=Best_Sellingbest&t_page=랭킹&t_click=판매랭킹_헬스/건강용품_상품상세&t_number=45
헬스/건강용품,46,휴족시간,휴족시간 지압12매 더블기획 (12매+12매),https://www.oliveyoung.co.kr/store/goods/getGoodsDetail.do?goodsNo=A000000187421&dispCatNo=90000010009&trackingCd=Best_Sellingbest&t_page=랭킹&t_click=판매랭킹_헬스/건강용품_상품상세&t_number=46
헬스/건강용품,47,풀리오,풀리오 패디플래너 프리미엄 8종 SET(발각질제거기+링헤드+풋패드 100매+링패드 40매+풋미스트150ml+풋크림75ml)(온),https://www.oliveyoung.co.kr/store/goods/getGoodsDetail.do?goodsNo=A000000200451&dispCatNo=90000010009&trackingCd=Best_Sellingbest&t_page=랭킹&t_click=판매랭킹_헬스/건강용품_상품상세&t_number=47
헬스/건강용품,48,닥터원더,[단독기획] 닥터원더 원더패치 2종 택1,https://www.oliveyoung.co.kr/store/goods/getGoodsDetail.do?goodsNo=A000000141014&dispCatNo=90000010009&trackingCd=Best_Sellingbest&t_page=랭킹&t_click=판매랭킹_헬스/건강용품_상품상세&t_number=48
헬스/건강용품,49,온더바디,[화제의아이템] 온더바디 발을씻자 코튼 풋샴푸 385ml 자몽/레몬 2종 택1,https://www.oliveyoung.co.kr/store/goods/getGoodsDetail.do?goodsNo=A000000117399&dispCatNo=90000010009&trackingCd=Best_Sellingbest&t_page=랭킹&t_click=판매랭킹_헬스/건강용품_상품상세&t_number=49
헬스/건강용품,50,트러블레스,트러블레스 클리어 젤 크림 (스팟) 15ml,https://www.oliveyoung.co.kr/store/goods/getGoodsDetail.do?goodsNo=A000000158225&dispCatNo=90000010009&trackingCd=Best_Sellingbest&t_page=랭킹&t_click=판매랭킹_헬스/건강용품_상품상세&t_number=50
헬스/건강용품,51,온더바디,온더바디 발을씻자 코튼 풋샴푸 리필 500ml (레몬),https://www.oliveyoung.co.kr/store/goods/getGoodsDetail.do?goodsNo=A000000186445&dispCatNo=90000010009&trackingCd=Best_Sellingbest&t_page=랭킹&t_click=판매랭킹_헬스/건강용품_상품상세&t_number=51
헬스/건강용품,52,발란스핏,[성해은Pick] 발란스핏 압박 종아리 마사지기,https://www.oliveyoung.co.kr/store/goods/getGoodsDetail.do?goodsNo=A000000201696&dispCatNo=90000010009&trackingCd=Best_Sellingbest&t_page=랭킹&t_click=판매랭킹_헬스/건강용품_상품상세&t_number=52
헬스/건강용품,53,해서린,"[올영단독] 해서린 스팟케어 패치 단품 (노란스팟, 붉은스팟)",https://www.oliveyoung.co.kr/store/goods/getGoodsDetail.do?goodsNo=A000000140107&dispCatNo=90000010009&trackingCd=Best_Sellingbest&t_page=랭킹&t_click=판매랭킹_헬스/건강용품_상품상세&t_number=53
헬스/건강용품,54,온더바디,[화제의 만능템] 온더바디 발을씻자 코튼 풋샴푸 자몽 385ml 2종 택1,https://www.oliveyoung.co.kr/store/goods/getGoodsDetail.do?goodsNo=A000000121827&dispCatNo=90000010009&trackingCd=Best_Sellingbest&t_page=랭킹&t_click=판매랭킹_헬스/건강용품_상품상세&t_number=54
헬스/건강용품,55,센시안,[송해나PICK] 센시안 나이트케어 압박밴드(핑크) (의료기기),https://www.oliveyoung.co.kr/store/goods/getGoodsDetail.do?goodsNo=A000000152565&dispCatNo=90000010009&trackingCd=Best_Sellingbest&t_page=랭킹&t_click=판매랭킹_헬스/건강용품_상품상세&t_number=55
헬스/건강용품,56,케어플러스,[의료기기] 케어플러스 상처 커버 UV 차단 스팟 패치 72매(점뺀 후 사용가능),https://www.oliveyoung.co.kr/store/goods/getGoodsDetail.do?goodsNo=A000000200420&dispCatNo=90000010009&trackingCd=Best_Sellingbest&t_page=랭킹&t_click=판매랭킹_헬스/건강용품_상품상세&t_number=56
헬스/건강용품,57,센시안,[의료기기] 센시안 릴렉스 5종 택1 (베이지/블랙/그레이/더블기획),https://www.oliveyoung.co.kr/store/goods/getGoodsDetail.do?goodsNo=A000000162376&dispCatNo=90000010009&trackingCd=Best_Sellingbest&t_page=랭킹&t_click=판매랭킹_헬스/건강용품_상품상세&t_number=57
헬스/건강용품,58,리뉴,리뉴 후레쉬/바이오트루 500ml*3 대용량 기획,https://www.oliveyoung.co.kr/store/goods/getGoodsDetail.do?goodsNo=A000000153336&dispCatNo=90000010009&trackingCd=Best_Sellingbest&t_page=랭킹&t_click=판매랭킹_헬스/건강용품_상품상세&t_number=58
헬스/건강용품,59,바이오트루,바이오트루 대용량 기획팩 3종 택1,https://www.oliveyoung.co.kr/store/goods/getGoodsDetail.do?goodsNo=A000000121884&dispCatNo=90000010009&trackingCd=Best_Sellingbest&t_page=랭킹&t_click=판매랭킹_헬스/건강용품_상품상세&t_number=59
헬스/건강용품,60,마데카솔,[단독기획] 마데카 메디패치 스팟패치 2종 택1 (33매/99매/138매),https://www.oliveyoung.co.kr/store/goods/getGoodsDetail.do?goodsNo=A000000159562&dispCatNo=90000010009&trackingCd=Best_Sellingbest&t_page=랭킹&t_click=판매랭킹_헬스/건강용품_상품상세&t_number=60
헬스/건강용품,61,케라셀,케라셀 네일 손발톱영양제 10ml,https://www.oliveyoung.co.kr/store/goods/getGoodsDetail.do?goodsNo=A000000158948&dispCatNo=90000010009&trackingCd=Best_Sellingbest&t_page=랭킹&t_click=판매랭킹_헬스/건강용품_상품상세&t_number=61
헬스/건강용품,62,컴포럽,컴포럽 암막 수면안대 (+파우치 단독 기획),https://www.oliveyoung.co.kr/store/goods/getGoodsDetail.do?goodsNo=A000000190992&dispCatNo=90000010009&trackingCd=Best_Sellingbest&t_page=랭킹&t_click=판매랭킹_헬스/건강용품_상품상세&t_number=62
헬스/건강용품,63,더마틱스울트라,[의료기기] 더마틱스 울트라 겔 7g,https://www.oliveyoung.co.kr/store/goods/getGoodsDetail.do?goodsNo=A000000142986&dispCatNo=90000010009&trackingCd=Best_Sellingbest&t_page=랭킹&t_click=판매랭킹_헬스/건강용품_상품상세&t_number=63
헬스/건강용품,64,크리넥스,크리넥스 가습촉촉 마스크 2P,https://www.oliveyoung.co.kr/store/goods/getGoodsDetail.do?goodsNo=A000000112937&dispCatNo=90000010009&trackingCd=Best_Sellingbest&t_page=랭킹&t_click=판매랭킹_헬스/건강용품_상품상세&t_number=64
헬스/건강용품,65,닥터원더,닥터원더 발 각질제거 악어발팩,https://www.oliveyoung.co.kr/store/goods/getGoodsDetail.do?goodsNo=A000000107504&dispCatNo=90000010009&trackingCd=Best_Sellingbest&t_page=랭킹&t_click=판매랭킹_헬스/건강용품_상품상세&t_number=65
헬스/건강용품,66,에르고바디,에르고바디 핏유어코어 2종 택1 (코어 서포트 벨트),https://www.oliveyoung.co.kr/store/goods/getGoodsDetail.do?goodsNo=A000000144703&dispCatNo=90000010009&trackingCd=Best_Sellingbest&t_page=랭킹&t_click=판매랭킹_헬스/건강용품_상품상세&t_number=66
헬스/건강용품,67,시카슈어,[의료기기] 시카슈어 겔 15g,https://www.oliveyoung.co.kr/store/goods/getGoodsDetail.do?goodsNo=A000000162416&dispCatNo=90000010009&trackingCd=Best_Sellingbest&t_page=랭킹&t_click=판매랭킹_헬스/건강용품_상품상세&t_number=67
헬스/건강용품,68,리뉴,리뉴 후레쉬 500mlx2+센서티브 355ml,https://www.oliveyoung.co.kr/store/goods/getGoodsDetail.do?goodsNo=A000000010349&dispCatNo=90000010009&trackingCd=Best_Sellingbest&t_page=랭킹&t_click=판매랭킹_헬스/건강용품_상품상세&t_number=68
헬스/건강용품,69,센시안,[의료기기] 센시안 압박밴드 더블 기획 6종 택1 (1켤레x2),https://www.oliveyoung.co.kr/store/goods/getGoodsDetail.do?goodsNo=A000000156328&dispCatNo=90000010009&trackingCd=Best_Sellingbest&t_page=랭킹&t_click=판매랭킹_헬스/건강용품_상품상세&t_number=69
헬스/건강용품,70,센시안,[의료기기] 센시안 압박밴드 더블 기획(워크+워크),https://www.oliveyoung.co.kr/store/goods/getGoodsDetail.do?goodsNo=A000000156331&dispCatNo=90000010009&trackingCd=Best_Sellingbest&t_page=랭킹&t_click=판매랭킹_헬스/건강용품_상품상세&t_number=70
헬스/건강용품,71,라보타치,라보타치 미간 케어 패치 18매,https://www.oliveyoung.co.kr/store/goods/getGoodsDetail.do?goodsNo=A000000188398&dispCatNo=90000010009&trackingCd=Best_Sellingbest&t_page=랭킹&t_click=판매랭킹_헬스/건강용품_상품상세&t_number=71
헬스/건강용품,72,리뉴,리뉴후레쉬 355ml+355ml,https://www.oliveyoung.co.kr/store/goods/getGoodsDetail.do?goodsNo=A000000114885&dispCatNo=90000010009&trackingCd=Best_Sellingbest&t_page=랭킹&t_click=판매랭킹_헬스/건강용품_상품상세&t_number=72
헬스/건강용품,73,넥스케어,[OY단독] 넥스케어 블레미쉬 클리어커버 78+22매,https://www.oliveyoung.co.kr/store/goods/getGoodsDetail.do?goodsNo=A000000177293&dispCatNo=90000010009&trackingCd=Best_Sellingbest&t_page=랭킹&t_click=판매랭킹_헬스/건강용품_상품상세&t_number=73
헬스/건강용품,74,닥터웰메이드원,닥터웰메이드원 좁쌀피지 순삭패치 슈퍼마일드 30매,https://www.oliveyoung.co.kr/store/goods/getGoodsDetail.do?goodsNo=A000000199323&dispCatNo=90000010009&trackingCd=Best_Sellingbest&t_page=랭킹&t_click=판매랭킹_헬스/건강용품_상품상세&t_number=74
헬스/건강용품,75,티타니아,티타니아 발샴푸,https://www.oliveyoung.co.kr/store/goods/getGoodsDetail.do?goodsNo=A000000001431&dispCatNo=90000010009&trackingCd=Best_Sellingbest&t_page=랭킹&t_click=판매랭킹_헬스/건강용품_상품상세&t_number=75
헬스/건강용품,76,에이씨마그네슘,AC 마그네슘 패치 소형 10매입,https://www.oliveyoung.co.kr/store/goods/getGoodsDetail.do?goodsNo=A000000164924&dispCatNo=90000010009&trackingCd=Best_Sellingbest&t_page=랭킹&t_click=판매랭킹_헬스/건강용품_상품상세&t_number=76
헬스/건강용품,77,아르페,아르페 다크스팟솔루션 멀티스팟패치 8매,https://www.oliveyoung.co.kr/store/goods/getGoodsDetail.do?goodsNo=A000000191283&dispCatNo=90000010009&trackingCd=Best_Sellingbest&t_page=랭킹&t_click=판매랭킹_헬스/건강용품_상품상세&t_number=77
헬스/건강용품,78,넥스케어,[어워즈 한정] 넥스케어 이지픽 블레미쉬 패치 릴리프 더블 기획 (68매+68매),https://www.oliveyoung.co.kr/store/goods/getGoodsDetail.do?goodsNo=A000000159928&dispCatNo=90000010009&trackingCd=Best_Sellingbest&t_page=랭킹&t_click=판매랭킹_헬스/건강용품_상품상세&t_number=78
헬스/건강용품,79,트러블레스,트러블레스 클리어 젤 크림 15ml 1+1 더블기획,https://www.oliveyoung.co.kr/store/goods/getGoodsDetail.do?goodsNo=A000000205963&dispCatNo=90000010009&trackingCd=Best_Sellingbest&t_page=랭킹&t_click=판매랭킹_헬스/건강용품_상품상세&t_number=79
헬스/건강용품,80,옵티프리,[OY단독] 옵티프리 퓨어모이스트/리플레니시 대용량 (420ml*2),https://www.oliveyoung.co.kr/store/goods/getGoodsDetail.do?goodsNo=A000000171411&dispCatNo=90000010009&trackingCd=Best_Sellingbest&t_page=랭킹&t_click=판매랭킹_헬스/건강용품_상품상세&t_number=80
헬스/건강용품,81,온더바디,온더바디 발팩하자 풋마스크 (2회분) 10P 대용량,https://www.oliveyoung.co.kr/store/goods/getGoodsDetail.do?goodsNo=A000000162380&dispCatNo=90000010009&trackingCd=Best_Sellingbest&t_page=랭킹&t_click=판매랭킹_헬스/건강용품_상품상세&t_number=81
헬스/건강용품,82,온더바디,[화제의 만능템]온더바디 발을씻자 코튼 풋샴푸 3개입 2종 택1 (자몽/레몬),https://www.oliveyoung.co.kr/store/goods/getGoodsDetail.do?goodsNo=A000000151328&dispCatNo=90000010009&trackingCd=Best_Sellingbest&t_page=랭킹&t_click=판매랭킹_헬스/건강용품_상품상세&t_number=82
헬스/건강용품,83,스팀베이스,스팀베이스 데일리 아이마스크 15매입(라벤더향),https://www.oliveyoung.co.kr/store/goods/getGoodsDetail.do?goodsNo=A000000161564&dispCatNo=90000010009&trackingCd=Best_Sellingbest&t_page=랭킹&t_click=판매랭킹_헬스/건강용품_상품상세&t_number=83
헬스/건강용품,84,티타니아,티타니아 발냄새스프레이 200ml,https://www.oliveyoung.co.kr/store/goods/getGoodsDetail.do?goodsNo=A000000016875&dispCatNo=90000010009&trackingCd=Best_Sellingbest&t_page=랭킹&t_click=판매랭킹_헬스/건강용품_상품상세&t_number=84
헬스/건강용품,85,아크네스,[단독기획] 아크네스 3초 진정 패치 1+1기획 (72매+72매),https://www.oliveyoung.co.kr/store/goods/getGoodsDetail.do?goodsNo=A000000162293&dispCatNo=90000010009&trackingCd=Best_Sellingbest&t_page=랭킹&t_click=판매랭킹_헬스/건강용품_상품상세&t_number=85
헬스/건강용품,86,슬로우랩,슬로우랩 빼독패치 10매입 2종 택1 (무향/쑥향),https://www.oliveyoung.co.kr/store/goods/getGoodsDetail.do?goodsNo=A000000141023&dispCatNo=90000010009&trackingCd=Best_Sellingbest&t_page=랭킹&t_click=판매랭킹_헬스/건강용품_상품상세&t_number=86
헬스/건강용품,87,브링그린,브링그린 티트리시카에스오에스스팟패치 75+25매_NEW,https://www.oliveyoung.co.kr/store/goods/getGoodsDetail.do?goodsNo=A000000188256&dispCatNo=90000010009&trackingCd=Best_Sellingbest&t_page=랭킹&t_click=판매랭킹_헬스/건강용품_상품상세&t_number=87
헬스/건강용품,88,잠스트,[업체배송]잠스트 RK-2 무릎 보호대,https://www.oliveyoung.co.kr/store/goods/getGoodsDetail.do?goodsNo=B000000146337&dispCatNo=90000010009&trackingCd=Best_Sellingbest&t_page=랭킹&t_click=판매랭킹_헬스/건강용품_상품상세&t_number=88
헬스/건강용품,89,해서린,해서린 스팟케어 클리어 젤 15ml,https://www.oliveyoung.co.kr/store/goods/getGoodsDetail.do?goodsNo=A000000162579&dispCatNo=90000010009&trackingCd=Best_Sellingbest&t_page=랭킹&t_click=판매랭킹_헬스/건강용품_상품상세&t_number=89
헬스/건강용품,90,스팀베이스,스팀베이스 데일리 아이마스크 5매입(카모마일향),https://www.oliveyoung.co.kr/store/goods/getGoodsDetail.do?goodsNo=A000000130412&dispCatNo=90000010009&trackingCd=Best_Sellingbest&t_page=랭킹&t_click=판매랭킹_헬스/건강용품_상품상세&t_number=90
헬스/건강용품,91,메디필,[아기발 크림] 메디필 EGF 스케일링 모이스처 풋 크림 130g,https://www.oliveyoung.co.kr/store/goods/getGoodsDetail.do?goodsNo=A000000200956&dispCatNo=90000010009&trackingCd=Best_Sellingbest&t_page=랭킹&t_click=판매랭킹_헬스/건강용품_상품상세&t_number=91
헬스/건강용품,92,센시안,[송해나PICK] 센시안 워크 압박밴드(블랙) (의료기기),https://www.oliveyoung.co.kr/store/goods/getGoodsDetail.do?goodsNo=A000000152616&dispCatNo=90000010009&trackingCd=Best_Sellingbest&t_page=랭킹&t_click=판매랭킹_헬스/건강용품_상품상세&t_number=92
헬스/건강용품,93,휴족휴면,휴족휴면 라벤더 21매,https://www.oliveyoung.co.kr/store/goods/getGoodsDetail.do?goodsNo=A000000115795&dispCatNo=90000010009&trackingCd=Best_Sellingbest&t_page=랭킹&t_click=판매랭킹_헬스/건강용품_상품상세&t_number=93
헬스/건강용품,94,더마비,더마비 데오 프레쉬 풋샴푸 포레스트 400ml,https://www.oliveyoung.co.kr/store/goods/getGoodsDetail.do?goodsNo=A000000156403&dispCatNo=90000010009&trackingCd=Best_Sellingbest&t_page=랭킹&t_click=판매랭킹_헬스/건강용품_상품상세&t_number=94
헬스/건강용품,95,케어플러스,케어플러스 상처 커버 와이드 패치 12매,https://www.oliveyoung.co.kr/store/goods/getGoodsDetail.do?goodsNo=A000000200406&dispCatNo=90000010009&trackingCd=Best_Sellingbest&t_page=랭킹&t_click=판매랭킹_헬스/건강용품_상품상세&t_number=95
헬스/건강용품,96,소프리스,소프리스 풋 필링 더블 에센스 마스크 외 1종,https://www.oliveyoung.co.kr/store/goods/getGoodsDetail.do?goodsNo=A000000011722&dispCatNo=90000010009&trackingCd=Best_Sellingbest&t_page=랭킹&t_click=판매랭킹_헬스/건강용품_상품상세&t_number=96
헬스/건강용품,97,잠스트,잠스트 필르미스타 발목 보호대,https://www.oliveyoung.co.kr/store/goods/getGoodsDetail.do?goodsNo=B000000142682&dispCatNo=90000010009&trackingCd=Best_Sellingbest&t_page=랭킹&t_click=판매랭킹_헬스/건강용품_상품상세&t_number=97
헬스/건강용품,98,아이아쿠아,아이아쿠아 아이케어세정액 110ml,https://www.oliveyoung.co.kr/store/goods/getGoodsDetail.do?goodsNo=A000000118712&dispCatNo=90000010009&trackingCd=Best_Sellingbest&t_page=랭킹&t_click=판매랭킹_헬스/건강용품_상품상세&t_number=98
헬스/건강용품,99,이지덤뷰티,이지덤 뷰티 릴리프 69매,https://www.oliveyoung.co.kr/store/goods/getGoodsDetail.do?goodsNo=A000000140818&dispCatNo=90000010009&trackingCd=Best_Sellingbest&t_page=랭킹&t_click=판매랭킹_헬스/건강용품_상품상세&t_number=99
헬스/건강용품,100,옵티프리,에이오셉 플러스액 360ml,https://www.oliveyoung.co.kr/store/goods/getGoodsDetail.do?goodsNo=A000000159321&dispCatNo=90000010009&trackingCd=Best_Sellingbest&t_page=랭킹&t_click=판매랭킹_헬스/건강용품_상품상세&t_number=100
여성/위생용품,1,라엘,[1+1] 라엘 유기농순면커버 생리대 6종 택1,https://www.oliveyoung.co.kr/store/goods/getGoodsDetail.do?goodsNo=A000000131345&dispCatNo=90000010009&trackingCd=Best_Sellingbest&t_page=랭킹&t_click=판매랭킹_여성/위생용품_상품상세&t_number=1
여성/위생용품,2,쏘피,[신상특가] 쏘피 쿨링프레쉬 생리대 9종 택1 (단품/번들),https://www.oliveyoung.co.kr/store/goods/getGoodsDetail.do?goodsNo=A000000203949&dispCatNo=90000010009&trackingCd=Best_Sellingbest&t_page=랭킹&t_click=판매랭킹_여성/위생용품_상품상세&t_number=2
여성/위생용품,3,라엘,[1+1] 라엘 유기농 순면커버 입는오버나이트 6종 택1,https://www.oliveyoung.co.kr/store/goods/getGoodsDetail.do?goodsNo=A000000157030&dispCatNo=90000010009&trackingCd=Best_Sellingbest&t_page=랭킹&t_click=판매랭킹_여성/위생용품_상품상세&t_number=3
여성/위생용품,4,아로마티카,[100개특가]아로마티카 퓨어앤소프트 여성청결제 170ml 기획(+캐모마일&티트리170ml 증정),https://www.oliveyoung.co.kr/store/goods/getGoodsDetail.do?goodsNo=A000000174439&dispCatNo=90000010009&trackingCd=Best_Sellingbest&t_page=랭킹&t_click=판매랭킹_여성/위생용품_상품상세&t_number=4
여성/위생용품,5,디어스킨,[정혜임PICK]디어스킨 리얼모달 7종 택1,https://www.oliveyoung.co.kr/store/goods/getGoodsDetail.do?goodsNo=A000000170042&dispCatNo=90000010009&trackingCd=Best_Sellingbest&t_page=랭킹&t_click=판매랭킹_여성/위생용품_상품상세&t_number=5
여성/위생용품,6,좋은느낌,[100개특가][1+1]좋은느낌 입는 오버나이트 4P 4종 택 1 (중형/대형),https://www.oliveyoung.co.kr/store/goods/getGoodsDetail.do?goodsNo=A000000014793&dispCatNo=90000010009&trackingCd=Best_Sellingbest&t_page=랭킹&t_click=판매랭킹_여성/위생용품_상품상세&t_number=6
여성/위생용품,7,바솔,[6/1 하루특가/재유PICK] 바솔 이너밸런싱 포밍워시 여성청결제 150ml 단품/기획 4종 택 1,https://www.oliveyoung.co.kr/store/goods/getGoodsDetail.do?goodsNo=A000000204867&dispCatNo=90000010009&trackingCd=Best_Sellingbest&t_page=랭킹&t_click=판매랭킹_여성/위생용품_상품상세&t_number=7
여성/위생용품,8,라엘,"[1+1] 라엘 라이너 3종 택 1 (일반, 롱, 슈퍼롱 라이너)",https://www.oliveyoung.co.kr/store/goods/getGoodsDetail.do?goodsNo=A000000183558&dispCatNo=90000010009&trackingCd=Best_Sellingbest&t_page=랭킹&t_click=판매랭킹_여성/위생용품_상품상세&t_number=8
여성/위생용품,9,디어스킨,[100개특가] 디어스킨 에어엠보 7종 택 1,https://www.oliveyoung.co.kr/store/goods/getGoodsDetail.do?goodsNo=A000000145609&dispCatNo=90000010009&trackingCd=Best_Sellingbest&t_page=랭킹&t_click=판매랭킹_여성/위생용품_상품상세&t_number=9
여성/위생용품,10,나트라케어,나트라케어 울트라패드 3종 택 1 (소형 14P / 중형 12P / 대형 10P),https://www.oliveyoung.co.kr/store/goods/getGoodsDetail.do?goodsNo=A000000158965&dispCatNo=90000010009&trackingCd=Best_Sellingbest&t_page=랭킹&t_click=판매랭킹_여성/위생용품_상품상세&t_number=10
여성/위생용품,11,좋은느낌,[신상특가][1+1] 좋은느낌 썸머 데이패드/입오버 중형/대형 8종 택1,https://www.oliveyoung.co.kr/store/goods/getGoodsDetail.do?goodsNo=A000000203772&dispCatNo=90000010009&trackingCd=Best_Sellingbest&t_page=랭킹&t_click=판매랭킹_여성/위생용품_상품상세&t_number=11
여성/위생용품,12,쏘피,[신상특가] 쏘피 쿨링프레쉬 안심숙면팬티 3종 택 1(M 5P / L 5P / XL 4P),https://www.oliveyoung.co.kr/store/goods/getGoodsDetail.do?goodsNo=A000000204205&dispCatNo=90000010009&trackingCd=Best_Sellingbest&t_page=랭킹&t_click=판매랭킹_여성/위생용품_상품상세&t_number=12
여성/위생용품,13,바른생각,[의료기기] 바른생각 콘돔 16종 택 1,https://www.oliveyoung.co.kr/store/goods/getGoodsDetail.do?goodsNo=A000000148268&dispCatNo=90000010009&trackingCd=Best_Sellingbest&t_page=랭킹&t_click=판매랭킹_여성/위생용품_상품상세&t_number=13
여성/위생용품,14,좋은느낌,좋은느낌 오리지널 울트라날개 생리대 5종 택 1 (소형 / 중형 / 대형 / 수퍼롱),https://www.oliveyoung.co.kr/store/goods/getGoodsDetail.do?goodsNo=A000000014786&dispCatNo=90000010009&trackingCd=Best_Sellingbest&t_page=랭킹&t_click=판매랭킹_여성/위생용품_상품상세&t_number=14
여성/위생용품,15,바이오힐보,[6/1 하루특가]바이오힐보 프로바이오덤 센서티브 페미닌워시 160mL 더블 기획,https://www.oliveyoung.co.kr/store/goods/getGoodsDetail.do?goodsNo=A000000162575&dispCatNo=90000010009&trackingCd=Best_Sellingbest&t_page=랭킹&t_click=판매랭킹_여성/위생용품_상품상세&t_number=15
여성/위생용품,16,좋은느낌,좋은느낌 입는오버나이트 썸머 Edition 중/대형 4종 택1 (4P / 8P),https://www.oliveyoung.co.kr/store/goods/getGoodsDetail.do?goodsNo=A000000203771&dispCatNo=90000010009&trackingCd=Best_Sellingbest&t_page=랭킹&t_click=판매랭킹_여성/위생용품_상품상세&t_number=16
여성/위생용품,17,좋은느낌,[1+1][100%비건]좋은느낌 유기농순면 무표백 생리대 4종 택 1 (중형 / 대형 / 수퍼롱 / 라이너),https://www.oliveyoung.co.kr/store/goods/getGoodsDetail.do?goodsNo=A000000164984&dispCatNo=90000010009&trackingCd=Best_Sellingbest&t_page=랭킹&t_click=판매랭킹_여성/위생용품_상품상세&t_number=17
여성/위생용품,18,템포,[6/1 하루특가] 템포 탐폰 2종 택 1 (레귤러 20P / 슈퍼 20P),https://www.oliveyoung.co.kr/store/goods/getGoodsDetail.do?goodsNo=A000000164621&dispCatNo=90000010009&trackingCd=Best_Sellingbest&t_page=랭킹&t_click=판매랭킹_여성/위생용품_상품상세&t_number=18
여성/위생용품,19,사포렐,사포렐 여성청결제 2종 택1 (폼타입/젤타입),https://www.oliveyoung.co.kr/store/goods/getGoodsDetail.do?goodsNo=A000000139333&dispCatNo=90000010009&trackingCd=Best_Sellingbest&t_page=랭킹&t_click=판매랭킹_여성/위생용품_상품상세&t_number=19
여성/위생용품,20,화이트,화이트 순한순면 라이너 4종 택 1 (일반 / 롱 / 수퍼롱),https://www.oliveyoung.co.kr/store/goods/getGoodsDetail.do?goodsNo=A000000007222&dispCatNo=90000010009&trackingCd=Best_Sellingbest&t_page=랭킹&t_click=판매랭킹_여성/위생용품_상품상세&t_number=20
여성/위생용품,21,유기농본,유기농본 울트라슬림날개 대형 28입/중형30입 2종 택 1,https://www.oliveyoung.co.kr/store/goods/getGoodsDetail.do?goodsNo=A000000105853&dispCatNo=90000010009&trackingCd=Best_Sellingbest&t_page=랭킹&t_click=판매랭킹_여성/위생용품_상품상세&t_number=21
여성/위생용품,22,순수한면,건강한 순수한면 유기농 탐폰 레귤러/슈퍼 4종 택 1,https://www.oliveyoung.co.kr/store/goods/getGoodsDetail.do?goodsNo=A000000155771&dispCatNo=90000010009&trackingCd=Best_Sellingbest&t_page=랭킹&t_click=판매랭킹_여성/위생용품_상품상세&t_number=22
여성/위생용품,23,유리아쥬,유리아쥬 진피 마일드 젤 500ml,https://www.oliveyoung.co.kr/store/goods/getGoodsDetail.do?goodsNo=A000000120689&dispCatNo=90000010009&trackingCd=Best_Sellingbest&t_page=랭킹&t_click=판매랭킹_여성/위생용품_상품상세&t_number=23
여성/위생용품,24,좋은느낌,좋은느낌 유기농순면 생리대 8종 택 1 (맥시슬림 / 울트라슬림 / 수퍼롱 / 오버나이트),https://www.oliveyoung.co.kr/store/goods/getGoodsDetail.do?goodsNo=A000000160619&dispCatNo=90000010009&trackingCd=Best_Sellingbest&t_page=랭킹&t_click=판매랭킹_여성/위생용품_상품상세&t_number=24
여성/위생용품,25,포엘리에,포엘리에 이너퍼퓸 9종 택 1,https://www.oliveyoung.co.kr/store/goods/getGoodsDetail.do?goodsNo=A000000120264&dispCatNo=90000010009&trackingCd=Best_Sellingbest&t_page=랭킹&t_click=판매랭킹_여성/위생용품_상품상세&t_number=25
여성/위생용품,26,좋은느낌,좋은느낌 유기농 순면커버 라이너  6종 택 1 (롱 / 일반 / 수퍼롱),https://www.oliveyoung.co.kr/store/goods/getGoodsDetail.do?goodsNo=A000000007225&dispCatNo=90000010009&trackingCd=Best_Sellingbest&t_page=랭킹&t_click=판매랭킹_여성/위생용품_상품상세&t_number=26
여성/위생용품,27,콜만,[모음]콜만 생리대 중대형/중소형/팬티라이너/인티미트 워시 250ml,https://www.oliveyoung.co.kr/store/goods/getGoodsDetail.do?goodsNo=A000000117457&dispCatNo=90000010009&trackingCd=Best_Sellingbest&t_page=랭킹&t_click=판매랭킹_여성/위생용품_상품상세&t_number=27
여성/위생용품,28,아로마티카,[신상특가] 아로마티카 퓨어 앤 소프트 페미닌 퍼퓸 2종 택 1(스윗 프루티/플로럴),https://www.oliveyoung.co.kr/store/goods/getGoodsDetail.do?goodsNo=A000000204402&dispCatNo=90000010009&trackingCd=Best_Sellingbest&t_page=랭킹&t_click=판매랭킹_여성/위생용품_상품상세&t_number=28
여성/위생용품,29,에어퀸,[1+1][공기순환소재]  에어퀸 뉴브레스 유기농 생리대 4종 택 1 (팬티라이너/중형/대형/오버나이트),https://www.oliveyoung.co.kr/store/goods/getGoodsDetail.do?goodsNo=A000000203059&dispCatNo=90000010009&trackingCd=Best_Sellingbest&t_page=랭킹&t_click=판매랭킹_여성/위생용품_상품상세&t_number=29
여성/위생용품,30,아로마티카,"아로마티카 퓨어앤소프트 여성청결제 170ml 2종 택1(기획세트, 단품)",https://www.oliveyoung.co.kr/store/goods/getGoodsDetail.do?goodsNo=A000000172269&dispCatNo=90000010009&trackingCd=Best_Sellingbest&t_page=랭킹&t_click=판매랭킹_여성/위생용품_상품상세&t_number=30
여성/위생용품,31,시크릿데이,[1+1] 시크릿데이 프레쉬 유기농 비건 생리대 5종 택1(소형/중형/대형/슈퍼롱 오버나이트/롱 팬티라이너),https://www.oliveyoung.co.kr/store/goods/getGoodsDetail.do?goodsNo=A000000200819&dispCatNo=90000010009&trackingCd=Best_Sellingbest&t_page=랭킹&t_click=판매랭킹_여성/위생용품_상품상세&t_number=31
여성/위생용품,32,좋은느낌,좋은느낌 좋은순면 생리대 4종 택 1 (중형 / 대형 / 수퍼롱 / 라이너),https://www.oliveyoung.co.kr/store/goods/getGoodsDetail.do?goodsNo=A000000014788&dispCatNo=90000010009&trackingCd=Best_Sellingbest&t_page=랭킹&t_click=판매랭킹_여성/위생용품_상품상세&t_number=32
여성/위생용품,33,나트라케어,나트라케어 팬티라이너 커브형 30P,https://www.oliveyoung.co.kr/store/goods/getGoodsDetail.do?goodsNo=A000000158972&dispCatNo=90000010009&trackingCd=Best_Sellingbest&t_page=랭킹&t_click=판매랭킹_여성/위생용품_상품상세&t_number=33
여성/위생용품,34,쏘피,"쏘피 바디피트 볼록맞춤 4종 택 1 (중형16P, 대형16P, 슈퍼롱10P, 오버나이트12P)",https://www.oliveyoung.co.kr/store/goods/getGoodsDetail.do?goodsNo=A000000009140&dispCatNo=90000010009&trackingCd=Best_Sellingbest&t_page=랭킹&t_click=판매랭킹_여성/위생용품_상품상세&t_number=34
여성/위생용품,35,쏘피,[100개특가] 쏘피 유기농 7종 택1 (중형/슈퍼롱/대형 단품/번들),https://www.oliveyoung.co.kr/store/goods/getGoodsDetail.do?goodsNo=A000000200787&dispCatNo=90000010009&trackingCd=Best_Sellingbest&t_page=랭킹&t_click=판매랭킹_여성/위생용품_상품상세&t_number=35
여성/위생용품,36,이너시아,[유네린 PICK] 이너시아 유기농 생리대 번들팩 3종 택1 (중형 24P/ 대형 24P/ 중형+대형48P),https://www.oliveyoung.co.kr/store/goods/getGoodsDetail.do?goodsNo=A000000187774&dispCatNo=90000010009&trackingCd=Best_Sellingbest&t_page=랭킹&t_click=판매랭킹_여성/위생용품_상품상세&t_number=36
여성/위생용품,37,라네이처,좋은느낌 라네이처 생리대 8종 택 1 (중형 / 대형 / 수퍼롱 / 라이너),https://www.oliveyoung.co.kr/store/goods/getGoodsDetail.do?goodsNo=A000000189827&dispCatNo=90000010009&trackingCd=Best_Sellingbest&t_page=랭킹&t_click=판매랭킹_여성/위생용품_상품상세&t_number=37
여성/위생용품,38,라엘,라엘 초슬림 팬티라이너 70p,https://www.oliveyoung.co.kr/store/goods/getGoodsDetail.do?goodsNo=A000000149390&dispCatNo=90000010009&trackingCd=Best_Sellingbest&t_page=랭킹&t_click=판매랭킹_여성/위생용품_상품상세&t_number=38
여성/위생용품,39,인클리어,[의료기기] 인클리어/렛츠인클리어 질세정기 4종 택1,https://www.oliveyoung.co.kr/store/goods/getGoodsDetail.do?goodsNo=A000000193120&dispCatNo=90000010009&trackingCd=Best_Sellingbest&t_page=랭킹&t_click=판매랭킹_여성/위생용품_상품상세&t_number=39
여성/위생용품,40,유리아쥬,유리아쥬 진피마일드젤 4종 택 1 (단품 / 번들),https://www.oliveyoung.co.kr/store/goods/getGoodsDetail.do?goodsNo=A000000113494&dispCatNo=90000010009&trackingCd=Best_Sellingbest&t_page=랭킹&t_click=판매랭킹_여성/위생용품_상품상세&t_number=40
여성/위생용품,41,사가미,[의료기기] 사가미 콘돔 6종 택 1,https://www.oliveyoung.co.kr/store/goods/getGoodsDetail.do?goodsNo=A000000117195&dispCatNo=90000010009&trackingCd=Best_Sellingbest&t_page=랭킹&t_click=판매랭킹_여성/위생용품_상품상세&t_number=41
여성/위생용품,42,좋은느낌,[1+1][100% 유기농순면]좋은느낌 유기농 입는오버나이트 중형/대형 4종 택 1 (4P/8P),https://www.oliveyoung.co.kr/store/goods/getGoodsDetail.do?goodsNo=A000000200760&dispCatNo=90000010009&trackingCd=Best_Sellingbest&t_page=랭킹&t_click=판매랭킹_여성/위생용품_상품상세&t_number=42
여성/위생용품,43,유기농본,유기농본 울트라슬림 팬티라이너 3팩 2종 택 1 (일반 34P / 롱 28P),https://www.oliveyoung.co.kr/store/goods/getGoodsDetail.do?goodsNo=A000000143066&dispCatNo=90000010009&trackingCd=Best_Sellingbest&t_page=랭킹&t_click=판매랭킹_여성/위생용품_상품상세&t_number=43
여성/위생용품,44,쏘피,[조이현 Pick]쏘피 안심숙면 팬티 7종 택1 (입는오버나이트),https://www.oliveyoung.co.kr/store/goods/getGoodsDetail.do?goodsNo=A000000102626&dispCatNo=90000010009&trackingCd=Best_Sellingbest&t_page=랭킹&t_click=판매랭킹_여성/위생용품_상품상세&t_number=44
여성/위생용품,45,유리아쥬,[단독기획] 유리아쥬 진피 마일드 젤 500ml+진-8 100ml,https://www.oliveyoung.co.kr/store/goods/getGoodsDetail.do?goodsNo=A000000124547&dispCatNo=90000010009&trackingCd=Best_Sellingbest&t_page=랭킹&t_click=판매랭킹_여성/위생용품_상품상세&t_number=45
여성/위생용품,46,쏘피,[올리브영 단독] 쏘피 X 벨리곰 안심숙면 팬티 5P 2종 택 1(입는오버나이트),https://www.oliveyoung.co.kr/store/goods/getGoodsDetail.do?goodsNo=A000000181773&dispCatNo=90000010009&trackingCd=Best_Sellingbest&t_page=랭킹&t_click=판매랭킹_여성/위생용품_상품상세&t_number=46
여성/위생용품,47,아로마티카,"아로마티카 퓨어앤소프트 여성청결제 캐모마일&티트리 170ml 2종 택 1(기획세트, 단품)",https://www.oliveyoung.co.kr/store/goods/getGoodsDetail.do?goodsNo=A000000179294&dispCatNo=90000010009&trackingCd=Best_Sellingbest&t_page=랭킹&t_click=판매랭킹_여성/위생용품_상품상세&t_number=47
여성/위생용품,48,아스트로글라이드,아스트로글라이드 오리지날 73.9ml / 148ml 대용량 택 1,https://www.oliveyoung.co.kr/store/goods/getGoodsDetail.do?goodsNo=A000000014206&dispCatNo=90000010009&trackingCd=Best_Sellingbest&t_page=랭킹&t_click=판매랭킹_여성/위생용품_상품상세&t_number=48
여성/위생용품,49,좋은느낌,좋은느낌 라이너 유기농순면 롱 36개입 * 4팩,https://www.oliveyoung.co.kr/store/goods/getGoodsDetail.do?goodsNo=A000000147949&dispCatNo=90000010009&trackingCd=Best_Sellingbest&t_page=랭킹&t_click=판매랭킹_여성/위생용품_상품상세&t_number=49
여성/위생용품,50,이너시아,[유네린 PICK] 이너시아 더 프리즘 유기농 생리대 5종 택 1,https://www.oliveyoung.co.kr/store/goods/getGoodsDetail.do?goodsNo=A000000187776&dispCatNo=90000010009&trackingCd=Best_Sellingbest&t_page=랭킹&t_click=판매랭킹_여성/위생용품_상품상세&t_number=50
여성/위생용품,51,지혜,[1+1] 지혜 항균 라이너 2종 택 1 (중형 패드 14P / 롱 팬티라이너 20P),https://www.oliveyoung.co.kr/store/goods/getGoodsDetail.do?goodsNo=A000000190044&dispCatNo=90000010009&trackingCd=Best_Sellingbest&t_page=랭킹&t_click=판매랭킹_여성/위생용품_상품상세&t_number=51
여성/위생용품,52,이브네,"이브네 유기농 순면 생리대 6종 택1(생리대, 라이너, 오버나이트)",https://www.oliveyoung.co.kr/store/goods/getGoodsDetail.do?goodsNo=A000000182120&dispCatNo=90000010009&trackingCd=Best_Sellingbest&t_page=랭킹&t_click=판매랭킹_여성/위생용품_상품상세&t_number=52
여성/위생용품,53,템포,템포 내추럴 순면 라이너 롱 40P,https://www.oliveyoung.co.kr/store/goods/getGoodsDetail.do?goodsNo=A000000203540&dispCatNo=90000010009&trackingCd=Best_Sellingbest&t_page=랭킹&t_click=판매랭킹_여성/위생용품_상품상세&t_number=53
여성/위생용품,54,쎄페,[의료기기] 쎄페 여성세정제 2종 택 1 (1P/3P),https://www.oliveyoung.co.kr/store/goods/getGoodsDetail.do?goodsNo=A000000164322&dispCatNo=90000010009&trackingCd=Best_Sellingbest&t_page=랭킹&t_click=판매랭킹_여성/위생용품_상품상세&t_number=54
여성/위생용품,55,소이로움,[1+1/유기농생리대] 소이로움 프리미엄 순면 3종 택 1,https://www.oliveyoung.co.kr/store/goods/getGoodsDetail.do?goodsNo=A000000173530&dispCatNo=90000010009&trackingCd=Best_Sellingbest&t_page=랭킹&t_click=판매랭킹_여성/위생용품_상품상세&t_number=55
여성/위생용품,56,화이트,화이트 순한순면 탐폰 4종 택 1 (레귤러 / 슈퍼 8P / 16P),https://www.oliveyoung.co.kr/store/goods/getGoodsDetail.do?goodsNo=A000000188195&dispCatNo=90000010009&trackingCd=Best_Sellingbest&t_page=랭킹&t_click=판매랭킹_여성/위생용품_상품상세&t_number=56
여성/위생용품,57,해피문데이,[대용량]해피문데이 이지 탐폰8P 4팩 기획 3종 택 1 (라이트 / 레귤러 / 슈퍼),https://www.oliveyoung.co.kr/store/goods/getGoodsDetail.do?goodsNo=A000000184421&dispCatNo=90000010009&trackingCd=Best_Sellingbest&t_page=랭킹&t_click=판매랭킹_여성/위생용품_상품상세&t_number=57
여성/위생용품,58,바른생각,[의료기기] 바른생각 젤 헬시러브 100g 2종 택 1(단품/기획),https://www.oliveyoung.co.kr/store/goods/getGoodsDetail.do?goodsNo=A000000190915&dispCatNo=90000010009&trackingCd=Best_Sellingbest&t_page=랭킹&t_click=판매랭킹_여성/위생용품_상품상세&t_number=58
여성/위생용품,59,순수한면,순수한면 입는 오버나이트 4P 2종 택1(중대/특대형),https://www.oliveyoung.co.kr/store/goods/getGoodsDetail.do?goodsNo=A000000155862&dispCatNo=90000010009&trackingCd=Best_Sellingbest&t_page=랭킹&t_click=판매랭킹_여성/위생용품_상품상세&t_number=59
여성/위생용품,60,해피바스,[1+1/버블/젤] 해피바스 pH4.5 약산성 저자극 여성청결제 250g(로즈/ 쑥) 6종 택1,https://www.oliveyoung.co.kr/store/goods/getGoodsDetail.do?goodsNo=A000000154324&dispCatNo=90000010009&trackingCd=Best_Sellingbest&t_page=랭킹&t_click=판매랭킹_여성/위생용품_상품상세&t_number=60
여성/위생용품,61,쏘피,[대용량 기획] 쏘피 쿨링 프레쉬 생리대 3팩 기획 4종,https://www.oliveyoung.co.kr/store/goods/getGoodsDetail.do?goodsNo=A000000205513&dispCatNo=90000010009&trackingCd=Best_Sellingbest&t_page=랭킹&t_click=판매랭킹_여성/위생용품_상품상세&t_number=61
여성/위생용품,62,유기농본,유기농본 생리대 팬티라이너 2종 택 1 (롱28P/일반34P),https://www.oliveyoung.co.kr/store/goods/getGoodsDetail.do?goodsNo=A000000006731&dispCatNo=90000010009&trackingCd=Best_Sellingbest&t_page=랭킹&t_click=판매랭킹_여성/위생용품_상품상세&t_number=62
여성/위생용품,63,해피문데이,해피문데이 이지 탐폰 6종 택 1 (단품 / 번들),https://www.oliveyoung.co.kr/store/goods/getGoodsDetail.do?goodsNo=A000000170374&dispCatNo=90000010009&trackingCd=Best_Sellingbest&t_page=랭킹&t_click=판매랭킹_여성/위생용품_상품상세&t_number=63
여성/위생용품,64,유리아쥬,유리아쥬 진피 마일드 폼 150ml,https://www.oliveyoung.co.kr/store/goods/getGoodsDetail.do?goodsNo=A000000124544&dispCatNo=90000010009&trackingCd=Best_Sellingbest&t_page=랭킹&t_click=판매랭킹_여성/위생용품_상품상세&t_number=64
여성/위생용품,65,동아제약,[의료기기] 동아제약 굿뉴스 얼리체크 임신테스트기 1KIT,https://www.oliveyoung.co.kr/store/goods/getGoodsDetail.do?goodsNo=A000000137788&dispCatNo=90000010009&trackingCd=Best_Sellingbest&t_page=랭킹&t_click=판매랭킹_여성/위생용품_상품상세&t_number=65
여성/위생용품,66,이브네,"이브네 비오셀 생리대 6종 택1(생리대, 라이너, 오버나이트)",https://www.oliveyoung.co.kr/store/goods/getGoodsDetail.do?goodsNo=A000000182115&dispCatNo=90000010009&trackingCd=Best_Sellingbest&t_page=랭킹&t_click=판매랭킹_여성/위생용품_상품상세&t_number=66
여성/위생용품,67,사가미,[의료기기] 사가미 오리지날 0.01 더블기획,https://www.oliveyoung.co.kr/store/goods/getGoodsDetail.do?goodsNo=A000000148420&dispCatNo=90000010009&trackingCd=Best_Sellingbest&t_page=랭킹&t_click=판매랭킹_여성/위생용품_상품상세&t_number=67
여성/위생용품,68,템포,"템포 레귤러/슈퍼 4종 중 택 1 (레귤러, 슈퍼 10p / 레귤러, 슈퍼 20p)",https://www.oliveyoung.co.kr/store/goods/getGoodsDetail.do?goodsNo=A000000204055&dispCatNo=90000010009&trackingCd=Best_Sellingbest&t_page=랭킹&t_click=판매랭킹_여성/위생용품_상품상세&t_number=68
여성/위생용품,69,유기농본,유기농본 울트라슬림날개 대용량 3팩 3종 택 1 (소형28P /중형 26P / 대형24P),https://www.oliveyoung.co.kr/store/goods/getGoodsDetail.do?goodsNo=A000000166175&dispCatNo=90000010009&trackingCd=Best_Sellingbest&t_page=랭킹&t_click=판매랭킹_여성/위생용품_상품상세&t_number=69
여성/위생용품,70,유기농본,유기농본생리대 오버나이트10p,https://www.oliveyoung.co.kr/store/goods/getGoodsDetail.do?goodsNo=A000000006723&dispCatNo=90000010009&trackingCd=Best_Sellingbest&t_page=랭킹&t_click=판매랭킹_여성/위생용품_상품상세&t_number=70
여성/위생용품,71,라엘,"라엘 내추럴 청결 티슈 3종 택 1 (10매, 30매, 30매*4팩)",https://www.oliveyoung.co.kr/store/goods/getGoodsDetail.do?goodsNo=A000000154482&dispCatNo=90000010009&trackingCd=Best_Sellingbest&t_page=랭킹&t_click=판매랭킹_여성/위생용품_상품상세&t_number=71
여성/위생용품,72,청담소녀,"청담소녀 생리대 5종 택 1 (생리대, 라이너, 오버나이트)",https://www.oliveyoung.co.kr/store/goods/getGoodsDetail.do?goodsNo=A000000138999&dispCatNo=90000010009&trackingCd=Best_Sellingbest&t_page=랭킹&t_click=판매랭킹_여성/위생용품_상품상세&t_number=72
여성/위생용품,73,콜만,콜만 생리대 2종 택 1 (중소형 10P/ 중대형 10P),https://www.oliveyoung.co.kr/store/goods/getGoodsDetail.do?goodsNo=A000000161050&dispCatNo=90000010009&trackingCd=Best_Sellingbest&t_page=랭킹&t_click=판매랭킹_여성/위생용품_상품상세&t_number=73
여성/위생용품,74,유기농본,유기농본 울트라날개 중형 4종 택 1 (30P*4팩/30P*2팩/26P*3팩/26P*2팩),https://www.oliveyoung.co.kr/store/goods/getGoodsDetail.do?goodsNo=A000000166255&dispCatNo=90000010009&trackingCd=Best_Sellingbest&t_page=랭킹&t_click=판매랭킹_여성/위생용품_상품상세&t_number=74
여성/위생용품,75,바솔,바솔 이너밸런싱 포밍워시 여성청결제 150ml 기획 2종 중 택1,https://www.oliveyoung.co.kr/store/goods/getGoodsDetail.do?goodsNo=A000000200231&dispCatNo=90000010009&trackingCd=Best_Sellingbest&t_page=랭킹&t_click=판매랭킹_여성/위생용품_상품상세&t_number=75
여성/위생용품,76,화이트,화이트 수퍼흡수 생리대 5종 택 1 (중형 / 대형 / 수퍼롱 / 오버나이트),https://www.oliveyoung.co.kr/store/goods/getGoodsDetail.do?goodsNo=A000000160616&dispCatNo=90000010009&trackingCd=Best_Sellingbest&t_page=랭킹&t_click=판매랭킹_여성/위생용품_상품상세&t_number=76
여성/위생용품,77,인클리어,인클리어 데일리 여성청결티슈 2종 택 1 (25개입/50개입),https://www.oliveyoung.co.kr/store/goods/getGoodsDetail.do?goodsNo=A000000168983&dispCatNo=90000010009&trackingCd=Best_Sellingbest&t_page=랭킹&t_click=판매랭킹_여성/위생용품_상품상세&t_number=77
여성/위생용품,78,라엘,라엘 무표백 순면 생리대 3종 택 1 (중형/대형/오버나이트),https://www.oliveyoung.co.kr/store/goods/getGoodsDetail.do?goodsNo=A000000187792&dispCatNo=90000010009&trackingCd=Best_Sellingbest&t_page=랭킹&t_click=판매랭킹_여성/위생용품_상품상세&t_number=78
여성/위생용품,79,식물나라,식물나라 비건쑥 마일드 약산성 여성청결제 리필기획(300mL+300mL),https://www.oliveyoung.co.kr/store/goods/getGoodsDetail.do?goodsNo=A000000179897&dispCatNo=90000010009&trackingCd=Best_Sellingbest&t_page=랭킹&t_click=판매랭킹_여성/위생용품_상품상세&t_number=79
여성/위생용품,80,라엘,[NEW] 라엘 순면 탐폰 12개입 2종 택1 (레귤러/슈퍼),https://www.oliveyoung.co.kr/store/goods/getGoodsDetail.do?goodsNo=A000000183555&dispCatNo=90000010009&trackingCd=Best_Sellingbest&t_page=랭킹&t_click=판매랭킹_여성/위생용품_상품상세&t_number=80
여성/위생용품,81,바른생각,바른생각 워터리 핑거핏 20개입 (손가락 형),https://www.oliveyoung.co.kr/store/goods/getGoodsDetail.do?goodsNo=A000000168203&dispCatNo=90000010009&trackingCd=Best_Sellingbest&t_page=랭킹&t_click=판매랭킹_여성/위생용품_상품상세&t_number=81
여성/위생용품,82,마른파이브,[6월 올영픽] 마른파이브 쉬어 위생팬티 햄라인,https://www.oliveyoung.co.kr/store/goods/getGoodsDetail.do?goodsNo=A000000181119&dispCatNo=90000010009&trackingCd=Best_Sellingbest&t_page=랭킹&t_click=판매랭킹_여성/위생용품_상품상세&t_number=82
여성/위생용품,83,에어퀸,[1+1][유기농비건] 에어퀸 아르보 유기농 비건 생리대 3종 택 1 (롱라이너 20P/중형 14P/대형 12P),https://www.oliveyoung.co.kr/store/goods/getGoodsDetail.do?goodsNo=A000000185392&dispCatNo=90000010009&trackingCd=Best_Sellingbest&t_page=랭킹&t_click=판매랭킹_여성/위생용품_상품상세&t_number=83
여성/위생용품,84,바솔,[신상특가] 바솔 컴포터블 브이 크림 브라이트 50ml,https://www.oliveyoung.co.kr/store/goods/getGoodsDetail.do?goodsNo=A000000203762&dispCatNo=90000010009&trackingCd=Best_Sellingbest&t_page=랭킹&t_click=판매랭킹_여성/위생용품_상품상세&t_number=84
여성/위생용품,85,이브,[의료기기] 이브 콘돔 2종 택 1 (리얼003 10P / 울트라씬 10P),https://www.oliveyoung.co.kr/store/goods/getGoodsDetail.do?goodsNo=A000000158469&dispCatNo=90000010009&trackingCd=Best_Sellingbest&t_page=랭킹&t_click=판매랭킹_여성/위생용품_상품상세&t_number=85
여성/위생용품,86,이너시아,[카이스트박사PICK] 이너시아 더프리즘 유기농 팬티라이너 2종 택1(18P/ 54P),https://www.oliveyoung.co.kr/store/goods/getGoodsDetail.do?goodsNo=A000000192748&dispCatNo=90000010009&trackingCd=Best_Sellingbest&t_page=랭킹&t_click=판매랭킹_여성/위생용품_상품상세&t_number=86
여성/위생용품,87,사가미,[의료기기] 사가미 오리지널 0.02 6P,https://www.oliveyoung.co.kr/store/goods/getGoodsDetail.do?goodsNo=A000000008456&dispCatNo=90000010009&trackingCd=Best_Sellingbest&t_page=랭킹&t_click=판매랭킹_여성/위생용품_상품상세&t_number=87
여성/위생용품,88,바솔,바솔 이너밸런싱 페미닌 티슈 15개입,https://www.oliveyoung.co.kr/store/goods/getGoodsDetail.do?goodsNo=A000000154550&dispCatNo=90000010009&trackingCd=Best_Sellingbest&t_page=랭킹&t_click=판매랭킹_여성/위생용품_상품상세&t_number=88
여성/위생용품,89,메디온,[이선빈Pick] 메디온 락토리메디 레이디스 Y케어 퍼퓸미스트 30ml,https://www.oliveyoung.co.kr/store/goods/getGoodsDetail.do?goodsNo=A000000191416&dispCatNo=90000010009&trackingCd=Best_Sellingbest&t_page=랭킹&t_click=판매랭킹_여성/위생용품_상품상세&t_number=89
여성/위생용품,90,라엘,라엘 무표백 순면 생리대 4팩 3종 택 1 (중형/대형/오버나이트),https://www.oliveyoung.co.kr/store/goods/getGoodsDetail.do?goodsNo=A000000187793&dispCatNo=90000010009&trackingCd=Best_Sellingbest&t_page=랭킹&t_click=판매랭킹_여성/위생용품_상품상세&t_number=90
여성/위생용품,91,좋은느낌,좋은느낌 입는 데이팬티 2종 택 1 (중형 / 대형 4P),https://www.oliveyoung.co.kr/store/goods/getGoodsDetail.do?goodsNo=A000000184561&dispCatNo=90000010009&trackingCd=Best_Sellingbest&t_page=랭킹&t_click=판매랭킹_여성/위생용품_상품상세&t_number=91
여성/위생용품,92,메디온,[이선빈Pick] 메디온 락토리메디 레이디스 이너 케어 젤 2.0 2종 택1 (5개입/10개입),https://www.oliveyoung.co.kr/store/goods/getGoodsDetail.do?goodsNo=A000000165460&dispCatNo=90000010009&trackingCd=Best_Sellingbest&t_page=랭킹&t_click=판매랭킹_여성/위생용품_상품상세&t_number=92
여성/위생용품,93,바솔,[재유PICK]바솔 이너밸런싱 페미닌티슈 75매 기획 (15매입 * 5팩),https://www.oliveyoung.co.kr/store/goods/getGoodsDetail.do?goodsNo=A000000204870&dispCatNo=90000010009&trackingCd=Best_Sellingbest&t_page=랭킹&t_click=판매랭킹_여성/위생용품_상품상세&t_number=93
여성/위생용품,94,좋은느낌,좋은느낌 입는 데이팬티 3종 택 1 (S / M / L 8P),https://www.oliveyoung.co.kr/store/goods/getGoodsDetail.do?goodsNo=A000000185430&dispCatNo=90000010009&trackingCd=Best_Sellingbest&t_page=랭킹&t_click=판매랭킹_여성/위생용품_상품상세&t_number=94
여성/위생용품,95,좋은느낌,좋은느낌 입는 오버나이트 2종 택 1 (M /L 10P),https://www.oliveyoung.co.kr/store/goods/getGoodsDetail.do?goodsNo=A000000148070&dispCatNo=90000010009&trackingCd=Best_Sellingbest&t_page=랭킹&t_click=판매랭킹_여성/위생용품_상품상세&t_number=95
여성/위생용품,96,소울,[리뷰이벤트] 소울 로즈 솔루션 저자극 와이폼 150ml,https://www.oliveyoung.co.kr/store/goods/getGoodsDetail.do?goodsNo=A000000201660&dispCatNo=90000010009&trackingCd=Best_Sellingbest&t_page=랭킹&t_click=판매랭킹_여성/위생용품_상품상세&t_number=96
여성/위생용품,97,나트라케어,나트라케어 엑스트라 패드 3팩 2종 택1 (중형10개입 * 3팩 / 대형 8개입 * 3팩),https://www.oliveyoung.co.kr/store/goods/getGoodsDetail.do?goodsNo=A000000163299&dispCatNo=90000010009&trackingCd=Best_Sellingbest&t_page=랭킹&t_click=판매랭킹_여성/위생용품_상품상세&t_number=97
여성/위생용품,98,화이트,[대용량] 화이트 수퍼흡수 생리대 6종 택 1 (중형 / 대형 / 수퍼롱 / 오버나이트),https://www.oliveyoung.co.kr/store/goods/getGoodsDetail.do?goodsNo=A000000160841&dispCatNo=90000010009&trackingCd=Best_Sellingbest&t_page=랭킹&t_click=판매랭킹_여성/위생용품_상품상세&t_number=98
여성/위생용품,99,인클리어,[의료기기] 렛츠인클리어 질세정기 2종 택1 (렛츠인클리어 2P / 렛츠인클리어 9P),https://www.oliveyoung.co.kr/store/goods/getGoodsDetail.do?goodsNo=A000000154511&dispCatNo=90000010009&trackingCd=Best_Sellingbest&t_page=랭킹&t_click=판매랭킹_여성/위생용품_상품상세&t_number=99
여성/위생용품,100,일리윤,[뷰티유레카2 미주 PICK] 일리윤 프로바이오틱스 젠틀클렌저 300ml + 250ml 리필 기획,https://www.oliveyoung.co.kr/store/goods/getGoodsDetail.do?goodsNo=A000000198950&dispCatNo=90000010009&trackingCd=Best_Sellingbest&t_page=랭킹&t_click=판매랭킹_여성/위생용품_상품상세&t_number=100
컴포트웨어,1,베리시,[6월 올영픽/신상 특가] 베리시 붐업브라 (S~XL),https://www.oliveyoung.co.kr/store/goods/getGoodsDetail.do?goodsNo=A000000205554&dispCatNo=90000010009&trackingCd=Best_Sellingbest&t_page=랭킹&t_click=판매랭킹_컴포트웨어_상품상세&t_number=1
컴포트웨어,2,리무브,리무브 스킨브라 11종 택1,https://www.oliveyoung.co.kr/store/goods/getGoodsDetail.do?goodsNo=A000000144547&dispCatNo=90000010009&trackingCd=Best_Sellingbest&t_page=랭킹&t_click=판매랭킹_컴포트웨어_상품상세&t_number=2
컴포트웨어,3,리무브,[6월 올영픽] 리무브 브라이트 스킨브라 파우치 세트,https://www.oliveyoung.co.kr/store/goods/getGoodsDetail.do?goodsNo=A000000205425&dispCatNo=90000010009&trackingCd=Best_Sellingbest&t_page=랭킹&t_click=판매랭킹_컴포트웨어_상품상세&t_number=3
컴포트웨어,4,리무브,[6월 올영픽] 리무브 스킨브라 더블기획 (브라이트/뉴트럴),https://www.oliveyoung.co.kr/store/goods/getGoodsDetail.do?goodsNo=A000000143314&dispCatNo=90000010009&trackingCd=Best_Sellingbest&t_page=랭킹&t_click=판매랭킹_컴포트웨어_상품상세&t_number=4
컴포트웨어,5,베리시,[6월 올영픽] 베리시 착착브라,https://www.oliveyoung.co.kr/store/goods/getGoodsDetail.do?goodsNo=A000000186438&dispCatNo=90000010009&trackingCd=Best_Sellingbest&t_page=랭킹&t_click=판매랭킹_컴포트웨어_상품상세&t_number=5
컴포트웨어,6,베리시,[6월 올영픽] 베리시 쿨핏 브라 오프숄더 베이지 (S~L),https://www.oliveyoung.co.kr/store/goods/getGoodsDetail.do?goodsNo=A000000206093&dispCatNo=90000010009&trackingCd=Best_Sellingbest&t_page=랭킹&t_click=판매랭킹_컴포트웨어_상품상세&t_number=6
컴포트웨어,7,마른파이브,[6월 올영픽/신상 특가] 마른파이브 두프리 에어 심리스 누드브라 하프컵,https://www.oliveyoung.co.kr/store/goods/getGoodsDetail.do?goodsNo=A000000203369&dispCatNo=90000010009&trackingCd=Best_Sellingbest&t_page=랭킹&t_click=판매랭킹_컴포트웨어_상품상세&t_number=7
컴포트웨어,8,다슈,다슈 맨즈 매직커버 니플밴드 더블 기획 (52매+52매),https://www.oliveyoung.co.kr/store/goods/getGoodsDetail.do?goodsNo=A000000143150&dispCatNo=90000010009&trackingCd=Best_Sellingbest&t_page=랭킹&t_click=판매랭킹_컴포트웨어_상품상세&t_number=8
컴포트웨어,9,비비안,[6월 올영픽/신상 특가] 비비안 노라인 햄팬티 2매입 (블랙/베이지),https://www.oliveyoung.co.kr/store/goods/getGoodsDetail.do?goodsNo=A000000204582&dispCatNo=90000010009&trackingCd=Best_Sellingbest&t_page=랭킹&t_click=판매랭킹_컴포트웨어_상품상세&t_number=9
컴포트웨어,10,마른파이브,[6월 올영픽] 마른파이브 두프리 실리콘 누드브라 슬림 (리뉴얼),https://www.oliveyoung.co.kr/store/goods/getGoodsDetail.do?goodsNo=A000000206057&dispCatNo=90000010009&trackingCd=Best_Sellingbest&t_page=랭킹&t_click=판매랭킹_컴포트웨어_상품상세&t_number=10
컴포트웨어,11,방탄꼭지,[6월 올영픽] 방탄꼭지 걸프리쉬 65mm,https://www.oliveyoung.co.kr/store/goods/getGoodsDetail.do?goodsNo=A000000161274&dispCatNo=90000010009&trackingCd=Best_Sellingbest&t_page=랭킹&t_click=판매랭킹_컴포트웨어_상품상세&t_number=11
컴포트웨어,12,마른파이브,[6월 올영픽] 마른파이브 쉬어 위생팬티 햄라인,https://www.oliveyoung.co.kr/store/goods/getGoodsDetail.do?goodsNo=A000000181119&dispCatNo=90000010009&trackingCd=Best_Sellingbest&t_page=랭킹&t_click=판매랭킹_컴포트웨어_상품상세&t_number=12
컴포트웨어,13,리무브,리무브 그래니 미디웨스트 팬티 4color,https://www.oliveyoung.co.kr/store/goods/getGoodsDetail.do?goodsNo=B000000203632&dispCatNo=90000010009&trackingCd=Best_Sellingbest&t_page=랭킹&t_click=판매랭킹_컴포트웨어_상품상세&t_number=13
컴포트웨어,14,샤이언스,[NEW/조세호Pick] 샤이언스 조꼭지 니플패치 (10세트),https://www.oliveyoung.co.kr/store/goods/getGoodsDetail.do?goodsNo=A000000205887&dispCatNo=90000010009&trackingCd=Best_Sellingbest&t_page=랭킹&t_click=판매랭킹_컴포트웨어_상품상세&t_number=14
컴포트웨어,15,베리시,베리시 쿨핏 브라 볼륨핏 PLUS,https://www.oliveyoung.co.kr/store/goods/getGoodsDetail.do?goodsNo=B000000206046&dispCatNo=90000010009&trackingCd=Best_Sellingbest&t_page=랭킹&t_click=판매랭킹_컴포트웨어_상품상세&t_number=15
컴포트웨어,16,마른파이브,"마른파이브 프리플 여성 니플패치 8cm, 10cm 4종 택1",https://www.oliveyoung.co.kr/store/goods/getGoodsDetail.do?goodsNo=A000000188335&dispCatNo=90000010009&trackingCd=Best_Sellingbest&t_page=랭킹&t_click=판매랭킹_컴포트웨어_상품상세&t_number=16
컴포트웨어,17,슬림9,[6월 올영픽] 슬림9 네모팬티 2color,https://www.oliveyoung.co.kr/store/goods/getGoodsDetail.do?goodsNo=A000000129688&dispCatNo=90000010009&trackingCd=Best_Sellingbest&t_page=랭킹&t_click=판매랭킹_컴포트웨어_상품상세&t_number=17
컴포트웨어,18,다슈,다슈 맨즈 매직커버 니플밴드 (52매),https://www.oliveyoung.co.kr/store/goods/getGoodsDetail.do?goodsNo=A000000143127&dispCatNo=90000010009&trackingCd=Best_Sellingbest&t_page=랭킹&t_click=판매랭킹_컴포트웨어_상품상세&t_number=18
컴포트웨어,19,나른,[6월 올영픽] 나른 트렁크 워터컬러 시리즈 (2colors),https://www.oliveyoung.co.kr/store/goods/getGoodsDetail.do?goodsNo=A000000169708&dispCatNo=90000010009&trackingCd=Best_Sellingbest&t_page=랭킹&t_click=판매랭킹_컴포트웨어_상품상세&t_number=19
컴포트웨어,20,나른,[6월 올영픽] 나른 트렁크 네이처컬러 시리즈 (2colors),https://www.oliveyoung.co.kr/store/goods/getGoodsDetail.do?goodsNo=A000000206178&dispCatNo=90000010009&trackingCd=Best_Sellingbest&t_page=랭킹&t_click=판매랭킹_컴포트웨어_상품상세&t_number=20
컴포트웨어,21,비비안,[6월 올영픽] 비비안 컴포트 모달 팬티 2매입 (블랙/베이지),https://www.oliveyoung.co.kr/store/goods/getGoodsDetail.do?goodsNo=A000000204577&dispCatNo=90000010009&trackingCd=Best_Sellingbest&t_page=랭킹&t_click=판매랭킹_컴포트웨어_상품상세&t_number=21
컴포트웨어,22,오끌레르,오끌레르 아멜리 오프숄더 브라렛 5종 택 1 (S/M/L/XL),https://www.oliveyoung.co.kr/store/goods/getGoodsDetail.do?goodsNo=B000000185683&dispCatNo=90000010009&trackingCd=Best_Sellingbest&t_page=랭킹&t_click=판매랭킹_컴포트웨어_상품상세&t_number=22
컴포트웨어,23,비너스,비너스 압박 파워핏 팬티스타킹3족 살구,https://www.oliveyoung.co.kr/store/goods/getGoodsDetail.do?goodsNo=A000000146363&dispCatNo=90000010009&trackingCd=Best_Sellingbest&t_page=랭킹&t_click=판매랭킹_컴포트웨어_상품상세&t_number=23
컴포트웨어,24,원더브라,원더브라 아쿠아 푸쉬업 노와이어 브라팬티 Set (2 COLORS),https://www.oliveyoung.co.kr/store/goods/getGoodsDetail.do?goodsNo=B000000190334&dispCatNo=90000010009&trackingCd=Best_Sellingbest&t_page=랭킹&t_click=판매랭킹_컴포트웨어_상품상세&t_number=24
컴포트웨어,25,오끌레르,오끌레르 틴 패치 포 트래블 4종 택1 (Normal/Large),https://www.oliveyoung.co.kr/store/goods/getGoodsDetail.do?goodsNo=A000000186946&dispCatNo=90000010009&trackingCd=Best_Sellingbest&t_page=랭킹&t_click=판매랭킹_컴포트웨어_상품상세&t_number=25
컴포트웨어,26,폴프랜즈,[폴프랜즈] 원사이즈 양말 엔젤 세트 (AGL),https://www.oliveyoung.co.kr/store/goods/getGoodsDetail.do?goodsNo=A000000190836&dispCatNo=90000010009&trackingCd=Best_Sellingbest&t_page=랭킹&t_click=판매랭킹_컴포트웨어_상품상세&t_number=26
컴포트웨어,27,오끌레르,오끌레르 틴 패치/포 트래블 8종 택1 (Normal/Large),https://www.oliveyoung.co.kr/store/goods/getGoodsDetail.do?goodsNo=A000000187548&dispCatNo=90000010009&trackingCd=Best_Sellingbest&t_page=랭킹&t_click=판매랭킹_컴포트웨어_상품상세&t_number=27
컴포트웨어,28,리무브,[6월 올영픽] 리무브 심리스 에어 드로즈 블랙 (FREE/PLUS),https://www.oliveyoung.co.kr/store/goods/getGoodsDetail.do?goodsNo=A000000205827&dispCatNo=90000010009&trackingCd=Best_Sellingbest&t_page=랭킹&t_click=판매랭킹_컴포트웨어_상품상세&t_number=28
컴포트웨어,29,마른파이브,[6월 올영픽] 마른파이브 쉬어 맥스텐션 심리스 팬티 (블랙/레몬 아이보리),https://www.oliveyoung.co.kr/store/goods/getGoodsDetail.do?goodsNo=A000000206058&dispCatNo=90000010009&trackingCd=Best_Sellingbest&t_page=랭킹&t_click=판매랭킹_컴포트웨어_상품상세&t_number=29
컴포트웨어,30,마른파이브,마른파이브 두프리 니플보호 누드브라 에어홀 볼륨업,https://www.oliveyoung.co.kr/store/goods/getGoodsDetail.do?goodsNo=B000000184286&dispCatNo=90000010009&trackingCd=Best_Sellingbest&t_page=랭킹&t_click=판매랭킹_컴포트웨어_상품상세&t_number=30
컴포트웨어,31,베리시,베리시 착착 브라 리프팅,https://www.oliveyoung.co.kr/store/goods/getGoodsDetail.do?goodsNo=B000000205621&dispCatNo=90000010009&trackingCd=Best_Sellingbest&t_page=랭킹&t_click=판매랭킹_컴포트웨어_상품상세&t_number=31
컴포트웨어,32,마른파이브,마른파이브 두프리 푸쉬업 니플보호 누드브라 슬림망고,https://www.oliveyoung.co.kr/store/goods/getGoodsDetail.do?goodsNo=B000000184284&dispCatNo=90000010009&trackingCd=Best_Sellingbest&t_page=랭킹&t_click=판매랭킹_컴포트웨어_상품상세&t_number=32
컴포트웨어,33,마른파이브,"마른파이브 프리플 실리콘 니플패치 8cm, 10cm 4종 택1",https://www.oliveyoung.co.kr/store/goods/getGoodsDetail.do?goodsNo=B000000184283&dispCatNo=90000010009&trackingCd=Best_Sellingbest&t_page=랭킹&t_click=판매랭킹_컴포트웨어_상품상세&t_number=33
컴포트웨어,34,숨바꼭지,숨바꼭지 살구,https://www.oliveyoung.co.kr/store/goods/getGoodsDetail.do?goodsNo=A000000167339&dispCatNo=90000010009&trackingCd=Best_Sellingbest&t_page=랭킹&t_click=판매랭킹_컴포트웨어_상품상세&t_number=34
컴포트웨어,35,센시안,[송해나PICK] 센시안 압박스타킹 4종 택1(데일리/유어핏) (의료기기),https://www.oliveyoung.co.kr/store/goods/getGoodsDetail.do?goodsNo=A000000159790&dispCatNo=90000010009&trackingCd=Best_Sellingbest&t_page=랭킹&t_click=판매랭킹_컴포트웨어_상품상세&t_number=35
컴포트웨어,36,마른파이브,마른파이브 삭 압박스타킹 35D,https://www.oliveyoung.co.kr/store/goods/getGoodsDetail.do?goodsNo=A000000173678&dispCatNo=90000010009&trackingCd=Best_Sellingbest&t_page=랭킹&t_click=판매랭킹_컴포트웨어_상품상세&t_number=36
컴포트웨어,37,폴프랜즈,[폴프랜즈] 풋커버 화이트 (FCW) 220~270mm,https://www.oliveyoung.co.kr/store/goods/getGoodsDetail.do?goodsNo=A000000186219&dispCatNo=90000010009&trackingCd=Best_Sellingbest&t_page=랭킹&t_click=판매랭킹_컴포트웨어_상품상세&t_number=37
컴포트웨어,38,폴프랜즈,[폴프랜즈] 원사이즈 양말 셀리 세트 (SHL),https://www.oliveyoung.co.kr/store/goods/getGoodsDetail.do?goodsNo=A000000190834&dispCatNo=90000010009&trackingCd=Best_Sellingbest&t_page=랭킹&t_click=판매랭킹_컴포트웨어_상품상세&t_number=38
컴포트웨어,39,센시안,[송해나PICK] 센시안 유어핏 압박스타킹 40D (베이지/블랙) (의료기기),https://www.oliveyoung.co.kr/store/goods/getGoodsDetail.do?goodsNo=A000000165289&dispCatNo=90000010009&trackingCd=Best_Sellingbest&t_page=랭킹&t_click=판매랭킹_컴포트웨어_상품상세&t_number=39
컴포트웨어,40,마른파이브,마른파이브 데일리 초밀착 넉넉스타킹 15D,https://www.oliveyoung.co.kr/store/goods/getGoodsDetail.do?goodsNo=A000000173676&dispCatNo=90000010009&trackingCd=Best_Sellingbest&t_page=랭킹&t_click=판매랭킹_컴포트웨어_상품상세&t_number=40
컴포트웨어,41,방탄꼭지,방탄꼭지 걸프리쉬 실리콘 믹스매치 니플밴드 68mm,https://www.oliveyoung.co.kr/store/goods/getGoodsDetail.do?goodsNo=A000000168824&dispCatNo=90000010009&trackingCd=Best_Sellingbest&t_page=랭킹&t_click=판매랭킹_컴포트웨어_상품상세&t_number=41
컴포트웨어,42,숨바꼭지,라이프티 숨바꼭지 베이직 (104매입),https://www.oliveyoung.co.kr/store/goods/getGoodsDetail.do?goodsNo=A000000187346&dispCatNo=90000010009&trackingCd=Best_Sellingbest&t_page=랭킹&t_click=판매랭킹_컴포트웨어_상품상세&t_number=42
컴포트웨어,43,베리시,베리시 쿨핏 브라 볼륨핏,https://www.oliveyoung.co.kr/store/goods/getGoodsDetail.do?goodsNo=B000000186221&dispCatNo=90000010009&trackingCd=Best_Sellingbest&t_page=랭킹&t_click=판매랭킹_컴포트웨어_상품상세&t_number=43
컴포트웨어,44,방탄꼭지,방탄꼭지 에어니플 2종 택1(30mm/35mm),https://www.oliveyoung.co.kr/store/goods/getGoodsDetail.do?goodsNo=A000000163359&dispCatNo=90000010009&trackingCd=Best_Sellingbest&t_page=랭킹&t_click=판매랭킹_컴포트웨어_상품상세&t_number=44
컴포트웨어,45,방탄꼭지,방탄꼭지 에어니플 카이 2종 택1(30mm/35mm),https://www.oliveyoung.co.kr/store/goods/getGoodsDetail.do?goodsNo=A000000163361&dispCatNo=90000010009&trackingCd=Best_Sellingbest&t_page=랭킹&t_click=판매랭킹_컴포트웨어_상품상세&t_number=45
컴포트웨어,46,방탄꼭지,방탄꼭지 스파이더 에어니플 30mm,https://www.oliveyoung.co.kr/store/goods/getGoodsDetail.do?goodsNo=A000000187350&dispCatNo=90000010009&trackingCd=Best_Sellingbest&t_page=랭킹&t_click=판매랭킹_컴포트웨어_상품상세&t_number=46
컴포트웨어,47,오끌레르,오끌레르 틴 패치 4종 택1 (Normal/Large),https://www.oliveyoung.co.kr/store/goods/getGoodsDetail.do?goodsNo=A000000186947&dispCatNo=90000010009&trackingCd=Best_Sellingbest&t_page=랭킹&t_click=판매랭킹_컴포트웨어_상품상세&t_number=47
컴포트웨어,48,리무브,리무브 모달 멜로우 노브라탑,https://www.oliveyoung.co.kr/store/goods/getGoodsDetail.do?goodsNo=A000000192248&dispCatNo=90000010009&trackingCd=Best_Sellingbest&t_page=랭킹&t_click=판매랭킹_컴포트웨어_상품상세&t_number=48
컴포트웨어,49,비너스,비너스 스트롱 항균 팬티스타킹3족(살구),https://www.oliveyoung.co.kr/store/goods/getGoodsDetail.do?goodsNo=A000000111079&dispCatNo=90000010009&trackingCd=Best_Sellingbest&t_page=랭킹&t_click=판매랭킹_컴포트웨어_상품상세&t_number=49
컴포트웨어,50,마른파이브,[업체배송] 마른파이브 두프리 실리콘 누드브라 슬림,https://www.oliveyoung.co.kr/store/goods/getGoodsDetail.do?goodsNo=B000000184289&dispCatNo=90000010009&trackingCd=Best_Sellingbest&t_page=랭킹&t_click=판매랭킹_컴포트웨어_상품상세&t_number=50
컴포트웨어,51,비너스,비너스 압박 레그컨트롤 팬티스타킹 3족,https://www.oliveyoung.co.kr/store/goods/getGoodsDetail.do?goodsNo=A000000011390&dispCatNo=90000010009&trackingCd=Best_Sellingbest&t_page=랭킹&t_click=판매랭킹_컴포트웨어_상품상세&t_number=51
컴포트웨어,52,비너스,비너스 힙업&압박 컴프레션 스타킹 (살구),https://www.oliveyoung.co.kr/store/goods/getGoodsDetail.do?goodsNo=A000000178477&dispCatNo=90000010009&trackingCd=Best_Sellingbest&t_page=랭킹&t_click=판매랭킹_컴포트웨어_상품상세&t_number=52
컴포트웨어,53,베리시,베리시 쿨핏 브라 시그니처,https://www.oliveyoung.co.kr/store/goods/getGoodsDetail.do?goodsNo=B000000186220&dispCatNo=90000010009&trackingCd=Best_Sellingbest&t_page=랭킹&t_click=판매랭킹_컴포트웨어_상품상세&t_number=53
컴포트웨어,54,나른,나른 베이직 트렁크 (2 colors),https://www.oliveyoung.co.kr/store/goods/getGoodsDetail.do?goodsNo=B000000201347&dispCatNo=90000010009&trackingCd=Best_Sellingbest&t_page=랭킹&t_click=판매랭킹_컴포트웨어_상품상세&t_number=54
컴포트웨어,55,감탄브라,[일체형] 자세브라 런닝형 - 브라 단품,https://www.oliveyoung.co.kr/store/goods/getGoodsDetail.do?goodsNo=B000000203848&dispCatNo=90000010009&trackingCd=Best_Sellingbest&t_page=랭킹&t_click=판매랭킹_컴포트웨어_상품상세&t_number=55
컴포트웨어,56,감탄브라,[일체형] 자세브라 스트랩 - 브라 1&1,https://www.oliveyoung.co.kr/store/goods/getGoodsDetail.do?goodsNo=B000000203843&dispCatNo=90000010009&trackingCd=Best_Sellingbest&t_page=랭킹&t_click=판매랭킹_컴포트웨어_상품상세&t_number=56
컴포트웨어,57,호라호,호라호 뱀부 노와이어 심리스 브라팬티 세트 (6COLORS),https://www.oliveyoung.co.kr/store/goods/getGoodsDetail.do?goodsNo=B000000205645&dispCatNo=90000010009&trackingCd=Best_Sellingbest&t_page=랭킹&t_click=판매랭킹_컴포트웨어_상품상세&t_number=57
컴포트웨어,58,베리시,베리시 쿨핏 브라 시그니처&팬티 set,https://www.oliveyoung.co.kr/store/goods/getGoodsDetail.do?goodsNo=B000000192714&dispCatNo=90000010009&trackingCd=Best_Sellingbest&t_page=랭킹&t_click=판매랭킹_컴포트웨어_상품상세&t_number=58
컴포트웨어,59,마른파이브,마른파이브 두프리 프리미엄 실리콘 누드브라 파워슬림,https://www.oliveyoung.co.kr/store/goods/getGoodsDetail.do?goodsNo=B000000185689&dispCatNo=90000010009&trackingCd=Best_Sellingbest&t_page=랭킹&t_click=판매랭킹_컴포트웨어_상품상세&t_number=59
컴포트웨어,60,방탄꼭지,방탄꼭지 에어니플 30mm,https://www.oliveyoung.co.kr/store/goods/getGoodsDetail.do?goodsNo=A000000161272&dispCatNo=90000010009&trackingCd=Best_Sellingbest&t_page=랭킹&t_click=판매랭킹_컴포트웨어_상품상세&t_number=60
컴포트웨어,61,마른파이브,마른파이브 프리플 리프팅 니플패치 3사이즈(글루),https://www.oliveyoung.co.kr/store/goods/getGoodsDetail.do?goodsNo=B000000186876&dispCatNo=90000010009&trackingCd=Best_Sellingbest&t_page=랭킹&t_click=판매랭킹_컴포트웨어_상품상세&t_number=61
컴포트웨어,62,터치소울,터치소울 오프숄더 브라 2 colors (연장후크+투명끈 증정),https://www.oliveyoung.co.kr/store/goods/getGoodsDetail.do?goodsNo=B000000203269&dispCatNo=90000010009&trackingCd=Best_Sellingbest&t_page=랭킹&t_click=판매랭킹_컴포트웨어_상품상세&t_number=62
컴포트웨어,63,호라호,호라호 모달 데일리 노와이어 심리스 브라렛 (4COLORS),https://www.oliveyoung.co.kr/store/goods/getGoodsDetail.do?goodsNo=B000000205629&dispCatNo=90000010009&trackingCd=Best_Sellingbest&t_page=랭킹&t_click=판매랭킹_컴포트웨어_상품상세&t_number=63
컴포트웨어,64,베리시,베리시 쿨핏 브라 시그니처 & 볼륨핏 2종 set,https://www.oliveyoung.co.kr/store/goods/getGoodsDetail.do?goodsNo=B000000196259&dispCatNo=90000010009&trackingCd=Best_Sellingbest&t_page=랭킹&t_click=판매랭킹_컴포트웨어_상품상세&t_number=64
컴포트웨어,65,감탄브라,[일체형] 모달스킨 감탄브라 - 후크형 스트랩 브라 단품,https://www.oliveyoung.co.kr/store/goods/getGoodsDetail.do?goodsNo=B000000202583&dispCatNo=90000010009&trackingCd=Best_Sellingbest&t_page=랭킹&t_click=판매랭킹_컴포트웨어_상품상세&t_number=65
컴포트웨어,66,감탄브라,[일체형] 자세브라 런닝형 - 브라 3set,https://www.oliveyoung.co.kr/store/goods/getGoodsDetail.do?goodsNo=B000000203847&dispCatNo=90000010009&trackingCd=Best_Sellingbest&t_page=랭킹&t_click=판매랭킹_컴포트웨어_상품상세&t_number=66
컴포트웨어,67,슬림9,[슬림9] 네모팬티 뉴베이직 3PACK (베이지/블랙),https://www.oliveyoung.co.kr/store/goods/getGoodsDetail.do?goodsNo=B000000151776&dispCatNo=90000010009&trackingCd=Best_Sellingbest&t_page=랭킹&t_click=판매랭킹_컴포트웨어_상품상세&t_number=67
컴포트웨어,68,마른파이브,마른파이브 오가닉 코튼 매트쿨링 위생팬티 2종 택1,https://www.oliveyoung.co.kr/store/goods/getGoodsDetail.do?goodsNo=B000000173684&dispCatNo=90000010009&trackingCd=Best_Sellingbest&t_page=랭킹&t_click=판매랭킹_컴포트웨어_상품상세&t_number=68
컴포트웨어,69,글램모먼트,글램모먼트 포맨 스킨핏 커버패치(60매입),https://www.oliveyoung.co.kr/store/goods/getGoodsDetail.do?goodsNo=A000000186951&dispCatNo=90000010009&trackingCd=Best_Sellingbest&t_page=랭킹&t_click=판매랭킹_컴포트웨어_상품상세&t_number=69
컴포트웨어,70,마른파이브,"마른파이브 데일리 초밀착 넉넉스타킹 50D ML~XXL 24종 택1 (유발/무발, 5매/10매)",https://www.oliveyoung.co.kr/store/goods/getGoodsDetail.do?goodsNo=B000000192618&dispCatNo=90000010009&trackingCd=Best_Sellingbest&t_page=랭킹&t_click=판매랭킹_컴포트웨어_상품상세&t_number=70
컴포트웨어,71,마른파이브,마른파이브 쉬어 트렁크 모달 5colors (블랙/인디고블루/애플그린/버터레몬/핑크솔트 M~XL),https://www.oliveyoung.co.kr/store/goods/getGoodsDetail.do?goodsNo=B000000173683&dispCatNo=90000010009&trackingCd=Best_Sellingbest&t_page=랭킹&t_click=판매랭킹_컴포트웨어_상품상세&t_number=71
컴포트웨어,72,슬림9,슬림9 네모팬티 숏 2color,https://www.oliveyoung.co.kr/store/goods/getGoodsDetail.do?goodsNo=A000000178152&dispCatNo=90000010009&trackingCd=Best_Sellingbest&t_page=랭킹&t_click=판매랭킹_컴포트웨어_상품상세&t_number=72
컴포트웨어,73,폴프랜즈,폴프랜즈 24SS 원사이즈 아동&성인 양말 K-SOCKS 190~250mm(7세-성인),https://www.oliveyoung.co.kr/store/goods/getGoodsDetail.do?goodsNo=B000000203011&dispCatNo=90000010009&trackingCd=Best_Sellingbest&t_page=랭킹&t_click=판매랭킹_컴포트웨어_상품상세&t_number=73
컴포트웨어,74,폴프랜즈,[폴프랜즈] 원사이즈 양말 잭슨 세트 (JKN),https://www.oliveyoung.co.kr/store/goods/getGoodsDetail.do?goodsNo=A000000190833&dispCatNo=90000010009&trackingCd=Best_Sellingbest&t_page=랭킹&t_click=판매랭킹_컴포트웨어_상품상세&t_number=74
컴포트웨어,75,비너스,비너스 스트롱 항균 팬티스타킹 살구 5족입,https://www.oliveyoung.co.kr/store/goods/getGoodsDetail.do?goodsNo=A000000132003&dispCatNo=90000010009&trackingCd=Best_Sellingbest&t_page=랭킹&t_click=판매랭킹_컴포트웨어_상품상세&t_number=75
컴포트웨어,76,마른파이브,마른파이브 UV차단 넉넉스타킹 50D (유발/무발),https://www.oliveyoung.co.kr/store/goods/getGoodsDetail.do?goodsNo=A000000173677&dispCatNo=90000010009&trackingCd=Best_Sellingbest&t_page=랭킹&t_click=판매랭킹_컴포트웨어_상품상세&t_number=76
컴포트웨어,77,베리시,베리시 모달 브라탑,https://www.oliveyoung.co.kr/store/goods/getGoodsDetail.do?goodsNo=B000000199139&dispCatNo=90000010009&trackingCd=Best_Sellingbest&t_page=랭킹&t_click=판매랭킹_컴포트웨어_상품상세&t_number=77
컴포트웨어,78,베리시,베리시 모달 브라탑 홀터,https://www.oliveyoung.co.kr/store/goods/getGoodsDetail.do?goodsNo=B000000205849&dispCatNo=90000010009&trackingCd=Best_Sellingbest&t_page=랭킹&t_click=판매랭킹_컴포트웨어_상품상세&t_number=78
컴포트웨어,79,원더브라,원더브라 풀커버리지 플러스 브라팬티 5Set WBW3M2223242526_T,https://www.oliveyoung.co.kr/store/goods/getGoodsDetail.do?goodsNo=B000000190312&dispCatNo=90000010009&trackingCd=Best_Sellingbest&t_page=랭킹&t_click=판매랭킹_컴포트웨어_상품상세&t_number=79
컴포트웨어,80,폴프랜즈,[폴프랜즈] 페이크삭스 화이트 (FSW) F-SOCKS 220~300mm(초등-성인),https://www.oliveyoung.co.kr/store/goods/getGoodsDetail.do?goodsNo=A000000168439&dispCatNo=90000010009&trackingCd=Best_Sellingbest&t_page=랭킹&t_click=판매랭킹_컴포트웨어_상품상세&t_number=80
컴포트웨어,81,마른파이브,마른파이브 프리플 라이트 니플패치 6cm 2종 택1,https://www.oliveyoung.co.kr/store/goods/getGoodsDetail.do?goodsNo=B000000188274&dispCatNo=90000010009&trackingCd=Best_Sellingbest&t_page=랭킹&t_click=판매랭킹_컴포트웨어_상품상세&t_number=81
컴포트웨어,82,리무브,리무브 심리스 심플 브라탑 2colors (스킨/블루),https://www.oliveyoung.co.kr/store/goods/getGoodsDetail.do?goodsNo=B000000206414&dispCatNo=90000010009&trackingCd=Best_Sellingbest&t_page=랭킹&t_click=판매랭킹_컴포트웨어_상품상세&t_number=82
컴포트웨어,83,감탄브라,[일체형] 자세브라 런닝형 - 브라팬티 3set,https://www.oliveyoung.co.kr/store/goods/getGoodsDetail.do?goodsNo=B000000203845&dispCatNo=90000010009&trackingCd=Best_Sellingbest&t_page=랭킹&t_click=판매랭킹_컴포트웨어_상품상세&t_number=83
컴포트웨어,84,숨바꼭지,흡수돼지,https://www.oliveyoung.co.kr/store/goods/getGoodsDetail.do?goodsNo=A000000167342&dispCatNo=90000010009&trackingCd=Best_Sellingbest&t_page=랭킹&t_click=판매랭킹_컴포트웨어_상품상세&t_number=84
컴포트웨어,85,감탄브라,[일체형] 모달스킨 감탄브라 - 스트랩 브라 2set,https://www.oliveyoung.co.kr/store/goods/getGoodsDetail.do?goodsNo=B000000202585&dispCatNo=90000010009&trackingCd=Best_Sellingbest&t_page=랭킹&t_click=판매랭킹_컴포트웨어_상품상세&t_number=85
컴포트웨어,86,마른파이브,마른파이브 쉬어 티팬티 W커버 쿠션 2colors (블랙/스킨),https://www.oliveyoung.co.kr/store/goods/getGoodsDetail.do?goodsNo=B000000201102&dispCatNo=90000010009&trackingCd=Best_Sellingbest&t_page=랭킹&t_click=판매랭킹_컴포트웨어_상품상세&t_number=86
컴포트웨어,87,감탄브라,[일체형] 자세브라 스트랩 - 브라 단품,https://www.oliveyoung.co.kr/store/goods/getGoodsDetail.do?goodsNo=B000000203844&dispCatNo=90000010009&trackingCd=Best_Sellingbest&t_page=랭킹&t_click=판매랭킹_컴포트웨어_상품상세&t_number=87
컴포트웨어,88,베리시,베리시 쿨핏 브라 볼륨핏&팬티 set,https://www.oliveyoung.co.kr/store/goods/getGoodsDetail.do?goodsNo=B000000192969&dispCatNo=90000010009&trackingCd=Best_Sellingbest&t_page=랭킹&t_click=판매랭킹_컴포트웨어_상품상세&t_number=88
컴포트웨어,89,마른파이브,마른파이브 두프리 실리콘 누드브라 3cm 볼륨업,https://www.oliveyoung.co.kr/store/goods/getGoodsDetail.do?goodsNo=B000000184287&dispCatNo=90000010009&trackingCd=Best_Sellingbest&t_page=랭킹&t_click=판매랭킹_컴포트웨어_상품상세&t_number=89
컴포트웨어,90,마른파이브,마른파이브 두프리 실리콘 누드브라 2cm 볼륨업,https://www.oliveyoung.co.kr/store/goods/getGoodsDetail.do?goodsNo=B000000184288&dispCatNo=90000010009&trackingCd=Best_Sellingbest&t_page=랭킹&t_click=판매랭킹_컴포트웨어_상품상세&t_number=90
컴포트웨어,91,싹스탑,싹스탑 드라이쿨 베이지,https://www.oliveyoung.co.kr/store/goods/getGoodsDetail.do?goodsNo=A000000126909&dispCatNo=90000010009&trackingCd=Best_Sellingbest&t_page=랭킹&t_click=판매랭킹_컴포트웨어_상품상세&t_number=91
컴포트웨어,92,폴프랜즈,[폴프랜즈] 페이크삭스 베이지 (FSB) F-SOCKS 220~300mm(초등-성인),https://www.oliveyoung.co.kr/store/goods/getGoodsDetail.do?goodsNo=A000000168440&dispCatNo=90000010009&trackingCd=Best_Sellingbest&t_page=랭킹&t_click=판매랭킹_컴포트웨어_상품상세&t_number=92
컴포트웨어,93,마른파이브,마른파이브 압박 삭 스타킹 35D 3매입 (스킨/블랙),https://www.oliveyoung.co.kr/store/goods/getGoodsDetail.do?goodsNo=A000000192139&dispCatNo=90000010009&trackingCd=Best_Sellingbest&t_page=랭킹&t_click=판매랭킹_컴포트웨어_상품상세&t_number=93
컴포트웨어,94,베리시,베리시 모달 브라탑 U넥,https://www.oliveyoung.co.kr/store/goods/getGoodsDetail.do?goodsNo=B000000206054&dispCatNo=90000010009&trackingCd=Best_Sellingbest&t_page=랭킹&t_click=판매랭킹_컴포트웨어_상품상세&t_number=94
컴포트웨어,95,숨바꼭지,숨바꼭지 투명,https://www.oliveyoung.co.kr/store/goods/getGoodsDetail.do?goodsNo=A000000167343&dispCatNo=90000010009&trackingCd=Best_Sellingbest&t_page=랭킹&t_click=판매랭킹_컴포트웨어_상품상세&t_number=95
컴포트웨어,96,감탄브라,[일체형] 자세브라 스트랩 - 브라 3set,https://www.oliveyoung.co.kr/store/goods/getGoodsDetail.do?goodsNo=B000000203842&dispCatNo=90000010009&trackingCd=Best_Sellingbest&t_page=랭킹&t_click=판매랭킹_컴포트웨어_상품상세&t_number=96
컴포트웨어,97,마른파이브,마른파이브 쉬어 브라 오가닉 3colors (블랙/화이트/스킨 S~XXL),https://www.oliveyoung.co.kr/store/goods/getGoodsDetail.do?goodsNo=B000000173681&dispCatNo=90000010009&trackingCd=Best_Sellingbest&t_page=랭킹&t_click=판매랭킹_컴포트웨어_상품상세&t_number=97
컴포트웨어,98,원더브라,원더브라 COMFY 브라팬티 Set (5 COLORS),https://www.oliveyoung.co.kr/store/goods/getGoodsDetail.do?goodsNo=B000000190338&dispCatNo=90000010009&trackingCd=Best_Sellingbest&t_page=랭킹&t_click=판매랭킹_컴포트웨어_상품상세&t_number=98
컴포트웨어,99,리무브,리무브 모달 멜로우 드로즈,https://www.oliveyoung.co.kr/store/goods/getGoodsDetail.do?goodsNo=A000000192249&dispCatNo=90000010009&trackingCd=Best_Sellingbest&t_page=랭킹&t_click=판매랭킹_컴포트웨어_상품상세&t_number=99
컴포트웨어,100,비너스,비너스 압박 레그컨트롤 팬티스타킹,https://www.oliveyoung.co.kr/store/goods/getGoodsDetail.do?goodsNo=A000000011385&dispCatNo=90000010009&trackingCd=Best_Sellingbest&t_page=랭킹&t_click=판매랭킹_컴포트웨어_상품상세&t_number=100
리빙/펫,1,보령메디앙스,[대용량]올곧은 물티슈 70매 캡형 엠보싱 10입 택1 (프리미엄70매*10/일반70매*10),https://www.oliveyoung.co.kr/store/goods/getGoodsDetail.do?goodsNo=A000000111271&dispCatNo=90000010009&trackingCd=Best_Sellingbest&t_page=랭킹&t_click=판매랭킹_리빙/펫_상품상세&t_number=1
리빙/펫,2,스너글,[100개 특가] 스너글 섬유탈취제 470ml 6종 택1,https://www.oliveyoung.co.kr/store/goods/getGoodsDetail.do?goodsNo=A000000189218&dispCatNo=90000010009&trackingCd=Best_Sellingbest&t_page=랭킹&t_click=판매랭킹_리빙/펫_상품상세&t_number=2
리빙/펫,3,헤트라스,[1+1] 헤트라스 프리미엄 대용량 디퓨저 500ml 2개입 5종 택1,https://www.oliveyoung.co.kr/store/goods/getGoodsDetail.do?goodsNo=A000000169593&dispCatNo=90000010009&trackingCd=Best_Sellingbest&t_page=랭킹&t_click=판매랭킹_리빙/펫_상품상세&t_number=3
리빙/펫,4,라운드어라운드,[1+1]라운드어라운드 포레스트 디퓨저 4종 택1 (+솝 증정),https://www.oliveyoung.co.kr/store/goods/getGoodsDetail.do?goodsNo=A000000164936&dispCatNo=90000010009&trackingCd=Best_Sellingbest&t_page=랭킹&t_click=판매랭킹_리빙/펫_상품상세&t_number=4
리빙/펫,5,스너글,스너글 룸스프레이 200ml 2종 택1 (드림판타지/카밍포레스트),https://www.oliveyoung.co.kr/store/goods/getGoodsDetail.do?goodsNo=A000000200576&dispCatNo=90000010009&trackingCd=Best_Sellingbest&t_page=랭킹&t_click=판매랭킹_리빙/펫_상품상세&t_number=5
리빙/펫,6,스너글,스너글 섬유탈취제 150ml 6종 택1,https://www.oliveyoung.co.kr/store/goods/getGoodsDetail.do?goodsNo=A000000166192&dispCatNo=90000010009&trackingCd=Best_Sellingbest&t_page=랭킹&t_click=판매랭킹_리빙/펫_상품상세&t_number=6
리빙/펫,7,오센트,오센트 퍼퓸샤쉐 6종,https://www.oliveyoung.co.kr/store/goods/getGoodsDetail.do?goodsNo=A000000162772&dispCatNo=90000010009&trackingCd=Best_Sellingbest&t_page=랭킹&t_click=판매랭킹_리빙/펫_상품상세&t_number=7
리빙/펫,8,제니퍼룸,[6/1 하루특가] 제니퍼룸 다이어트 원픽 세트(블렌더+에그보일러) 외 주방가전 모음,https://www.oliveyoung.co.kr/store/goods/getGoodsDetail.do?goodsNo=B000000205563&dispCatNo=90000010009&trackingCd=Best_Sellingbest&t_page=랭킹&t_click=판매랭킹_리빙/펫_상품상세&t_number=8
리빙/펫,9,샤오미,샤오미 스마트 무선 선풍기 2 Pro,https://www.oliveyoung.co.kr/store/goods/getGoodsDetail.do?goodsNo=B000000187347&dispCatNo=90000010009&trackingCd=Best_Sellingbest&t_page=랭킹&t_click=판매랭킹_리빙/펫_상품상세&t_number=9
리빙/펫,10,메르디센트,메르디센트 오리지널 무드 퍼퓸 스프레이 8종 택1,https://www.oliveyoung.co.kr/store/goods/getGoodsDetail.do?goodsNo=A000000154604&dispCatNo=90000010009&trackingCd=Best_Sellingbest&t_page=랭킹&t_click=판매랭킹_리빙/펫_상품상세&t_number=10
리빙/펫,11,순백수,순백수 편백 스프레이 탈취제 500ml (섬유향수 & 드레스퍼퓸),https://www.oliveyoung.co.kr/store/goods/getGoodsDetail.do?goodsNo=A000000137246&dispCatNo=90000010009&trackingCd=Best_Sellingbest&t_page=랭킹&t_click=판매랭킹_리빙/펫_상품상세&t_number=11
리빙/펫,12,룸앤홈,룸앤홈 데일리 서랍장 3/4/5단 세트 (1+1) 3종 택1,https://www.oliveyoung.co.kr/store/goods/getGoodsDetail.do?goodsNo=B000000174040&dispCatNo=90000010009&trackingCd=Best_Sellingbest&t_page=랭킹&t_click=판매랭킹_리빙/펫_상품상세&t_number=12
리빙/펫,13,코아코아,코아코아 잘라쓰는 층간소음 롤매트 (실리콘 테이프 증정),https://www.oliveyoung.co.kr/store/goods/getGoodsDetail.do?goodsNo=B000000182521&dispCatNo=90000010009&trackingCd=Best_Sellingbest&t_page=랭킹&t_click=판매랭킹_리빙/펫_상품상세&t_number=13
리빙/펫,14,르셀르,[선물추천] 르셀르 룸 스프레이 250ml 4종 택1,https://www.oliveyoung.co.kr/store/goods/getGoodsDetail.do?goodsNo=A000000175028&dispCatNo=90000010009&trackingCd=Best_Sellingbest&t_page=랭킹&t_click=판매랭킹_리빙/펫_상품상세&t_number=14
리빙/펫,15,로얄캐닌,로얄캐닌 고양이 사료 모음전,https://www.oliveyoung.co.kr/store/goods/getGoodsDetail.do?goodsNo=B000000132657&dispCatNo=90000010009&trackingCd=Best_Sellingbest&t_page=랭킹&t_click=판매랭킹_리빙/펫_상품상세&t_number=15
리빙/펫,16,스너글,스너글 초고농축 섬유유연제 1.8L 3종 택 1,https://www.oliveyoung.co.kr/store/goods/getGoodsDetail.do?goodsNo=A000000166157&dispCatNo=90000010009&trackingCd=Best_Sellingbest&t_page=랭킹&t_click=판매랭킹_리빙/펫_상품상세&t_number=16
리빙/펫,17,리베르,리베르 섬유향수 사이 100ml,https://www.oliveyoung.co.kr/store/goods/getGoodsDetail.do?goodsNo=A000000154226&dispCatNo=90000010009&trackingCd=Best_Sellingbest&t_page=랭킹&t_click=판매랭킹_리빙/펫_상품상세&t_number=17
리빙/펫,18,리슬립,리슬립 슬립 케어 피톤치드 농축 스프레이 300ml(오일 3% 캡슐형),https://www.oliveyoung.co.kr/store/goods/getGoodsDetail.do?goodsNo=A000000192424&dispCatNo=90000010009&trackingCd=Best_Sellingbest&t_page=랭킹&t_click=판매랭킹_리빙/펫_상품상세&t_number=18
리빙/펫,19,팩토리노멀,팩토리노멀 갈색병 소이캔들 210g 4종 택1,https://www.oliveyoung.co.kr/store/goods/getGoodsDetail.do?goodsNo=A000000144466&dispCatNo=90000010009&trackingCd=Best_Sellingbest&t_page=랭킹&t_click=판매랭킹_리빙/펫_상품상세&t_number=19
리빙/펫,20,푸푸리,푸푸리 1.4 oz 2종 택1,https://www.oliveyoung.co.kr/store/goods/getGoodsDetail.do?goodsNo=A000000136263&dispCatNo=90000010009&trackingCd=Best_Sellingbest&t_page=랭킹&t_click=판매랭킹_리빙/펫_상품상세&t_number=20
리빙/펫,21,보령메디앙스,올곧은)물티슈 캡형 프리미엄/일반 엠보싱 70매 택1 (70매*10팩),https://www.oliveyoung.co.kr/store/goods/getGoodsDetail.do?goodsNo=A000000161789&dispCatNo=90000010009&trackingCd=Best_Sellingbest&t_page=랭킹&t_click=판매랭킹_리빙/펫_상품상세&t_number=21
리빙/펫,22,한삽뚝딱,[펫토리아] 한삽뚝딱 고양이 두부모래 7L (4.9kg) 1개 3개 모음,https://www.oliveyoung.co.kr/store/goods/getGoodsDetail.do?goodsNo=B000000139024&dispCatNo=90000010009&trackingCd=Best_Sellingbest&t_page=랭킹&t_click=판매랭킹_리빙/펫_상품상세&t_number=22
리빙/펫,23,라운드어라운드,라운드어라운드 편백 클린 스프레이 골라담기,https://www.oliveyoung.co.kr/store/goods/getGoodsDetail.do?goodsNo=A000000170807&dispCatNo=90000010009&trackingCd=Best_Sellingbest&t_page=랭킹&t_click=판매랭킹_리빙/펫_상품상세&t_number=23
리빙/펫,24,팸퍼스,팸퍼스 2024 베이비드라이 팬티 1박스 4종 택 1,https://www.oliveyoung.co.kr/store/goods/getGoodsDetail.do?goodsNo=B000000199384&dispCatNo=90000010009&trackingCd=Best_Sellingbest&t_page=랭킹&t_click=판매랭킹_리빙/펫_상품상세&t_number=24
리빙/펫,25,비비앙,비비앙 니치 섬유향수 8종 택 1,https://www.oliveyoung.co.kr/store/goods/getGoodsDetail.do?goodsNo=A000000180515&dispCatNo=90000010009&trackingCd=Best_Sellingbest&t_page=랭킹&t_click=판매랭킹_리빙/펫_상품상세&t_number=25
리빙/펫,26,순백수,순백수 히노끼 디퓨저 150ml 3종 택1(리프/우드/로즈),https://www.oliveyoung.co.kr/store/goods/getGoodsDetail.do?goodsNo=A000000149474&dispCatNo=90000010009&trackingCd=Best_Sellingbest&t_page=랭킹&t_click=판매랭킹_리빙/펫_상품상세&t_number=26
리빙/펫,27,멈칫,멈칫 섬유향수 100ml 6종 택1,https://www.oliveyoung.co.kr/store/goods/getGoodsDetail.do?goodsNo=A000000156089&dispCatNo=90000010009&trackingCd=Best_Sellingbest&t_page=랭킹&t_click=판매랭킹_리빙/펫_상품상세&t_number=27
리빙/펫,28,라운드어라운드,라운드어라운드 편백 클린 스프레이 리필기획 (본품160ml+리필300ml) 2종 택1,https://www.oliveyoung.co.kr/store/goods/getGoodsDetail.do?goodsNo=A000000167030&dispCatNo=90000010009&trackingCd=Best_Sellingbest&t_page=랭킹&t_click=판매랭킹_리빙/펫_상품상세&t_number=28
리빙/펫,29,낫포유,[리뉴얼] 낫포유 앰플 샤워기(본품/필터 3종) 택1,https://www.oliveyoung.co.kr/store/goods/getGoodsDetail.do?goodsNo=A000000194109&dispCatNo=90000010009&trackingCd=Best_Sellingbest&t_page=랭킹&t_click=판매랭킹_리빙/펫_상품상세&t_number=29
리빙/펫,30,헤트라스,헤트라스 섬유향수 플라워샵 80ml,https://www.oliveyoung.co.kr/store/goods/getGoodsDetail.do?goodsNo=A000000190840&dispCatNo=90000010009&trackingCd=Best_Sellingbest&t_page=랭킹&t_click=판매랭킹_리빙/펫_상품상세&t_number=30
리빙/펫,31,바디럽,[교체필터] 퓨어썸 파라맥스 피코 퓨어필터 3개,https://www.oliveyoung.co.kr/store/goods/getGoodsDetail.do?goodsNo=B000000183912&dispCatNo=90000010009&trackingCd=Best_Sellingbest&t_page=랭킹&t_click=판매랭킹_리빙/펫_상품상세&t_number=31
리빙/펫,32,로이비,[리뉴얼] 로이비 프래그런스 디퓨저 블랙 커런트 250ml (스틱 미포함/별도판매),https://www.oliveyoung.co.kr/store/goods/getGoodsDetail.do?goodsNo=A000000176470&dispCatNo=90000010009&trackingCd=Best_Sellingbest&t_page=랭킹&t_click=판매랭킹_리빙/펫_상품상세&t_number=32
리빙/펫,33,리베르,리베르 섬유향수 5종 택1,https://www.oliveyoung.co.kr/store/goods/getGoodsDetail.do?goodsNo=A000000154995&dispCatNo=90000010009&trackingCd=Best_Sellingbest&t_page=랭킹&t_click=판매랭킹_리빙/펫_상품상세&t_number=33
리빙/펫,34,르아제,르아제 룸스프레이 150ml 6종 중 택1,https://www.oliveyoung.co.kr/store/goods/getGoodsDetail.do?goodsNo=A000000189117&dispCatNo=90000010009&trackingCd=Best_Sellingbest&t_page=랭킹&t_click=판매랭킹_리빙/펫_상품상세&t_number=34
리빙/펫,35,든향,[리뷰이벤트] 든향 룸앤패브릭퍼퓸 섬유향수 4종 택 1,https://www.oliveyoung.co.kr/store/goods/getGoodsDetail.do?goodsNo=A000000205546&dispCatNo=90000010009&trackingCd=Best_Sellingbest&t_page=랭킹&t_click=판매랭킹_리빙/펫_상품상세&t_number=35
리빙/펫,36,리슬립,리슬립 슬립 케어 피톤치드 농축 스프레이 휴대용 100ml(오일 3% 캡슐형),https://www.oliveyoung.co.kr/store/goods/getGoodsDetail.do?goodsNo=A000000203041&dispCatNo=90000010009&trackingCd=Best_Sellingbest&t_page=랭킹&t_click=판매랭킹_리빙/펫_상품상세&t_number=36
리빙/펫,37,플르부아,플르부아 디퓨저 200ml 4종 택1,https://www.oliveyoung.co.kr/store/goods/getGoodsDetail.do?goodsNo=A000000202553&dispCatNo=90000010009&trackingCd=Best_Sellingbest&t_page=랭킹&t_click=판매랭킹_리빙/펫_상품상세&t_number=37
리빙/펫,38,크리넥스,크리넥스 3겹 천연펄프 수프림소프트 화장지 27M 12롤+12롤 로션함유,https://www.oliveyoung.co.kr/store/goods/getGoodsDetail.do?goodsNo=B000000134952&dispCatNo=90000010009&trackingCd=Best_Sellingbest&t_page=랭킹&t_click=판매랭킹_리빙/펫_상품상세&t_number=38
리빙/펫,39,더블유드레스룸,W.DRESSROOM 드레스퍼퓸 시즌3 160ml 6종 택1,https://www.oliveyoung.co.kr/store/goods/getGoodsDetail.do?goodsNo=A000000189283&dispCatNo=90000010009&trackingCd=Best_Sellingbest&t_page=랭킹&t_click=판매랭킹_리빙/펫_상품상세&t_number=39
리빙/펫,40,라운드어라운드,[리필]라운드어라운드 편백 클린 스프레이 리필 300ml 2종 택1,https://www.oliveyoung.co.kr/store/goods/getGoodsDetail.do?goodsNo=A000000169002&dispCatNo=90000010009&trackingCd=Best_Sellingbest&t_page=랭킹&t_click=판매랭킹_리빙/펫_상품상세&t_number=40
리빙/펫,41,비비앙,비비앙 니치 섬유향수 월넛크릭그린100ml,https://www.oliveyoung.co.kr/store/goods/getGoodsDetail.do?goodsNo=A000000182930&dispCatNo=90000010009&trackingCd=Best_Sellingbest&t_page=랭킹&t_click=판매랭킹_리빙/펫_상품상세&t_number=41
리빙/펫,42,코코도르,코코도르 디퓨저 200ml 3종 택1 (너의 비누향/숲속새벽공기/양재동꽃시장),https://www.oliveyoung.co.kr/store/goods/getGoodsDetail.do?goodsNo=A000000181171&dispCatNo=90000010009&trackingCd=Best_Sellingbest&t_page=랭킹&t_click=판매랭킹_리빙/펫_상품상세&t_number=42
리빙/펫,43,생활공작소,생활공작소 제습제 옷걸이형 점보형 400g 12개,https://www.oliveyoung.co.kr/store/goods/getGoodsDetail.do?goodsNo=B000000185999&dispCatNo=90000010009&trackingCd=Best_Sellingbest&t_page=랭킹&t_click=판매랭킹_리빙/펫_상품상세&t_number=43
리빙/펫,44,헉슬리,헉슬리 캔들 모로칸 가드너 230g,https://www.oliveyoung.co.kr/store/goods/getGoodsDetail.do?goodsNo=A000000159303&dispCatNo=90000010009&trackingCd=Best_Sellingbest&t_page=랭킹&t_click=판매랭킹_리빙/펫_상품상세&t_number=44
리빙/펫,45,보국,보국 14인치 풋터치 선풍기 BKF-4835W,https://www.oliveyoung.co.kr/store/goods/getGoodsDetail.do?goodsNo=B000000205198&dispCatNo=90000010009&trackingCd=Best_Sellingbest&t_page=랭킹&t_click=판매랭킹_리빙/펫_상품상세&t_number=45
리빙/펫,46,오센트,[NEW] 오센트 퍼퓸 디퓨저 200ml 4종 택1 (스틱 미포함),https://www.oliveyoung.co.kr/store/goods/getGoodsDetail.do?goodsNo=A000000175030&dispCatNo=90000010009&trackingCd=Best_Sellingbest&t_page=랭킹&t_click=판매랭킹_리빙/펫_상품상세&t_number=46
리빙/펫,47,르셀르,[선물추천] 르셀르 퍼퓸드 샤쉐 30g 2종 택1,https://www.oliveyoung.co.kr/store/goods/getGoodsDetail.do?goodsNo=A000000189291&dispCatNo=90000010009&trackingCd=Best_Sellingbest&t_page=랭킹&t_click=판매랭킹_리빙/펫_상품상세&t_number=47
리빙/펫,48,라운드어라운드,라운드어라운드 댕댕이 디퓨저 2종 택1,https://www.oliveyoung.co.kr/store/goods/getGoodsDetail.do?goodsNo=A000000164874&dispCatNo=90000010009&trackingCd=Best_Sellingbest&t_page=랭킹&t_click=판매랭킹_리빙/펫_상품상세&t_number=48
리빙/펫,49,러비더비,러비더비 섬유향수 퓨어클린_200ml,https://www.oliveyoung.co.kr/store/goods/getGoodsDetail.do?goodsNo=A000000105115&dispCatNo=90000010009&trackingCd=Best_Sellingbest&t_page=랭킹&t_click=판매랭킹_리빙/펫_상품상세&t_number=49
리빙/펫,50,러비더비,러비더비 섬유향수 200ml 4종 택1,https://www.oliveyoung.co.kr/store/goods/getGoodsDetail.do?goodsNo=A000000149581&dispCatNo=90000010009&trackingCd=Best_Sellingbest&t_page=랭킹&t_click=판매랭킹_리빙/펫_상품상세&t_number=50
리빙/펫,51,리슬립,리슬립 슬립 케어 농축 스프레이 리필 오일 캡슐 3개입 SET,https://www.oliveyoung.co.kr/store/goods/getGoodsDetail.do?goodsNo=A000000203040&dispCatNo=90000010009&trackingCd=Best_Sellingbest&t_page=랭킹&t_click=판매랭킹_리빙/펫_상품상세&t_number=51
리빙/펫,52,오센트,오센트 에어퍼퓸 250ml 3종 택1,https://www.oliveyoung.co.kr/store/goods/getGoodsDetail.do?goodsNo=A000000162769&dispCatNo=90000010009&trackingCd=Best_Sellingbest&t_page=랭킹&t_click=판매랭킹_리빙/펫_상품상세&t_number=52
리빙/펫,53,단미,단미 미니 블렌더 DA-BLS01 2종 택1 (아이보리/핑크/민트),https://www.oliveyoung.co.kr/store/goods/getGoodsDetail.do?goodsNo=B000000202701&dispCatNo=90000010009&trackingCd=Best_Sellingbest&t_page=랭킹&t_click=판매랭킹_리빙/펫_상품상세&t_number=53
리빙/펫,54,스너글,[NEW] 스너글 캡슐세제 13개입 2종 택1 (허거블 코튼/블루스파클 플러스),https://www.oliveyoung.co.kr/store/goods/getGoodsDetail.do?goodsNo=A000000197494&dispCatNo=90000010009&trackingCd=Best_Sellingbest&t_page=랭킹&t_click=판매랭킹_리빙/펫_상품상세&t_number=54
리빙/펫,55,프로쉬,프로쉬 올인원 식기세척기세제 타블렛 30개입 3개세트,https://www.oliveyoung.co.kr/store/goods/getGoodsDetail.do?goodsNo=B000000170240&dispCatNo=90000010009&trackingCd=Best_Sellingbest&t_page=랭킹&t_click=판매랭킹_리빙/펫_상품상세&t_number=55
리빙/펫,56,러비더비,러비더비 섬유향수 로제 시그니처_200ml,https://www.oliveyoung.co.kr/store/goods/getGoodsDetail.do?goodsNo=A000000158407&dispCatNo=90000010009&trackingCd=Best_Sellingbest&t_page=랭킹&t_click=판매랭킹_리빙/펫_상품상세&t_number=56
리빙/펫,57,테일러센츠,테일러센츠 오브제 디퓨저 가든브리즈 200ml,https://www.oliveyoung.co.kr/store/goods/getGoodsDetail.do?goodsNo=A000000204724&dispCatNo=90000010009&trackingCd=Best_Sellingbest&t_page=랭킹&t_click=판매랭킹_리빙/펫_상품상세&t_number=57
리빙/펫,58,글래드호텔,글래드 포레스트 차량용방향제(케이스+리필용 2개입) 2종 택 1 (제주/서울향),https://www.oliveyoung.co.kr/store/goods/getGoodsDetail.do?goodsNo=A000000203259&dispCatNo=90000010009&trackingCd=Best_Sellingbest&t_page=랭킹&t_click=판매랭킹_리빙/펫_상품상세&t_number=58
리빙/펫,59,시프트,시프트 세디먼트 필터 3개입,https://www.oliveyoung.co.kr/store/goods/getGoodsDetail.do?goodsNo=A000000176891&dispCatNo=90000010009&trackingCd=Best_Sellingbest&t_page=랭킹&t_click=판매랭킹_리빙/펫_상품상세&t_number=59
리빙/펫,60,오센트,오센트 리필캡슐,https://www.oliveyoung.co.kr/store/goods/getGoodsDetail.do?goodsNo=A000000163035&dispCatNo=90000010009&trackingCd=Best_Sellingbest&t_page=랭킹&t_click=판매랭킹_리빙/펫_상품상세&t_number=60
리빙/펫,61,호텔도슨,[NEW] 호텔도슨 차량용 방향제/디퓨저 리필 17g 5종 택1,https://www.oliveyoung.co.kr/store/goods/getGoodsDetail.do?goodsNo=A000000203938&dispCatNo=90000010009&trackingCd=Best_Sellingbest&t_page=랭킹&t_click=판매랭킹_리빙/펫_상품상세&t_number=61
리빙/펫,62,토퓸,토퓸 천연 고체화장실방향제 30정 5종 택1,https://www.oliveyoung.co.kr/store/goods/getGoodsDetail.do?goodsNo=A000000147458&dispCatNo=90000010009&trackingCd=Best_Sellingbest&t_page=랭킹&t_click=판매랭킹_리빙/펫_상품상세&t_number=62
리빙/펫,63,보령메디앙스,비앤비)NEW유아용면봉(원형-종이대)200P,https://www.oliveyoung.co.kr/store/goods/getGoodsDetail.do?goodsNo=A000000111839&dispCatNo=90000010009&trackingCd=Best_Sellingbest&t_page=랭킹&t_click=판매랭킹_리빙/펫_상품상세&t_number=63
리빙/펫,64,송월타올,송월타월 호텔수건 라운드 190g  5매 6칼라중 택1,https://www.oliveyoung.co.kr/store/goods/getGoodsDetail.do?goodsNo=B000000140970&dispCatNo=90000010009&trackingCd=Best_Sellingbest&t_page=랭킹&t_click=판매랭킹_리빙/펫_상품상세&t_number=64
리빙/펫,65,페브리즈,페브리즈 섬유탈취제 항균플러스 용기형 370ml2종 택 1,https://www.oliveyoung.co.kr/store/goods/getGoodsDetail.do?goodsNo=A000000152816&dispCatNo=90000010009&trackingCd=Best_Sellingbest&t_page=랭킹&t_click=판매랭킹_리빙/펫_상품상세&t_number=65
리빙/펫,66,더블유드레스룸,W.DRESSROOM 드레스퍼퓸 시즌3 80ml/160ml 6종 택1,https://www.oliveyoung.co.kr/store/goods/getGoodsDetail.do?goodsNo=A000000189285&dispCatNo=90000010009&trackingCd=Best_Sellingbest&t_page=랭킹&t_click=판매랭킹_리빙/펫_상품상세&t_number=66
리빙/펫,67,페브리즈,[오영주 PICK/안개분사] 페브리즈 프로퀵 드라이젯섬유탈취제 320mL (클린코튼솝/화이트머스크),https://www.oliveyoung.co.kr/store/goods/getGoodsDetail.do?goodsNo=A000000203998&dispCatNo=90000010009&trackingCd=Best_Sellingbest&t_page=랭킹&t_click=판매랭킹_리빙/펫_상품상세&t_number=67
리빙/펫,68,아로마티카,[선물추천] 아로마티카 마인드풀니스 디퓨징 오일 25ml & 스톤 세트,https://www.oliveyoung.co.kr/store/goods/getGoodsDetail.do?goodsNo=A000000186838&dispCatNo=90000010009&trackingCd=Best_Sellingbest&t_page=랭킹&t_click=판매랭킹_리빙/펫_상품상세&t_number=68
리빙/펫,69,메르디센트,메르디센트 퍼퓸 디퓨저 기획 2종 택1 (디퓨저150ml+리필150ml+리드10개),https://www.oliveyoung.co.kr/store/goods/getGoodsDetail.do?goodsNo=A000000154573&dispCatNo=90000010009&trackingCd=Best_Sellingbest&t_page=랭킹&t_click=판매랭킹_리빙/펫_상품상세&t_number=69
리빙/펫,70,푸푸리,푸푸리 오리지널 시트러스 1.4 oz,https://www.oliveyoung.co.kr/store/goods/getGoodsDetail.do?goodsNo=A000000015862&dispCatNo=90000010009&trackingCd=Best_Sellingbest&t_page=랭킹&t_click=판매랭킹_리빙/펫_상품상세&t_number=70
리빙/펫,71,바디럽,퓨어썸 비밀 필터+비밀 스파 필터(10종 택2)(비타민+밀크+유황)(샤워기교체없이 사용),https://www.oliveyoung.co.kr/store/goods/getGoodsDetail.do?goodsNo=B000000183901&dispCatNo=90000010009&trackingCd=Best_Sellingbest&t_page=랭킹&t_click=판매랭킹_리빙/펫_상품상세&t_number=71
리빙/펫,72,페브리즈,[강력 탈취] 페브리즈 섬유탈취제 다우니향 370ml,https://www.oliveyoung.co.kr/store/goods/getGoodsDetail.do?goodsNo=A000000147090&dispCatNo=90000010009&trackingCd=Best_Sellingbest&t_page=랭킹&t_click=판매랭킹_리빙/펫_상품상세&t_number=72
리빙/펫,73,바디럽,바디럽 퓨어썸 샤워기,https://www.oliveyoung.co.kr/store/goods/getGoodsDetail.do?goodsNo=A000000113585&dispCatNo=90000010009&trackingCd=Best_Sellingbest&t_page=랭킹&t_click=판매랭킹_리빙/펫_상품상세&t_number=73
리빙/펫,74,크리넥스,크리넥스 마이비데 클린케어 10매,https://www.oliveyoung.co.kr/store/goods/getGoodsDetail.do?goodsNo=A000000201003&dispCatNo=90000010009&trackingCd=Best_Sellingbest&t_page=랭킹&t_click=판매랭킹_리빙/펫_상품상세&t_number=74
리빙/펫,75,바잇미,바잇미 강아지 건강간식 슬림 디톡스틱,https://www.oliveyoung.co.kr/store/goods/getGoodsDetail.do?goodsNo=B000000181623&dispCatNo=90000010009&trackingCd=Best_Sellingbest&t_page=랭킹&t_click=판매랭킹_리빙/펫_상품상세&t_number=75
리빙/펫,76,마이달리아,마이달리아 패브릭포켓퍼퓸 6종 택1,https://www.oliveyoung.co.kr/store/goods/getGoodsDetail.do?goodsNo=A000000152955&dispCatNo=90000010009&trackingCd=Best_Sellingbest&t_page=랭킹&t_click=판매랭킹_리빙/펫_상품상세&t_number=76
리빙/펫,77,바디럽,[베스트/여행필수품] 퓨어썸 여행용 미니 필터 샤워기+필터 세트 모음 (베이직/프로/미니비타필터 택1),https://www.oliveyoung.co.kr/store/goods/getGoodsDetail.do?goodsNo=B000000186017&dispCatNo=90000010009&trackingCd=Best_Sellingbest&t_page=랭킹&t_click=판매랭킹_리빙/펫_상품상세&t_number=77
리빙/펫,78,닥터츄르,닥터츄르 3종 택1,https://www.oliveyoung.co.kr/store/goods/getGoodsDetail.do?goodsNo=A000000129652&dispCatNo=90000010009&trackingCd=Best_Sellingbest&t_page=랭킹&t_click=판매랭킹_리빙/펫_상품상세&t_number=78
리빙/펫,79,바잇미,바잇미 구강 유산균 오랄이펙트 프로바이오틱스,https://www.oliveyoung.co.kr/store/goods/getGoodsDetail.do?goodsNo=B000000189763&dispCatNo=90000010009&trackingCd=Best_Sellingbest&t_page=랭킹&t_click=판매랭킹_리빙/펫_상품상세&t_number=79
리빙/펫,80,그린핑거,[업체배송] 그린핑거 손소독 물티슈 20매X10팩,https://www.oliveyoung.co.kr/store/goods/getGoodsDetail.do?goodsNo=B000000137598&dispCatNo=90000010009&trackingCd=Best_Sellingbest&t_page=랭킹&t_click=판매랭킹_리빙/펫_상품상세&t_number=80
리빙/펫,81,크리넥스,크리넥스 수앤수 20매 카카오,https://www.oliveyoung.co.kr/store/goods/getGoodsDetail.do?goodsNo=A000000104022&dispCatNo=90000010009&trackingCd=Best_Sellingbest&t_page=랭킹&t_click=판매랭킹_리빙/펫_상품상세&t_number=81
리빙/펫,82,라운드어라운드,[오요우콜라보]라운드어라운드 편백 클린 스프레이 160ml 기획 [편백나무 숲],https://www.oliveyoung.co.kr/store/goods/getGoodsDetail.do?goodsNo=A000000204421&dispCatNo=90000010009&trackingCd=Best_Sellingbest&t_page=랭킹&t_click=판매랭킹_리빙/펫_상품상세&t_number=82
리빙/펫,83,멈칫,멈칫 바이오톡스 디퓨저 2개입 12종 택1,https://www.oliveyoung.co.kr/store/goods/getGoodsDetail.do?goodsNo=A000000160012&dispCatNo=90000010009&trackingCd=Best_Sellingbest&t_page=랭킹&t_click=판매랭킹_리빙/펫_상품상세&t_number=83
리빙/펫,84,르셀르,[NEW]르셀르 더 우드 19 퍼퓸드 샤쉐 30g,https://www.oliveyoung.co.kr/store/goods/getGoodsDetail.do?goodsNo=A000000189287&dispCatNo=90000010009&trackingCd=Best_Sellingbest&t_page=랭킹&t_click=판매랭킹_리빙/펫_상품상세&t_number=84
리빙/펫,85,라운드어라운드,[NEW향추가] 라운드어라운드 선인장 디퓨저 4종 택1,https://www.oliveyoung.co.kr/store/goods/getGoodsDetail.do?goodsNo=A000000164875&dispCatNo=90000010009&trackingCd=Best_Sellingbest&t_page=랭킹&t_click=판매랭킹_리빙/펫_상품상세&t_number=85
리빙/펫,86,템포,템포 티슈 10매,https://www.oliveyoung.co.kr/store/goods/getGoodsDetail.do?goodsNo=A000000115082&dispCatNo=90000010009&trackingCd=Best_Sellingbest&t_page=랭킹&t_click=판매랭킹_리빙/펫_상품상세&t_number=86
리빙/펫,87,홈스타,SAFE 산소발포 텀블러 클리너,https://www.oliveyoung.co.kr/store/goods/getGoodsDetail.do?goodsNo=A000000128297&dispCatNo=90000010009&trackingCd=Best_Sellingbest&t_page=랭킹&t_click=판매랭킹_리빙/펫_상품상세&t_number=87
리빙/펫,88,바디럽,[교체필터] 퓨어썸 파라맥스 플레인 비타필터 3개,https://www.oliveyoung.co.kr/store/goods/getGoodsDetail.do?goodsNo=B000000183911&dispCatNo=90000010009&trackingCd=Best_Sellingbest&t_page=랭킹&t_click=판매랭킹_리빙/펫_상품상세&t_number=88
리빙/펫,89,톤28,톤28)유기농 설거지바 3개입(+1개랜덤증정) 4종 택1,https://www.oliveyoung.co.kr/store/goods/getGoodsDetail.do?goodsNo=B000000146960&dispCatNo=90000010009&trackingCd=Best_Sellingbest&t_page=랭킹&t_click=판매랭킹_리빙/펫_상품상세&t_number=89
리빙/펫,90,생활공작소,생활공작소 베이킹소다 물티슈 70매 6개,https://www.oliveyoung.co.kr/store/goods/getGoodsDetail.do?goodsNo=B000000185989&dispCatNo=90000010009&trackingCd=Best_Sellingbest&t_page=랭킹&t_click=판매랭킹_리빙/펫_상품상세&t_number=90
리빙/펫,91,생활공작소,생활공작소 베이킹소다 냉장고탈취제 500g 5개,https://www.oliveyoung.co.kr/store/goods/getGoodsDetail.do?goodsNo=B000000188017&dispCatNo=90000010009&trackingCd=Best_Sellingbest&t_page=랭킹&t_click=판매랭킹_리빙/펫_상품상세&t_number=91
리빙/펫,92,바잇미,바잇미 서포트츄 이뮤니티 플러스 면역영양제,https://www.oliveyoung.co.kr/store/goods/getGoodsDetail.do?goodsNo=B000000169177&dispCatNo=90000010009&trackingCd=Best_Sellingbest&t_page=랭킹&t_click=판매랭킹_리빙/펫_상품상세&t_number=92
리빙/펫,93,바잇미,바잇미 서포트츄 비전 플러스 눈 영양제 (비오바이츠 연어 샘플 증정),https://www.oliveyoung.co.kr/store/goods/getGoodsDetail.do?goodsNo=B000000181622&dispCatNo=90000010009&trackingCd=Best_Sellingbest&t_page=랭킹&t_click=판매랭킹_리빙/펫_상품상세&t_number=93
리빙/펫,94,라브아,라브아 퍼퓸 제습제 2종 택1,https://www.oliveyoung.co.kr/store/goods/getGoodsDetail.do?goodsNo=A000000206030&dispCatNo=90000010009&trackingCd=Best_Sellingbest&t_page=랭킹&t_click=판매랭킹_리빙/펫_상품상세&t_number=94
리빙/펫,95,생활공작소,생활공작소 제습제 스탠드형 대용량 250g 16개,https://www.oliveyoung.co.kr/store/goods/getGoodsDetail.do?goodsNo=B000000185998&dispCatNo=90000010009&trackingCd=Best_Sellingbest&t_page=랭킹&t_click=판매랭킹_리빙/펫_상품상세&t_number=95
리빙/펫,96,생활공작소,생활공작소 양면 고리 망사 수세미 4개입 2개,https://www.oliveyoung.co.kr/store/goods/getGoodsDetail.do?goodsNo=B000000186513&dispCatNo=90000010009&trackingCd=Best_Sellingbest&t_page=랭킹&t_click=판매랭킹_리빙/펫_상품상세&t_number=96
리빙/펫,97,헤트라스,[1+1] 헤트라스 프리미엄 대용량 디퓨저 플라워샵향 500ml 2개입,https://www.oliveyoung.co.kr/store/goods/getGoodsDetail.do?goodsNo=A000000169562&dispCatNo=90000010009&trackingCd=Best_Sellingbest&t_page=랭킹&t_click=판매랭킹_리빙/펫_상품상세&t_number=97
리빙/펫,98,크리넥스,크리넥스 마이비데 클린케어 46매x8팩+용기SET,https://www.oliveyoung.co.kr/store/goods/getGoodsDetail.do?goodsNo=B000000138048&dispCatNo=90000010009&trackingCd=Best_Sellingbest&t_page=랭킹&t_click=판매랭킹_리빙/펫_상품상세&t_number=98
리빙/펫,99,크리넥스,크리넥스 실크소프트 각티슈 미용휴지 250X6개입,https://www.oliveyoung.co.kr/store/goods/getGoodsDetail.do?goodsNo=B000000134971&dispCatNo=90000010009&trackingCd=Best_Sellingbest&t_page=랭킹&t_click=판매랭킹_리빙/펫_상품상세&t_number=99
리빙/펫,100,프로쉬,프로쉬 고농축 세탁세제 1.5L (액상형),https://www.oliveyoung.co.kr/store/goods/getGoodsDetail.do?goodsNo=B000000170340&dispCatNo=90000010009&trackingCd=Best_Sellingbest&t_page=랭킹&t_click=판매랭킹_리빙/펫_상품상세&t_number=100
취미/팬시,1,알로,"알로코리아 일체형 C타입 8핀 거치대 미니 도킹형 보조배터리 allo 500D 5,000mAh",https://www.oliveyoung.co.kr/store/goods/getGoodsDetail.do?goodsNo=A000000187875&dispCatNo=90000010009&trackingCd=Best_Sellingbest&t_page=랭킹&t_click=판매랭킹_취미/팬시_상품상세&t_number=1
취미/팬시,2,로이체,로이체 스마트스크롤 하프 버티컬 인체공학 멀티페어링 무선 마우스 RX-900S,https://www.oliveyoung.co.kr/store/goods/getGoodsDetail.do?goodsNo=B000000204398&dispCatNo=90000010009&trackingCd=Best_Sellingbest&t_page=랭킹&t_click=판매랭킹_취미/팬시_상품상세&t_number=2
취미/팬시,3,알로,"알로 3포트 대용량 무선 고속충전 보조배터리 allo2000WPD [20,000mAh]",https://www.oliveyoung.co.kr/store/goods/getGoodsDetail.do?goodsNo=B000000187572&dispCatNo=90000010009&trackingCd=Best_Sellingbest&t_page=랭킹&t_click=판매랭킹_취미/팬시_상품상세&t_number=3
취미/팬시,4,올리브영,초경량 UV 우양산 (네이비/우산겸용 양산),https://www.oliveyoung.co.kr/store/goods/getGoodsDetail.do?goodsNo=A000000127067&dispCatNo=90000010009&trackingCd=Best_Sellingbest&t_page=랭킹&t_click=판매랭킹_취미/팬시_상품상세&t_number=4
취미/팬시,5,알로,알로 3IN1 애플워치 갤럭시워치 고속 무선 충전기 allo UC320W,https://www.oliveyoung.co.kr/store/goods/getGoodsDetail.do?goodsNo=B000000187576&dispCatNo=90000010009&trackingCd=Best_Sellingbest&t_page=랭킹&t_click=판매랭킹_취미/팬시_상품상세&t_number=5
취미/팬시,6,웰릭스,초경량 보조배터리 5000mAh,https://www.oliveyoung.co.kr/store/goods/getGoodsDetail.do?goodsNo=A000000136925&dispCatNo=90000010009&trackingCd=Best_Sellingbest&t_page=랭킹&t_click=판매랭킹_취미/팬시_상품상세&t_number=6
취미/팬시,7,올리브영,초경량 UV 우양산 (민트/우산겸용 양산),https://www.oliveyoung.co.kr/store/goods/getGoodsDetail.do?goodsNo=A000000127074&dispCatNo=90000010009&trackingCd=Best_Sellingbest&t_page=랭킹&t_click=판매랭킹_취미/팬시_상품상세&t_number=7
취미/팬시,8,올리브영,초경량 UV 우양산 핑크 (우산겸용 양산),https://www.oliveyoung.co.kr/store/goods/getGoodsDetail.do?goodsNo=A000000127079&dispCatNo=90000010009&trackingCd=Best_Sellingbest&t_page=랭킹&t_click=판매랭킹_취미/팬시_상품상세&t_number=8
취미/팬시,9,텐바이텐,텐바이텐 산리오 틴케이스 스티커팩 (마이멜로디/쿠로미/시나모롤/포차코/폼폼푸린),https://www.oliveyoung.co.kr/store/goods/getGoodsDetail.do?goodsNo=A000000194299&dispCatNo=90000010009&trackingCd=Best_Sellingbest&t_page=랭킹&t_click=판매랭킹_취미/팬시_상품상세&t_number=9
취미/팬시,10,코지모지,코지모지 For You 버니 키링 엽서 5종 택1,https://www.oliveyoung.co.kr/store/goods/getGoodsDetail.do?goodsNo=B000000201574&dispCatNo=90000010009&trackingCd=Best_Sellingbest&t_page=랭킹&t_click=판매랭킹_취미/팬시_상품상세&t_number=10
취미/팬시,11,웰릭스,C-Type 고속충전케이블,https://www.oliveyoung.co.kr/store/goods/getGoodsDetail.do?goodsNo=A000000151147&dispCatNo=90000010009&trackingCd=Best_Sellingbest&t_page=랭킹&t_click=판매랭킹_취미/팬시_상품상세&t_number=11
취미/팬시,12,텐바이텐,텐바이텐 산리오 Y2K 핸드폰 키링 (마이멜로디/쿠로미/시나모롤/포차코),https://www.oliveyoung.co.kr/store/goods/getGoodsDetail.do?goodsNo=A000000194539&dispCatNo=90000010009&trackingCd=Best_Sellingbest&t_page=랭킹&t_click=판매랭킹_취미/팬시_상품상세&t_number=12
취미/팬시,13,인스탁스,인스탁스 미니필름 스퀘어필름 40장 세트 (+스티커 증정),https://www.oliveyoung.co.kr/store/goods/getGoodsDetail.do?goodsNo=B000000170306&dispCatNo=90000010009&trackingCd=Best_Sellingbest&t_page=랭킹&t_click=판매랭킹_취미/팬시_상품상세&t_number=13
취미/팬시,14,인스탁스,인스탁스 미니90 즉석카메라 올리브영 단독 기획세트,https://www.oliveyoung.co.kr/store/goods/getGoodsDetail.do?goodsNo=B000000171573&dispCatNo=90000010009&trackingCd=Best_Sellingbest&t_page=랭킹&t_click=판매랭킹_취미/팬시_상품상세&t_number=14
취미/팬시,15,올리브영,올리브영 수동3단우산(블랙),https://www.oliveyoung.co.kr/store/goods/getGoodsDetail.do?goodsNo=A000000009749&dispCatNo=90000010009&trackingCd=Best_Sellingbest&t_page=랭킹&t_click=판매랭킹_취미/팬시_상품상세&t_number=15
취미/팬시,16,윙블링,윙블링 14kGold 몽드 원터치 링귀걸이 2color 8종 택1 (주문제작),https://www.oliveyoung.co.kr/store/goods/getGoodsDetail.do?goodsNo=B000000160268&dispCatNo=90000010009&trackingCd=Best_Sellingbest&t_page=랭킹&t_click=판매랭킹_취미/팬시_상품상세&t_number=16
취미/팬시,17,모락,모락 캔디젤리 USB C타입 고속충전케이블 4개입,https://www.oliveyoung.co.kr/store/goods/getGoodsDetail.do?goodsNo=A000000155438&dispCatNo=90000010009&trackingCd=Best_Sellingbest&t_page=랭킹&t_click=판매랭킹_취미/팬시_상품상세&t_number=17
취미/팬시,18,인스탁스,인스탁스 미니12 즉석카메라 올리브영 단독 기획세트,https://www.oliveyoung.co.kr/store/goods/getGoodsDetail.do?goodsNo=B000000185820&dispCatNo=90000010009&trackingCd=Best_Sellingbest&t_page=랭킹&t_click=판매랭킹_취미/팬시_상품상세&t_number=18
취미/팬시,19,알로,알로 5포트 멀티충전기 allo UC401,https://www.oliveyoung.co.kr/store/goods/getGoodsDetail.do?goodsNo=B000000160118&dispCatNo=90000010009&trackingCd=Best_Sellingbest&t_page=랭킹&t_click=판매랭킹_취미/팬시_상품상세&t_number=19
취미/팬시,20,모락,모락 캔디젤리 USB 라이트닝 8핀 고속충전케이블 4개입,https://www.oliveyoung.co.kr/store/goods/getGoodsDetail.do?goodsNo=A000000155440&dispCatNo=90000010009&trackingCd=Best_Sellingbest&t_page=랭킹&t_click=판매랭킹_취미/팬시_상품상세&t_number=20
취미/팬시,21,윙블링,윙블링 14kGold 페넬 원터치 링 귀걸이 (주문제작),https://www.oliveyoung.co.kr/store/goods/getGoodsDetail.do?goodsNo=B000000161390&dispCatNo=90000010009&trackingCd=Best_Sellingbest&t_page=랭킹&t_click=판매랭킹_취미/팬시_상품상세&t_number=21
취미/팬시,22,송월타올,송월 SW 장 곡자 컬러무지 60 우산 5종 택1,https://www.oliveyoung.co.kr/store/goods/getGoodsDetail.do?goodsNo=B000000141902&dispCatNo=90000010009&trackingCd=Best_Sellingbest&t_page=랭킹&t_click=판매랭킹_취미/팬시_상품상세&t_number=22
취미/팬시,23,윙블링,윙블링 14kGold 한쪽 데일리 플랫 원터치 링귀걸이 3color (주문제작),https://www.oliveyoung.co.kr/store/goods/getGoodsDetail.do?goodsNo=B000000165739&dispCatNo=90000010009&trackingCd=Best_Sellingbest&t_page=랭킹&t_click=판매랭킹_취미/팬시_상품상세&t_number=23
취미/팬시,24,알로,"알로 대용량 멀티충전 고속 보조배터리 allo3000PD [30,000mAh]",https://www.oliveyoung.co.kr/store/goods/getGoodsDetail.do?goodsNo=B000000187573&dispCatNo=90000010009&trackingCd=Best_Sellingbest&t_page=랭킹&t_click=판매랭킹_취미/팬시_상품상세&t_number=24
취미/팬시,25,코지모지,코지모지 어글리버드 키링 5종 택1,https://www.oliveyoung.co.kr/store/goods/getGoodsDetail.do?goodsNo=B000000201426&dispCatNo=90000010009&trackingCd=Best_Sellingbest&t_page=랭킹&t_click=판매랭킹_취미/팬시_상품상세&t_number=25
취미/팬시,26,코지모지,코지모지 미니버드 키링 16종 택1,https://www.oliveyoung.co.kr/store/goods/getGoodsDetail.do?goodsNo=B000000201149&dispCatNo=90000010009&trackingCd=Best_Sellingbest&t_page=랭킹&t_click=판매랭킹_취미/팬시_상품상세&t_number=26
취미/팬시,27,알로,알로코리아 2포트 USB 고속 충전기,https://www.oliveyoung.co.kr/store/goods/getGoodsDetail.do?goodsNo=A000000151343&dispCatNo=90000010009&trackingCd=Best_Sellingbest&t_page=랭킹&t_click=판매랭킹_취미/팬시_상품상세&t_number=27
취미/팬시,28,쓰리엠,3M 이어플러그 팬시네온(리필),https://www.oliveyoung.co.kr/store/goods/getGoodsDetail.do?goodsNo=A000000191463&dispCatNo=90000010009&trackingCd=Best_Sellingbest&t_page=랭킹&t_click=판매랭킹_취미/팬시_상품상세&t_number=28
취미/팬시,29,올리브영,올리브영 수동3단우산(네이비),https://www.oliveyoung.co.kr/store/goods/getGoodsDetail.do?goodsNo=A000000009744&dispCatNo=90000010009&trackingCd=Best_Sellingbest&t_page=랭킹&t_click=판매랭킹_취미/팬시_상품상세&t_number=29
취미/팬시,30,젤리크루,젤리크루 비치타올 2종 택1,https://www.oliveyoung.co.kr/store/goods/getGoodsDetail.do?goodsNo=B000000205270&dispCatNo=90000010009&trackingCd=Best_Sellingbest&t_page=랭킹&t_click=판매랭킹_취미/팬시_상품상세&t_number=30
취미/팬시,31,윙블링,14k post 델로 진주 원터치 링귀걸이 (주문제작),https://www.oliveyoung.co.kr/store/goods/getGoodsDetail.do?goodsNo=B000000203229&dispCatNo=90000010009&trackingCd=Best_Sellingbest&t_page=랭킹&t_click=판매랭킹_취미/팬시_상품상세&t_number=31
취미/팬시,32,로이체,로이체 산리오 캐릭터즈 C타입 USB SD TF 멀티허브 3종 중 택1(마이멜로디/시나모롤/쿠로미),https://www.oliveyoung.co.kr/store/goods/getGoodsDetail.do?goodsNo=B000000192134&dispCatNo=90000010009&trackingCd=Best_Sellingbest&t_page=랭킹&t_click=판매랭킹_취미/팬시_상품상세&t_number=32
취미/팬시,33,텐바이텐,텐바이텐 산리오 택배칼 (헬로키티/마이멜로디/폼폼푸린),https://www.oliveyoung.co.kr/store/goods/getGoodsDetail.do?goodsNo=A000000194279&dispCatNo=90000010009&trackingCd=Best_Sellingbest&t_page=랭킹&t_click=판매랭킹_취미/팬시_상품상세&t_number=33
취미/팬시,34,닌텐도,닌텐도 스위치 타이틀 뉴 슈퍼 마리오 브라더스 U 디럭스 (온),https://www.oliveyoung.co.kr/store/goods/getGoodsDetail.do?goodsNo=B000000186479&dispCatNo=90000010009&trackingCd=Best_Sellingbest&t_page=랭킹&t_click=판매랭킹_취미/팬시_상품상세&t_number=34
취미/팬시,35,송월타올,송월 우산 CM 3단 거꾸로 안전우산 검정 1,https://www.oliveyoung.co.kr/store/goods/getGoodsDetail.do?goodsNo=B000000152397&dispCatNo=90000010009&trackingCd=Best_Sellingbest&t_page=랭킹&t_click=판매랭킹_취미/팬시_상품상세&t_number=35
취미/팬시,36,닌텐도,닌텐도 스위치 타이틀 닌텐도 스위치 스포츠,https://www.oliveyoung.co.kr/store/goods/getGoodsDetail.do?goodsNo=B000000165013&dispCatNo=90000010009&trackingCd=Best_Sellingbest&t_page=랭킹&t_click=판매랭킹_취미/팬시_상품상세&t_number=36
취미/팬시,37,더나인몰,pattern bad puppy outfits 맥세이프 보조배터리 5000 아이폰 무선 충전,https://www.oliveyoung.co.kr/store/goods/getGoodsDetail.do?goodsNo=B000000202814&dispCatNo=90000010009&trackingCd=Best_Sellingbest&t_page=랭킹&t_click=판매랭킹_취미/팬시_상품상세&t_number=37
취미/팬시,38,비하겐,비하겐 ZETTA 25W GaN PD PPS 멀티 고속 충전기 (2포트),https://www.oliveyoung.co.kr/store/goods/getGoodsDetail.do?goodsNo=A000000188623&dispCatNo=90000010009&trackingCd=Best_Sellingbest&t_page=랭킹&t_click=판매랭킹_취미/팬시_상품상세&t_number=38
취미/팬시,39,스노우폭스 플라워,스노우폭스 공기 정화 식물 파키라 모던 (택배/퀵),https://www.oliveyoung.co.kr/store/goods/getGoodsDetail.do?goodsNo=B000000175762&dispCatNo=90000010009&trackingCd=Best_Sellingbest&t_page=랭킹&t_click=판매랭킹_취미/팬시_상품상세&t_number=39
취미/팬시,40,웰릭스,8핀 고속충전케이블,https://www.oliveyoung.co.kr/store/goods/getGoodsDetail.do?goodsNo=A000000151149&dispCatNo=90000010009&trackingCd=Best_Sellingbest&t_page=랭킹&t_click=판매랭킹_취미/팬시_상품상세&t_number=40
취미/팬시,41,로이체,로이체 충전식 휴대용 블루투스 무선 키보드 KT5 PRO (펜타그래프 타입) 2color(블랙/화이트),https://www.oliveyoung.co.kr/store/goods/getGoodsDetail.do?goodsNo=B000000204390&dispCatNo=90000010009&trackingCd=Best_Sellingbest&t_page=랭킹&t_click=판매랭킹_취미/팬시_상품상세&t_number=41
취미/팬시,42,텐바이텐,텐바이텐 산리오 마이레터 6공 다이어리 (마이멜로디/쿠로미/시나모롤/포차코),https://www.oliveyoung.co.kr/store/goods/getGoodsDetail.do?goodsNo=A000000194106&dispCatNo=90000010009&trackingCd=Best_Sellingbest&t_page=랭킹&t_click=판매랭킹_취미/팬시_상품상세&t_number=42
취미/팬시,43,국제전자통신,"스마텍 2WAY 일체형 보조배터리 5,000mAh STPB-DB5",https://www.oliveyoung.co.kr/store/goods/getGoodsDetail.do?goodsNo=B000000188136&dispCatNo=90000010009&trackingCd=Best_Sellingbest&t_page=랭킹&t_click=판매랭킹_취미/팬시_상품상세&t_number=43
취미/팬시,44,로이체,로이체 버티컬 무선 마우스 RX-800V 3color(화이트/블랙/그레이),https://www.oliveyoung.co.kr/store/goods/getGoodsDetail.do?goodsNo=B000000204395&dispCatNo=90000010009&trackingCd=Best_Sellingbest&t_page=랭킹&t_click=판매랭킹_취미/팬시_상품상세&t_number=44
취미/팬시,45,텐바이텐,텐바이텐 산리오 Y2K 핸드폰 스티커 (마이멜로디/쿠로미/시나모롤/포차코),https://www.oliveyoung.co.kr/store/goods/getGoodsDetail.do?goodsNo=A000000194459&dispCatNo=90000010009&trackingCd=Best_Sellingbest&t_page=랭킹&t_click=판매랭킹_취미/팬시_상품상세&t_number=45
취미/팬시,46,삼지,카멜마운트 싱글 모니터암 거치대 BMA-2,https://www.oliveyoung.co.kr/store/goods/getGoodsDetail.do?goodsNo=B000000147470&dispCatNo=90000010009&trackingCd=Best_Sellingbest&t_page=랭킹&t_click=판매랭킹_취미/팬시_상품상세&t_number=46
취미/팬시,47,로이체,로이체 산리오 차량용 주차 번호판 2종 중 택1(쿠로미/시나모롤),https://www.oliveyoung.co.kr/store/goods/getGoodsDetail.do?goodsNo=B000000192141&dispCatNo=90000010009&trackingCd=Best_Sellingbest&t_page=랭킹&t_click=판매랭킹_취미/팬시_상품상세&t_number=47
취미/팬시,48,비하겐,비하겐 ZETTA 30W GaN PD PPS 30W 멀티 고속 충전기 (2포트),https://www.oliveyoung.co.kr/store/goods/getGoodsDetail.do?goodsNo=A000000188624&dispCatNo=90000010009&trackingCd=Best_Sellingbest&t_page=랭킹&t_click=판매랭킹_취미/팬시_상품상세&t_number=48
취미/팬시,49,아이리버,아이리버 항균 Medic-EM3 컴팩트 무소음 무선 블루투스 버티컬 마우스 4color,https://www.oliveyoung.co.kr/store/goods/getGoodsDetail.do?goodsNo=B000000183292&dispCatNo=90000010009&trackingCd=Best_Sellingbest&t_page=랭킹&t_click=판매랭킹_취미/팬시_상품상세&t_number=49
취미/팬시,50,어프어프,SUNGLASSES CHICHI PATTERN-BLACK(11인치 패딩파우치),https://www.oliveyoung.co.kr/store/goods/getGoodsDetail.do?goodsNo=B000000103254&dispCatNo=90000010009&trackingCd=Best_Sellingbest&t_page=랭킹&t_click=판매랭킹_취미/팬시_상품상세&t_number=50
취미/팬시,51,송월타올,송월 우산 SW 3단 컬러 무지 우산 5color,https://www.oliveyoung.co.kr/store/goods/getGoodsDetail.do?goodsNo=B000000149702&dispCatNo=90000010009&trackingCd=Best_Sellingbest&t_page=랭킹&t_click=판매랭킹_취미/팬시_상품상세&t_number=51
취미/팬시,52,윙블링,윙블링 925실버 투라인 원터치 귀걸이 2color,https://www.oliveyoung.co.kr/store/goods/getGoodsDetail.do?goodsNo=B000000163665&dispCatNo=90000010009&trackingCd=Best_Sellingbest&t_page=랭킹&t_click=판매랭킹_취미/팬시_상품상세&t_number=52
취미/팬시,53,아이리버,아이리버 블루투스 겸용 무소음 무선 버티컬 마우스 EQwear-EV3 화이트,https://www.oliveyoung.co.kr/store/goods/getGoodsDetail.do?goodsNo=B000000145309&dispCatNo=90000010009&trackingCd=Best_Sellingbest&t_page=랭킹&t_click=판매랭킹_취미/팬시_상품상세&t_number=53
취미/팬시,54,아이리버,아이리버 블루투스 겸용 무소음 무선 버티컬 마우스 EQwear-EV3 블랙,https://www.oliveyoung.co.kr/store/goods/getGoodsDetail.do?goodsNo=B000000145311&dispCatNo=90000010009&trackingCd=Best_Sellingbest&t_page=랭킹&t_click=판매랭킹_취미/팬시_상품상세&t_number=54
취미/팬시,55,어프어프,어프어프 CUTE THINGS 아크릴스마트톡 모음전,https://www.oliveyoung.co.kr/store/goods/getGoodsDetail.do?goodsNo=B000000103269&dispCatNo=90000010009&trackingCd=Best_Sellingbest&t_page=랭킹&t_click=판매랭킹_취미/팬시_상품상세&t_number=55
취미/팬시,56,로이체,로이체 C타입 충전형 접이식 블루투스 키보드 (펜타그래프 타입) KT6 NEW FOLD,https://www.oliveyoung.co.kr/store/goods/getGoodsDetail.do?goodsNo=B000000204385&dispCatNo=90000010009&trackingCd=Best_Sellingbest&t_page=랭킹&t_click=판매랭킹_취미/팬시_상품상세&t_number=56
취미/팬시,57,윙블링,윙블링 925실버 워터드롭 목걸이,https://www.oliveyoung.co.kr/store/goods/getGoodsDetail.do?goodsNo=B000000154705&dispCatNo=90000010009&trackingCd=Best_Sellingbest&t_page=랭킹&t_click=판매랭킹_취미/팬시_상품상세&t_number=57
취미/팬시,58,아이리버,아이리버 무선 키보드 마우스 세트 EQwear-T30 2color,https://www.oliveyoung.co.kr/store/goods/getGoodsDetail.do?goodsNo=B000000183331&dispCatNo=90000010009&trackingCd=Best_Sellingbest&t_page=랭킹&t_click=판매랭킹_취미/팬시_상품상세&t_number=58
취미/팬시,59,로이체,로이체 피너츠 스누피 무선겸용 멀티페어링 블루투스 피규어 무선마우스 2023,https://www.oliveyoung.co.kr/store/goods/getGoodsDetail.do?goodsNo=B000000192241&dispCatNo=90000010009&trackingCd=Best_Sellingbest&t_page=랭킹&t_click=판매랭킹_취미/팬시_상품상세&t_number=59
취미/팬시,60,오아,오아 폴드 3in1 접이식 무선충전기,https://www.oliveyoung.co.kr/store/goods/getGoodsDetail.do?goodsNo=B000000204064&dispCatNo=90000010009&trackingCd=Best_Sellingbest&t_page=랭킹&t_click=판매랭킹_취미/팬시_상품상세&t_number=60
취미/팬시,61,어프어프,[어프어프X로렌정]하트 패드락-BLACK(웨이브라벨),https://www.oliveyoung.co.kr/store/goods/getGoodsDetail.do?goodsNo=B000000201626&dispCatNo=90000010009&trackingCd=Best_Sellingbest&t_page=랭킹&t_click=판매랭킹_취미/팬시_상품상세&t_number=61
취미/팬시,62,로이체,로이체 잔망루피 멀티페어링 블루투스 피규어 캐릭터 무선 마우스,https://www.oliveyoung.co.kr/store/goods/getGoodsDetail.do?goodsNo=B000000192179&dispCatNo=90000010009&trackingCd=Best_Sellingbest&t_page=랭킹&t_click=판매랭킹_취미/팬시_상품상세&t_number=62
취미/팬시,63,메이드모먼,오션팝 디자인 [맥세이프 보조배터리],https://www.oliveyoung.co.kr/store/goods/getGoodsDetail.do?goodsNo=B000000202850&dispCatNo=90000010009&trackingCd=Best_Sellingbest&t_page=랭킹&t_click=판매랭킹_취미/팬시_상품상세&t_number=63
취미/팬시,64,더나인몰,[맥세이프 아크릴스마트톡] dreamland gummy,https://www.oliveyoung.co.kr/store/goods/getGoodsDetail.do?goodsNo=B000000203460&dispCatNo=90000010009&trackingCd=Best_Sellingbest&t_page=랭킹&t_click=판매랭킹_취미/팬시_상품상세&t_number=64
취미/팬시,65,윙블링,윙블링 925실버 노아 데이지 반지,https://www.oliveyoung.co.kr/store/goods/getGoodsDetail.do?goodsNo=B000000170127&dispCatNo=90000010009&trackingCd=Best_Sellingbest&t_page=랭킹&t_click=판매랭킹_취미/팬시_상품상세&t_number=65
취미/팬시,66,로이체,로이체 산리오 캐릭터즈 블루투스 무선 멀티페어링 마우스 2종 중 택1 (마이멜로디/쿠로미),https://www.oliveyoung.co.kr/store/goods/getGoodsDetail.do?goodsNo=B000000192120&dispCatNo=90000010009&trackingCd=Best_Sellingbest&t_page=랭킹&t_click=판매랭킹_취미/팬시_상품상세&t_number=66
취미/팬시,67,로이체,로이체 피너츠 스누피 무선 겸용 블루투스 무소음 마우스 3종 중 택 1(바이올렛/핑크/베이지),https://www.oliveyoung.co.kr/store/goods/getGoodsDetail.do?goodsNo=B000000192242&dispCatNo=90000010009&trackingCd=Best_Sellingbest&t_page=랭킹&t_click=판매랭킹_취미/팬시_상품상세&t_number=67
취미/팬시,68,팬톤,"PANTONE PD충전 보조배터리 10,000mAh PGB-03 2종",https://www.oliveyoung.co.kr/store/goods/getGoodsDetail.do?goodsNo=A000000157733&dispCatNo=90000010009&trackingCd=Best_Sellingbest&t_page=랭킹&t_click=판매랭킹_취미/팬시_상품상세&t_number=68
취미/팬시,69,윙블링,윙블링 925실버 트윈 원터치 링귀걸이 2color,https://www.oliveyoung.co.kr/store/goods/getGoodsDetail.do?goodsNo=B000000154703&dispCatNo=90000010009&trackingCd=Best_Sellingbest&t_page=랭킹&t_click=판매랭킹_취미/팬시_상품상세&t_number=69
취미/팬시,70,웰릭스,인켈 18W C타입 고속충전기,https://www.oliveyoung.co.kr/store/goods/getGoodsDetail.do?goodsNo=A000000176872&dispCatNo=90000010009&trackingCd=Best_Sellingbest&t_page=랭킹&t_click=판매랭킹_취미/팬시_상품상세&t_number=70
취미/팬시,71,로이체,로이체 슬림 무선 키보드 마우스 세트 콤보 RX-3200 2color(블루/핑크),https://www.oliveyoung.co.kr/store/goods/getGoodsDetail.do?goodsNo=B000000204377&dispCatNo=90000010009&trackingCd=Best_Sellingbest&t_page=랭킹&t_click=판매랭킹_취미/팬시_상품상세&t_number=71
취미/팬시,72,알로,알로 차량용 무선 충전 거치대 allo CC115W,https://www.oliveyoung.co.kr/store/goods/getGoodsDetail.do?goodsNo=B000000187578&dispCatNo=90000010009&trackingCd=Best_Sellingbest&t_page=랭킹&t_click=판매랭킹_취미/팬시_상품상세&t_number=72
취미/팬시,73,더나인몰,[맥세이프 쿠션톡] teddy gummy,https://www.oliveyoung.co.kr/store/goods/getGoodsDetail.do?goodsNo=B000000202195&dispCatNo=90000010009&trackingCd=Best_Sellingbest&t_page=랭킹&t_click=판매랭킹_취미/팬시_상품상세&t_number=73
취미/팬시,74,QCY,QCY GaN PD 65W 미니 고속충전기 + 100W CtoC 1.2m 케이블 세트 (블랙/화이트),https://www.oliveyoung.co.kr/store/goods/getGoodsDetail.do?goodsNo=B000000198870&dispCatNo=90000010009&trackingCd=Best_Sellingbest&t_page=랭킹&t_click=판매랭킹_취미/팬시_상품상세&t_number=74
취미/팬시,75,YG PLUS,뉴진스(NewJeans)_2nd EP Get Up Bunny  Beach Bag ver. (3종 랜덤),https://www.oliveyoung.co.kr/store/goods/getGoodsDetail.do?goodsNo=B000000198935&dispCatNo=90000010009&trackingCd=Best_Sellingbest&t_page=랭킹&t_click=판매랭킹_취미/팬시_상품상세&t_number=75
취미/팬시,76,윙블링,윙블링 925실버 마리떼 원터치 링귀걸이,https://www.oliveyoung.co.kr/store/goods/getGoodsDetail.do?goodsNo=B000000157207&dispCatNo=90000010009&trackingCd=Best_Sellingbest&t_page=랭킹&t_click=판매랭킹_취미/팬시_상품상세&t_number=76
취미/팬시,77,어프어프,POPO(인형키링),https://www.oliveyoung.co.kr/store/goods/getGoodsDetail.do?goodsNo=B000000103291&dispCatNo=90000010009&trackingCd=Best_Sellingbest&t_page=랭킹&t_click=판매랭킹_취미/팬시_상품상세&t_number=77
취미/팬시,78,젤리크루,젤리크루 망상리토끼들_페어리테일 만년 다이어리,https://www.oliveyoung.co.kr/store/goods/getGoodsDetail.do?goodsNo=B000000192275&dispCatNo=90000010009&trackingCd=Best_Sellingbest&t_page=랭킹&t_click=판매랭킹_취미/팬시_상품상세&t_number=78
취미/팬시,79,단순생활,단순생활 메쉬 파우치 블랙 (B5),https://www.oliveyoung.co.kr/store/goods/getGoodsDetail.do?goodsNo=B000000153589&dispCatNo=90000010009&trackingCd=Best_Sellingbest&t_page=랭킹&t_click=판매랭킹_취미/팬시_상품상세&t_number=79
취미/팬시,80,로이체,산리오 쿠로미 멜로디 생일초 MZ 케이크 토퍼 촛불 캐릭터 파티초 기획(파티초 + 매직안경),https://www.oliveyoung.co.kr/store/goods/getGoodsDetail.do?goodsNo=B000000192172&dispCatNo=90000010009&trackingCd=Best_Sellingbest&t_page=랭킹&t_click=판매랭킹_취미/팬시_상품상세&t_number=80
취미/팬시,81,로이체,로이체 무선 겸용 블루투스 마우스 RX-560 DUAL 2color(블랙/화이트),https://www.oliveyoung.co.kr/store/goods/getGoodsDetail.do?goodsNo=B000000204409&dispCatNo=90000010009&trackingCd=Best_Sellingbest&t_page=랭킹&t_click=판매랭킹_취미/팬시_상품상세&t_number=81
취미/팬시,82,메이드모먼,화이트 쉐입 레터링 디자인 [맥세이프 미러 스마트톡],https://www.oliveyoung.co.kr/store/goods/getGoodsDetail.do?goodsNo=B000000203393&dispCatNo=90000010009&trackingCd=Best_Sellingbest&t_page=랭킹&t_click=판매랭킹_취미/팬시_상품상세&t_number=82
취미/팬시,83,오첵,오첵 스트링파우치 복조리파우치 이너백 복주머니 면주머니,https://www.oliveyoung.co.kr/store/goods/getGoodsDetail.do?goodsNo=B000000200583&dispCatNo=90000010009&trackingCd=Best_Sellingbest&t_page=랭킹&t_click=판매랭킹_취미/팬시_상품상세&t_number=83
취미/팬시,84,윙블링,윙블링 사계(겨울) 2종 택1,https://www.oliveyoung.co.kr/store/goods/getGoodsDetail.do?goodsNo=A000000130626&dispCatNo=90000010009&trackingCd=Best_Sellingbest&t_page=랭킹&t_click=판매랭킹_취미/팬시_상품상세&t_number=84
취미/팬시,85,오첵,오첵 베스트위시 소원성취 100일 다이어리 (4종 택1),https://www.oliveyoung.co.kr/store/goods/getGoodsDetail.do?goodsNo=B000000200071&dispCatNo=90000010009&trackingCd=Best_Sellingbest&t_page=랭킹&t_click=판매랭킹_취미/팬시_상품상세&t_number=85
취미/팬시,86,텐바이텐,텐바이텐 파워퍼프걸 아크릴키링 (블로섬/버블/버터컵),https://www.oliveyoung.co.kr/store/goods/getGoodsDetail.do?goodsNo=A000000201397&dispCatNo=90000010009&trackingCd=Best_Sellingbest&t_page=랭킹&t_click=판매랭킹_취미/팬시_상품상세&t_number=86
취미/팬시,87,로이체,로이체 산리오 캐릭터즈 마우스 장패드 2종 중 택1(마이멜로디/쿠로미),https://www.oliveyoung.co.kr/store/goods/getGoodsDetail.do?goodsNo=B000000192122&dispCatNo=90000010009&trackingCd=Best_Sellingbest&t_page=랭킹&t_click=판매랭킹_취미/팬시_상품상세&t_number=87
취미/팬시,88,더나인몰,베이직 체커보드 라벨 [hard 에어팟케이스 시리즈],https://www.oliveyoung.co.kr/store/goods/getGoodsDetail.do?goodsNo=B000000202220&dispCatNo=90000010009&trackingCd=Best_Sellingbest&t_page=랭킹&t_click=판매랭킹_취미/팬시_상품상세&t_number=88
취미/팬시,89,윙블링,윙블링 라벤더블룸1 2종 택1,https://www.oliveyoung.co.kr/store/goods/getGoodsDetail.do?goodsNo=B000000151090&dispCatNo=90000010009&trackingCd=Best_Sellingbest&t_page=랭킹&t_click=판매랭킹_취미/팬시_상품상세&t_number=89
취미/팬시,90,더나인몰,[아크릴스마트톡] heart puppy candle,https://www.oliveyoung.co.kr/store/goods/getGoodsDetail.do?goodsNo=B000000202120&dispCatNo=90000010009&trackingCd=Best_Sellingbest&t_page=랭킹&t_click=판매랭킹_취미/팬시_상품상세&t_number=90
취미/팬시,91,오첵,오첵 완소최애 투명 포카홀더 키링세트,https://www.oliveyoung.co.kr/store/goods/getGoodsDetail.do?goodsNo=B000000205984&dispCatNo=90000010009&trackingCd=Best_Sellingbest&t_page=랭킹&t_click=판매랭킹_취미/팬시_상품상세&t_number=91
취미/팬시,92,윙블링,윙블링 별처럼빛나 2종 택1,https://www.oliveyoung.co.kr/store/goods/getGoodsDetail.do?goodsNo=B000000136509&dispCatNo=90000010009&trackingCd=Best_Sellingbest&t_page=랭킹&t_click=판매랭킹_취미/팬시_상품상세&t_number=92
취미/팬시,93,오첵,오첵 완소최애 포카 미니 탑로더,https://www.oliveyoung.co.kr/store/goods/getGoodsDetail.do?goodsNo=B000000205983&dispCatNo=90000010009&trackingCd=Best_Sellingbest&t_page=랭킹&t_click=판매랭킹_취미/팬시_상품상세&t_number=93
취미/팬시,94,어프어프,BEDDING OBJECT(맥세이프-카드지갑),https://www.oliveyoung.co.kr/store/goods/getGoodsDetail.do?goodsNo=B000000103294&dispCatNo=90000010009&trackingCd=Best_Sellingbest&t_page=랭킹&t_click=판매랭킹_취미/팬시_상품상세&t_number=94
취미/팬시,95,어프어프,[어프어프X쿵야]주먹밥쿵야(맥세이프-아크릴스마트톡),https://www.oliveyoung.co.kr/store/goods/getGoodsDetail.do?goodsNo=B000000103282&dispCatNo=90000010009&trackingCd=Best_Sellingbest&t_page=랭킹&t_click=판매랭킹_취미/팬시_상품상세&t_number=95
취미/팬시,96,어프어프,LUCKY CLOVER CHICHI(맥세이프-야광톡),https://www.oliveyoung.co.kr/store/goods/getGoodsDetail.do?goodsNo=B000000103296&dispCatNo=90000010009&trackingCd=Best_Sellingbest&t_page=랭킹&t_click=판매랭킹_취미/팬시_상품상세&t_number=96
취미/팬시,97,더나인몰,[미러 스마트톡] hey cat snowman,https://www.oliveyoung.co.kr/store/goods/getGoodsDetail.do?goodsNo=B000000202102&dispCatNo=90000010009&trackingCd=Best_Sellingbest&t_page=랭킹&t_click=판매랭킹_취미/팬시_상품상세&t_number=97
취미/팬시,98,오첵,오첵 마이 데일리 스크랩 아카이브 콜렉트북 (3종 택1),https://www.oliveyoung.co.kr/store/goods/getGoodsDetail.do?goodsNo=B000000200130&dispCatNo=90000010009&trackingCd=Best_Sellingbest&t_page=랭킹&t_click=판매랭킹_취미/팬시_상품상세&t_number=98
취미/팬시,99,윙블링,윙블링 925실버 베이직 큐빅 귀걸이 3종 택1,https://www.oliveyoung.co.kr/store/goods/getGoodsDetail.do?goodsNo=B000000168569&dispCatNo=90000010009&trackingCd=Best_Sellingbest&t_page=랭킹&t_click=판매랭킹_취미/팬시_상품상세&t_number=99
취미/팬시,100,단순생활,단순생활 메쉬 파우치 (A5),https://www.oliveyoung.co.kr/store/goods/getGoodsDetail.do?goodsNo=B000000153597&dispCatNo=90000010009&trackingCd=Best_Sellingbest&t_page=랭킹&t_click=판매랭킹_취미/팬시_상품상세&t_number=100
